AZ_TRO     000 TITLE
6000  5.00000e-03 0 0 -5.00000e-02  0.00000e+00  0.00000e+00  0.00000e+00
 -3.53797e-31 -2.46820e-25 -1.17731e-24 -3.24543e-24 -6.48632e-24 -9.87835e-24
 -1.06441e-23 -3.83467e-24  1.71364e-23  5.80714e-23  1.18802e-22  1.85086e-22
  2.19131e-22  1.53136e-22 -1.06113e-22 -6.50416e-22 -1.50985e-21 -2.55421e-21
 -3.36858e-21 -3.14522e-21 -6.74539e-22  5.44113e-21  1.62088e-20  3.11966e-20
  4.70458e-20  5.58403e-20  4.40309e-20 -6.90767e-21 -1.16514e-19 -2.96446e-19
 -5.35700e-19 -7.80798e-19 -9.14987e-19 -7.45070e-19 -9.64768e-21  1.57319e-18
  4.20007e-18  7.80624e-18  1.18243e-17  1.49139e-17  1.47432e-17  7.95618e-18
 -9.48977e-18 -4.14047e-17 -8.96802e-17 -1.51760e-16 -2.17413e-16 -2.65318e-16
 -2.60422e-16 -1.53596e-16  1.14418e-16  6.02498e-16  1.35000e-15  2.34773e-15
  3.49982e-15  4.57979e-15  5.18874e-15  4.72779e-15  2.40228e-15 -2.72055e-15
 -1.15768e-14 -2.48725e-14 -4.27359e-14 -6.42571e-14 -8.69361e-14 -1.06094e-13
 -1.14338e-13 -1.01219e-13 -5.32488e-14  4.54930e-14  2.11950e-13  4.61627e-13
  8.04889e-13  1.24190e-12  1.75618e-12  2.30701e-12  2.82099e-12  3.18349e-12
  3.23085e-12  2.74466e-12  1.44961e-12 -9.83343e-13 -4.92631e-12 -1.07744e-11
 -1.89142e-11 -2.96780e-11 -4.32833e-11 -5.97554e-11 -7.88319e-11 -9.98493e-11
 -1.21613e-10 -1.42250e-10 -1.59048e-10 -1.68285e-10 -1.65046e-10 -1.43045e-10
 -9.44393e-11 -9.65871e-12  1.22758e-10  3.16306e-10  5.86636e-10  9.51643e-10
  1.43153e-09  2.04883e-09  2.82839e-09  3.79729e-09  4.98478e-09  6.42210e-09
  8.14233e-09  1.01801e-08  1.25714e-08  1.53533e-08  1.85634e-08  2.22399e-08
  2.64208e-08  3.11438e-08  3.64458e-08  4.23625e-08  4.89282e-08  5.61750e-08
  6.41330e-08  7.28294e-08  8.22886e-08  9.25317e-08  1.03576e-07  1.15436e-07
  1.28120e-07  1.41634e-07  1.55979e-07  1.71152e-07  1.87142e-07  2.03938e-07
  2.21519e-07  2.39864e-07  2.58942e-07  2.78719e-07  2.99157e-07  3.20210e-07
  3.41827e-07  3.63954e-07  3.86529e-07  4.09485e-07  4.32751e-07  4.56250e-07
  4.79899e-07  5.03610e-07  5.27291e-07  5.50844e-07  5.74165e-07  5.97148e-07
  6.19680e-07  6.41645e-07  6.62920e-07  6.83382e-07  7.02901e-07  7.21345e-07
  7.38576e-07  7.54457e-07  7.68845e-07  7.81594e-07  7.92559e-07  8.01589e-07
  8.08534e-07  8.13243e-07  8.15561e-07  8.15336e-07  8.12412e-07  8.06636e-07
  7.97855e-07  7.85914e-07  7.70662e-07  7.51949e-07  7.29625e-07  7.03544e-07
  6.73561e-07  6.39534e-07  6.01326e-07  5.58799e-07  5.11824e-07  4.60273e-07
  4.04021e-07  3.42951e-07  2.76949e-07  2.05907e-07  1.29721e-07  4.82948e-08
 -3.84635e-08 -1.30638e-07 -2.28308e-07 -3.31542e-07 -4.40407e-07 -5.54958e-07
 -6.75243e-07 -8.01303e-07 -9.33170e-07 -1.07087e-06 -1.21441e-06 -1.36380e-06
 -1.51904e-06 -1.68011e-06 -1.84699e-06 -2.01964e-06 -2.19802e-06 -2.38207e-06
 -2.57173e-06 -2.76691e-06 -2.96753e-06 -3.17348e-06 -3.38465e-06 -3.60092e-06
 -3.82215e-06 -4.04819e-06 -4.27887e-06 -4.51402e-06 -4.75346e-06 -4.99698e-06
 -5.24437e-06 -5.49540e-06 -5.74984e-06 -6.00744e-06 -6.26792e-06 -6.53103e-06
 -6.79646e-06 -7.06391e-06 -7.33308e-06 -7.60364e-06 -7.87525e-06 -8.14757e-06
 -8.42022e-06 -8.69285e-06 -8.96507e-06 -9.23649e-06 -9.50670e-06 -9.77530e-06
 -1.00418e-05 -1.03059e-05 -1.05671e-05 -1.08249e-05 -1.10789e-05 -1.13286e-05
 -1.15736e-05 -1.18133e-05 -1.20474e-05 -1.22752e-05 -1.24963e-05 -1.27103e-05
 -1.29166e-05 -1.31146e-05 -1.33040e-05 -1.34842e-05 -1.36547e-05 -1.38150e-05
 -1.39645e-05 -1.41029e-05 -1.42295e-05 -1.43439e-05 -1.44456e-05 -1.45341e-05
 -1.46089e-05 -1.46695e-05 -1.47156e-05 -1.47465e-05 -1.47619e-05 -1.47613e-05
 -1.47443e-05 -1.47105e-05 -1.46594e-05 -1.45907e-05 -1.45040e-05 -1.43989e-05
 -1.42751e-05 -1.41323e-05 -1.39701e-05 -1.37883e-05 -1.35866e-05 -1.33647e-05
 -1.31224e-05 -1.28595e-05 -1.25758e-05 -1.22712e-05 -1.19455e-05 -1.15986e-05
 -1.12305e-05 -1.08410e-05 -1.04302e-05 -9.99801e-06 -9.54449e-06 -9.06970e-06
 -8.57371e-06 -8.05664e-06 -7.51861e-06 -6.95979e-06 -6.38037e-06 -5.78054e-06
 -5.16055e-06 -4.52063e-06 -3.86105e-06 -3.18210e-06 -2.48408e-06 -1.76730e-06
 -1.03208e-06 -2.78740e-07  4.92369e-07  1.28091e-06  2.08654e-06  2.90891e-06
  3.74767e-06  4.60248e-06  5.47300e-06  6.35886e-06  7.25974e-06  8.17528e-06
  9.10514e-06  1.00490e-05  1.10065e-05  1.19772e-05  1.29608e-05  1.39570e-05
  1.49654e-05  1.59855e-05  1.70170e-05  1.80595e-05  1.91124e-05  2.01754e-05
  2.12479e-05  2.23294e-05  2.34195e-05  2.45174e-05  2.56226e-05  2.67344e-05
  2.78522e-05  2.89752e-05  3.01028e-05  3.12340e-05  3.23680e-05  3.35040e-05
  3.46411e-05  3.57782e-05  3.69144e-05  3.80486e-05  3.91797e-05  4.03065e-05
  4.14280e-05  4.25428e-05  4.36497e-05  4.47474e-05  4.58344e-05  4.69095e-05
  4.79711e-05  4.90178e-05  5.00480e-05  5.10603e-05  5.20529e-05  5.30243e-05
  5.39728e-05  5.48966e-05  5.57942e-05  5.66636e-05  5.75032e-05  5.83111e-05
  5.90856e-05  5.98246e-05  6.05266e-05  6.11894e-05  6.18114e-05  6.23905e-05
  6.29249e-05  6.34128e-05  6.38521e-05  6.42411e-05  6.45778e-05  6.48604e-05
  6.50871e-05  6.52560e-05  6.53653e-05  6.54133e-05  6.53980e-05  6.53179e-05
  6.51712e-05  6.49563e-05  6.46716e-05  6.43154e-05  6.38862e-05  6.33825e-05
  6.28029e-05  6.21459e-05  6.14103e-05  6.05946e-05  5.96978e-05  5.87185e-05
  5.76557e-05  5.65084e-05  5.52754e-05  5.39560e-05  5.25492e-05  5.10543e-05
  4.94705e-05  4.77972e-05  4.60338e-05  4.41800e-05  4.22352e-05  4.01992e-05
  3.80718e-05  3.58528e-05  3.35421e-05  3.11399e-05  2.86462e-05  2.60613e-05
  2.33856e-05  2.06194e-05  1.77633e-05  1.48180e-05  1.17842e-05  8.66276e-06
  5.45464e-06  2.16093e-06 -1.21717e-06 -4.67836e-06 -8.22122e-06 -1.18442e-05
 -1.55457e-05 -1.93238e-05 -2.31768e-05 -2.71025e-05 -3.10989e-05 -3.51637e-05
 -3.92944e-05 -4.34886e-05 -4.77437e-05 -5.20568e-05 -5.64251e-05 -6.08455e-05
 -6.53150e-05 -6.98301e-05 -7.43876e-05 -7.89839e-05 -8.36153e-05 -8.82782e-05
 -9.29685e-05 -9.76823e-05 -1.02415e-04 -1.07163e-04 -1.11922e-04 -1.16687e-04
 -1.21454e-04 -1.26217e-04 -1.30972e-04 -1.35713e-04 -1.40437e-04 -1.45137e-04
 -1.49808e-04 -1.54445e-04 -1.59042e-04 -1.63594e-04 -1.68094e-04 -1.72538e-04
 -1.76918e-04 -1.81229e-04 -1.85466e-04 -1.89621e-04 -1.93688e-04 -1.97662e-04
 -2.01535e-04 -2.05302e-04 -2.08955e-04 -2.12488e-04 -2.15895e-04 -2.19169e-04
 -2.22302e-04 -2.25289e-04 -2.28123e-04 -2.30796e-04 -2.33302e-04 -2.35634e-04
 -2.37786e-04 -2.39751e-04 -2.41521e-04 -2.43090e-04 -2.44452e-04 -2.45600e-04
 -2.46527e-04 -2.47226e-04 -2.47692e-04 -2.47918e-04 -2.47897e-04 -2.47624e-04
 -2.47092e-04 -2.46295e-04 -2.45228e-04 -2.43884e-04 -2.42259e-04 -2.40346e-04
 -2.38141e-04 -2.35638e-04 -2.32832e-04 -2.29720e-04 -2.26296e-04 -2.22556e-04
 -2.18496e-04 -2.14113e-04 -2.09402e-04 -2.04360e-04 -1.98986e-04 -1.93274e-04
 -1.87224e-04 -1.80833e-04 -1.74099e-04 -1.67020e-04 -1.59596e-04 -1.51824e-04
 -1.43706e-04 -1.35240e-04 -1.26427e-04 -1.17267e-04 -1.07761e-04 -9.79106e-05
 -8.77170e-05 -7.71824e-05 -6.63093e-05 -5.51007e-05 -4.35598e-05 -3.16903e-05
 -1.94965e-05 -6.98297e-06  5.84523e-06  1.89825e-05  3.24230e-05  4.61601e-05
  6.01869e-05  7.44961e-05  8.90796e-05  1.03929e-04  1.19036e-04  1.34390e-04
  1.49983e-04  1.65802e-04  1.81839e-04  1.98081e-04  2.14516e-04  2.31132e-04
  2.47916e-04  2.64854e-04  2.81934e-04  2.99139e-04  3.16456e-04  3.33869e-04
  3.51362e-04  3.68918e-04  3.86521e-04  4.04154e-04  4.21797e-04  4.39433e-04
  4.57043e-04  4.74608e-04  4.92107e-04  5.09521e-04  5.26828e-04  5.44008e-04
  5.61038e-04  5.77897e-04  5.94563e-04  6.11012e-04  6.27221e-04  6.43166e-04
  6.58824e-04  6.74170e-04  6.89179e-04  7.03827e-04  7.18087e-04  7.31934e-04
  7.45343e-04  7.58286e-04  7.70738e-04  7.82671e-04  7.94060e-04  8.04876e-04
  8.15091e-04  8.24680e-04  8.33614e-04  8.41865e-04  8.49406e-04  8.56208e-04
  8.62244e-04  8.67485e-04  8.71905e-04  8.75474e-04  8.78165e-04  8.79950e-04
  8.80801e-04  8.80691e-04  8.79591e-04  8.77476e-04  8.74318e-04  8.70089e-04
  8.64764e-04  8.58316e-04  8.50719e-04  8.41948e-04  8.31977e-04  8.20782e-04
  8.08338e-04  7.94620e-04  7.79608e-04  7.63275e-04  7.45601e-04  7.26564e-04
  7.06142e-04  6.84316e-04  6.61064e-04  6.36368e-04  6.10210e-04  5.82571e-04
  5.53436e-04  5.22788e-04  4.90611e-04  4.56893e-04  4.21618e-04  3.84776e-04
  3.46354e-04  3.06342e-04  2.64731e-04  2.21511e-04  1.76677e-04  1.30222e-04
  8.21396e-05  3.24273e-05 -1.89183e-05 -7.18986e-05 -1.26514e-04 -1.82763e-04
 -2.40645e-04 -3.00155e-04 -3.61290e-04 -4.24042e-04 -4.88404e-04 -5.54369e-04
 -6.21925e-04 -6.91061e-04 -7.61765e-04 -8.34022e-04 -9.07816e-04 -9.83132e-04
 -1.05995e-03 -1.13825e-03 -1.21801e-03 -1.29921e-03 -1.38182e-03 -1.46582e-03
 -1.55118e-03 -1.63787e-03 -1.72587e-03 -1.81513e-03 -1.90564e-03 -1.99735e-03
 -2.09022e-03 -2.18423e-03 -2.27933e-03 -2.37549e-03 -2.47266e-03 -2.57079e-03
 -2.66985e-03 -2.76980e-03 -2.87058e-03 -2.97214e-03 -3.07445e-03 -3.17744e-03
 -3.28107e-03 -3.38529e-03 -3.49004e-03 -3.59528e-03 -3.70093e-03 -3.80696e-03
 -3.91329e-03 -4.01988e-03 -4.12667e-03 -4.23359e-03 -4.34058e-03 -4.44760e-03
 -4.55456e-03 -4.66142e-03 -4.76811e-03 -4.87457e-03 -4.98073e-03 -5.08653e-03
 -5.19191e-03 -5.29680e-03 -5.40114e-03 -5.50487e-03 -5.60792e-03 -5.71022e-03
 -5.81171e-03 -5.91234e-03 -6.01202e-03 -6.11072e-03 -6.20835e-03 -6.30486e-03
 -6.40018e-03 -6.49426e-03 -6.58703e-03 -6.67843e-03 -6.76840e-03 -6.85689e-03
 -6.94383e-03 -7.02917e-03 -7.11286e-03 -7.19483e-03 -7.27504e-03 -7.35343e-03
 -7.42995e-03 -7.50455e-03 -7.57719e-03 -7.64780e-03 -7.71636e-03 -7.78280e-03
 -7.84710e-03 -7.90920e-03 -7.96907e-03 -8.02666e-03 -8.08194e-03 -8.13488e-03
 -8.18543e-03 -8.23357e-03 -8.27926e-03 -8.32247e-03 -8.36318e-03 -8.40135e-03
 -8.43697e-03 -8.47000e-03 -8.50043e-03 -8.52824e-03 -8.55340e-03 -8.57589e-03
 -8.59571e-03 -8.61283e-03 -8.62724e-03 -8.63893e-03 -8.64788e-03 -8.65409e-03
 -8.65755e-03 -8.65825e-03 -8.65618e-03 -8.65135e-03 -8.64374e-03 -8.63336e-03
 -8.62020e-03 -8.60426e-03 -8.58555e-03 -8.56406e-03 -8.53980e-03 -8.51279e-03
 -8.48301e-03 -8.45047e-03 -8.41520e-03 -8.37718e-03 -8.33644e-03 -8.29299e-03
 -8.24684e-03 -8.19800e-03 -8.14648e-03 -8.09231e-03 -8.03550e-03 -7.97606e-03
 -7.91403e-03 -7.84942e-03 -7.78225e-03 -7.71254e-03 -7.64033e-03 -7.56563e-03
 -7.48848e-03 -7.40891e-03 -7.32694e-03 -7.24261e-03 -7.15595e-03 -7.06701e-03
 -6.97580e-03 -6.88238e-03 -6.78678e-03 -6.68905e-03 -6.58922e-03 -6.48735e-03
 -6.38348e-03 -6.27766e-03 -6.16994e-03 -6.06037e-03 -5.94900e-03 -5.83589e-03
 -5.72109e-03 -5.60467e-03 -5.48668e-03 -5.36719e-03 -5.24625e-03 -5.12394e-03
 -5.00031e-03 -4.87544e-03 -4.74940e-03 -4.62225e-03 -4.49407e-03 -4.36493e-03
 -4.23491e-03 -4.10408e-03 -3.97252e-03 -3.84031e-03 -3.70753e-03 -3.57425e-03
 -3.44057e-03 -3.30655e-03 -3.17229e-03 -3.03787e-03 -2.90338e-03 -2.76889e-03
 -2.63449e-03 -2.50027e-03 -2.36632e-03 -2.23271e-03 -2.09955e-03 -1.96691e-03
 -1.83488e-03 -1.70355e-03 -1.57300e-03 -1.44332e-03 -1.31460e-03 -1.18692e-03
 -1.06036e-03 -9.35015e-04 -8.10961e-04 -6.88280e-04 -5.67057e-04 -4.47370e-04
 -3.29300e-04 -2.12925e-04 -9.83234e-05  1.44293e-05  1.25258e-04  2.34090e-04
  3.40853e-04  4.45477e-04  5.47894e-04  6.48037e-04  7.45842e-04  8.41245e-04
  9.34186e-04  1.02461e-03  1.11245e-03  1.19766e-03  1.28018e-03  1.35997e-03
  1.43697e-03  1.51114e-03  1.58244e-03  1.65082e-03  1.71626e-03  1.77869e-03
  1.83811e-03  1.89447e-03  1.94775e-03  1.99791e-03  2.04494e-03  2.08882e-03
  2.12952e-03  2.16703e-03  2.20134e-03  2.23244e-03  2.26032e-03  2.28497e-03
  2.30640e-03  2.32460e-03  2.33958e-03  2.35134e-03  2.35989e-03  2.36525e-03
  2.36742e-03  2.36642e-03  2.36227e-03  2.35500e-03  2.34463e-03  2.33118e-03
  2.31468e-03  2.29517e-03  2.27268e-03  2.24724e-03  2.21890e-03  2.18769e-03
  2.15367e-03  2.11687e-03  2.07734e-03  2.03514e-03  1.99032e-03  1.94292e-03
  1.89302e-03  1.84066e-03  1.78591e-03  1.72882e-03  1.66947e-03  1.60791e-03
  1.54422e-03  1.47847e-03  1.41071e-03  1.34104e-03  1.26951e-03  1.19620e-03
  1.12119e-03  1.04455e-03  9.66371e-04  8.86721e-04  8.05681e-04  7.23334e-04
  6.39760e-04  5.55042e-04  4.69261e-04  3.82502e-04  2.94847e-04  2.06381e-04
  1.17187e-04  2.73490e-05 -6.30480e-05 -1.53920e-04 -2.45182e-04 -3.36750e-04
 -4.28540e-04 -5.20470e-04 -6.12455e-04 -7.04414e-04 -7.96264e-04 -8.87924e-04
 -9.79313e-04 -1.07035e-03 -1.16096e-03 -1.25106e-03 -1.34058e-03 -1.42944e-03
 -1.51757e-03 -1.60489e-03 -1.69133e-03 -1.77682e-03 -1.86129e-03 -1.94468e-03
 -2.02692e-03 -2.10794e-03 -2.18768e-03 -2.26608e-03 -2.34309e-03 -2.41863e-03
 -2.49267e-03 -2.56514e-03 -2.63600e-03 -2.70518e-03 -2.77266e-03 -2.83837e-03
 -2.90228e-03 -2.96435e-03 -3.02453e-03 -3.08279e-03 -3.13909e-03 -3.19340e-03
 -3.24570e-03 -3.29594e-03 -3.34410e-03 -3.39017e-03 -3.43410e-03 -3.47590e-03
 -3.51552e-03 -3.55297e-03 -3.58822e-03 -3.62126e-03 -3.65208e-03 -3.68067e-03
 -3.70703e-03 -3.73115e-03 -3.75302e-03 -3.77266e-03 -3.79004e-03 -3.80519e-03
 -3.81809e-03 -3.82877e-03 -3.83721e-03 -3.84344e-03 -3.84746e-03 -3.84928e-03
 -3.84891e-03 -3.84638e-03 -3.84169e-03 -3.83486e-03 -3.82590e-03 -3.81485e-03
 -3.80171e-03 -3.78650e-03 -3.76926e-03 -3.74999e-03 -3.72873e-03 -3.70550e-03
 -3.68031e-03 -3.65321e-03 -3.62421e-03 -3.59334e-03 -3.56062e-03 -3.52609e-03
 -3.48978e-03 -3.45170e-03 -3.41189e-03 -3.37038e-03 -3.32719e-03 -3.28236e-03
 -3.23592e-03 -3.18789e-03 -3.13830e-03 -3.08719e-03 -3.03457e-03 -2.98048e-03
 -2.92496e-03 -2.86802e-03 -2.80969e-03 -2.75001e-03 -2.68901e-03 -2.62670e-03
 -2.56312e-03 -2.49830e-03 -2.43226e-03 -2.36503e-03 -2.29663e-03 -2.22710e-03
 -2.15645e-03 -2.08472e-03 -2.01192e-03 -1.93808e-03 -1.86323e-03 -1.78738e-03
 -1.71057e-03 -1.63281e-03 -1.55412e-03 -1.47454e-03 -1.39407e-03 -1.31275e-03
 -1.23059e-03 -1.14762e-03 -1.06385e-03 -9.79312e-04 -8.94020e-04 -8.07996e-04
 -7.21259e-04 -6.33829e-04 -5.45727e-04 -4.56972e-04 -3.67585e-04 -2.77587e-04
 -1.86997e-04 -9.58377e-05 -4.12866e-06  8.81088e-05  1.80853e-04  2.74083e-04
  3.67777e-04  4.61911e-04  5.56464e-04  6.51410e-04  7.46726e-04  8.42387e-04
  9.38368e-04  1.03464e-03  1.13118e-03  1.22796e-03  1.32494e-03  1.42210e-03
  1.51941e-03  1.61684e-03  1.71434e-03  1.81190e-03  1.90947e-03  2.00702e-03
  2.10451e-03  2.20189e-03  2.29914e-03  2.39620e-03  2.49303e-03  2.58959e-03
  2.68584e-03  2.78172e-03  2.87718e-03  2.97219e-03  3.06667e-03  3.16059e-03
  3.25387e-03  3.34648e-03  3.43835e-03  3.52941e-03  3.61961e-03  3.70888e-03
  3.79717e-03  3.88439e-03  3.97049e-03  4.05540e-03  4.13904e-03  4.22135e-03
  4.30225e-03  4.38166e-03  4.45951e-03  4.53572e-03  4.61021e-03  4.68291e-03
  4.75373e-03  4.82258e-03  4.88939e-03  4.95407e-03  5.01655e-03  5.07672e-03
  5.13450e-03  5.18982e-03  5.24257e-03  5.29268e-03  5.34005e-03  5.38459e-03
  5.42622e-03  5.46485e-03  5.50038e-03  5.53274e-03  5.56182e-03  5.58754e-03
  5.60982e-03  5.62856e-03  5.64368e-03  5.65510e-03  5.66273e-03  5.66648e-03
  5.66628e-03  5.66204e-03  5.65369e-03  5.64114e-03  5.62432e-03  5.60317e-03
  5.57759e-03  5.54754e-03  5.51293e-03  5.47371e-03  5.42981e-03  5.38117e-03
  5.32774e-03  5.26946e-03  5.20628e-03  5.13816e-03  5.06506e-03  4.98693e-03
  4.90374e-03  4.81545e-03  4.72204e-03  4.62349e-03  4.51977e-03  4.41087e-03
  4.29679e-03  4.17750e-03  4.05303e-03  3.92336e-03  3.78851e-03  3.64849e-03
  3.50332e-03  3.35303e-03  3.19765e-03  3.03721e-03  2.87175e-03  2.70133e-03
  2.52599e-03  2.34580e-03  2.16083e-03  1.97113e-03  1.77680e-03  1.57791e-03
  1.37455e-03  1.16683e-03  9.54846e-04  7.38704e-04  5.18524e-04  2.94427e-04
  6.65414e-05 -1.64997e-04 -4.00046e-04 -6.38457e-04 -8.80074e-04 -1.12474e-03
 -1.37227e-03 -1.62251e-03 -1.87527e-03 -2.13036e-03 -2.38759e-03 -2.64676e-03
 -2.90767e-03 -3.17009e-03 -3.43381e-03 -3.69862e-03 -3.96427e-03 -4.23054e-03
 -4.49718e-03 -4.76395e-03 -5.03060e-03 -5.29687e-03 -5.56250e-03 -5.82723e-03
 -6.09079e-03 -6.35290e-03 -6.61328e-03 -6.87166e-03 -7.12775e-03 -7.38127e-03
 -7.63192e-03 -7.87941e-03 -8.12345e-03 -8.36373e-03 -8.59997e-03 -8.83185e-03
 -9.05908e-03 -9.28136e-03 -9.49838e-03 -9.70985e-03 -9.91545e-03 -1.01149e-02
 -1.03079e-02 -1.04941e-02 -1.06733e-02 -1.08451e-02 -1.10093e-02 -1.11655e-02
 -1.13136e-02 -1.14531e-02 -1.15839e-02 -1.17056e-02 -1.18181e-02 -1.19209e-02
 -1.20139e-02 -1.20969e-02 -1.21696e-02 -1.22317e-02 -1.22830e-02 -1.23233e-02
 -1.23525e-02 -1.23702e-02 -1.23764e-02 -1.23708e-02 -1.23532e-02 -1.23236e-02
 -1.22817e-02 -1.22274e-02 -1.21606e-02 -1.20812e-02 -1.19890e-02 -1.18841e-02
 -1.17663e-02 -1.16355e-02 -1.14917e-02 -1.13350e-02 -1.11652e-02 -1.09823e-02
 -1.07864e-02 -1.05775e-02 -1.03557e-02 -1.01209e-02 -9.87335e-03 -9.61304e-03
 -9.34009e-03 -9.05464e-03 -8.75681e-03 -8.44676e-03 -8.12466e-03 -7.79070e-03
 -7.44508e-03 -7.08801e-03 -6.71974e-03 -6.34050e-03 -5.95057e-03 -5.55023e-03
 -5.13977e-03 -4.71950e-03 -4.28975e-03 -3.85086e-03 -3.40318e-03 -2.94708e-03
 -2.48294e-03 -2.01116e-03 -1.53214e-03 -1.04629e-03 -5.54055e-04 -5.58645e-05
  4.47827e-04  9.56560e-04  1.46986e-03  1.98726e-03  2.50827e-03  3.03239e-03
  3.55913e-03  4.08797e-03  4.61842e-03  5.14995e-03  5.68205e-03  6.21420e-03
  6.74586e-03  7.27653e-03  7.80567e-03  8.33275e-03  8.85727e-03  9.37868e-03
  9.89648e-03  1.04101e-02  1.09192e-02  1.14230e-02  1.19212e-02  1.24133e-02
  1.28988e-02  1.33771e-02  1.38479e-02  1.43106e-02  1.47648e-02  1.52101e-02
  1.56460e-02  1.60722e-02  1.64882e-02  1.68936e-02  1.72881e-02  1.76713e-02
  1.80428e-02  1.84023e-02  1.87495e-02  1.90842e-02  1.94059e-02  1.97145e-02
  2.00096e-02  2.02912e-02  2.05589e-02  2.08125e-02  2.10519e-02  2.12769e-02
  2.14873e-02  2.16831e-02  2.18642e-02  2.20303e-02  2.21815e-02  2.23178e-02
  2.24390e-02  2.25451e-02  2.26362e-02  2.27123e-02  2.27733e-02  2.28194e-02
  2.28506e-02  2.28670e-02  2.28687e-02  2.28559e-02  2.28285e-02  2.27868e-02
  2.27309e-02  2.26611e-02  2.25774e-02  2.24801e-02  2.23694e-02  2.22455e-02
  2.21086e-02  2.19590e-02  2.17970e-02  2.16227e-02  2.14365e-02  2.12386e-02
  2.10294e-02  2.08091e-02  2.05780e-02  2.03364e-02  2.00847e-02  1.98232e-02
  1.95521e-02  1.92719e-02  1.89828e-02  1.86852e-02  1.83794e-02  1.80657e-02
  1.77446e-02  1.74163e-02  1.70812e-02  1.67396e-02  1.63920e-02  1.60385e-02
  1.56796e-02  1.53155e-02  1.49468e-02  1.45736e-02  1.41963e-02  1.38152e-02
  1.34308e-02  1.30432e-02  1.26529e-02  1.22601e-02  1.18652e-02  1.14685e-02
  1.10703e-02  1.06708e-02  1.02704e-02  9.86944e-03  9.46812e-03  9.06676e-03
  8.66563e-03  8.26500e-03  7.86515e-03  7.46634e-03  7.06882e-03  6.67285e-03
  6.27867e-03  5.88653e-03  5.49667e-03  5.10930e-03  4.72466e-03  4.34296e-03
  3.96442e-03  3.58925e-03  3.21764e-03  2.84979e-03  2.48589e-03  2.12613e-03
  1.77068e-03  1.41971e-03  1.07341e-03  7.31918e-04  3.95407e-04  6.40252e-05
 -2.62081e-04 -5.82769e-04 -8.97904e-04 -1.20735e-03 -1.51099e-03 -1.80871e-03
 -2.10037e-03 -2.38588e-03 -2.66514e-03 -2.93803e-03 -3.20448e-03 -3.46438e-03
 -3.71766e-03 -3.96424e-03 -4.20405e-03 -4.43700e-03 -4.66305e-03 -4.88213e-03
 -5.09419e-03 -5.29918e-03 -5.49706e-03 -5.68778e-03 -5.87132e-03 -6.04765e-03
 -6.21673e-03 -6.37856e-03 -6.53312e-03 -6.68040e-03 -6.82041e-03 -6.95313e-03
 -7.07858e-03 -7.19677e-03 -7.30772e-03 -7.41143e-03 -7.50795e-03 -7.59730e-03
 -7.67951e-03 -7.75463e-03 -7.82269e-03 -7.88376e-03 -7.93789e-03 -7.98512e-03
 -8.02554e-03 -8.05919e-03 -8.08616e-03 -8.10652e-03 -8.12035e-03 -8.12773e-03
 -8.12875e-03 -8.12350e-03 -8.11208e-03 -8.09459e-03 -8.07113e-03 -8.04182e-03
 -8.00674e-03 -7.96604e-03 -7.91981e-03 -7.86819e-03 -7.81128e-03 -7.74922e-03
 -7.68215e-03 -7.61018e-03 -7.53344e-03 -7.45209e-03 -7.36625e-03 -7.27607e-03
 -7.18169e-03 -7.08325e-03 -6.98090e-03 -6.87479e-03 -6.76507e-03 -6.65188e-03
 -6.53538e-03 -6.41572e-03 -6.29305e-03 -6.16753e-03 -6.03930e-03 -5.90853e-03
 -5.77537e-03 -5.63996e-03 -5.50248e-03 -5.36307e-03 -5.22189e-03 -5.07909e-03
 -4.93483e-03 -4.78927e-03 -4.64254e-03 -4.49481e-03 -4.34623e-03 -4.19694e-03
 -4.04709e-03 -3.89683e-03 -3.74630e-03 -3.59564e-03 -3.44501e-03 -3.29453e-03
 -3.14435e-03 -2.99460e-03 -2.84543e-03 -2.69695e-03 -2.54932e-03 -2.40264e-03
 -2.25705e-03 -2.11268e-03 -1.96963e-03 -1.82804e-03 -1.68801e-03 -1.54967e-03
 -1.41311e-03 -1.27846e-03 -1.14581e-03 -1.01527e-03 -8.86939e-04 -7.60918e-04
 -6.37302e-04 -5.16182e-04 -3.97648e-04 -2.81787e-04 -1.68681e-04 -5.84107e-05
  4.89453e-05  1.53313e-04  2.54619e-04  3.52796e-04  4.47778e-04  5.39501e-04
  6.27905e-04  7.12934e-04  7.94533e-04  8.72651e-04  9.47241e-04  1.01826e-03
  1.08566e-03  1.14941e-03  1.20946e-03  1.26580e-03  1.31838e-03  1.36718e-03
  1.41219e-03  1.45337e-03  1.49071e-03  1.52420e-03  1.55383e-03  1.57959e-03
  1.60148e-03  1.61949e-03  1.63363e-03  1.64390e-03  1.65030e-03  1.65286e-03
  1.65159e-03  1.64650e-03  1.63762e-03  1.62497e-03  1.60859e-03  1.58849e-03
  1.56472e-03  1.53732e-03  1.50632e-03  1.47177e-03  1.43372e-03  1.39221e-03
  1.34729e-03  1.29903e-03  1.24749e-03  1.19272e-03  1.13479e-03  1.07377e-03
  1.00973e-03  9.42741e-04  8.72887e-04  8.00245e-04  7.24894e-04  6.46920e-04
  5.66407e-04  4.83445e-04  3.98123e-04  3.10535e-04  2.20775e-04  1.28940e-04
  3.51278e-05 -6.05600e-05 -1.58022e-04 -2.57155e-04 -3.57852e-04 -4.60010e-04
 -5.63520e-04 -6.68274e-04 -7.74163e-04 -8.81077e-04 -9.88907e-04 -1.09754e-03
 -1.20687e-03 -1.31678e-03 -1.42716e-03 -1.53790e-03 -1.64890e-03 -1.76003e-03
 -1.87118e-03 -1.98226e-03 -2.09315e-03 -2.20373e-03 -2.31391e-03 -2.42358e-03
 -2.53263e-03 -2.64096e-03 -2.74847e-03 -2.85505e-03 -2.96062e-03 -3.06506e-03
 -3.16829e-03 -3.27021e-03 -3.37072e-03 -3.46975e-03 -3.56719e-03 -3.66297e-03
 -3.75700e-03 -3.84920e-03 -3.93949e-03 -4.02780e-03 -4.11404e-03 -4.19815e-03
 -4.28007e-03 -4.35972e-03 -4.43704e-03 -4.51198e-03 -4.58446e-03 -4.65444e-03
 -4.72187e-03 -4.78669e-03 -4.84886e-03 -4.90832e-03 -4.96505e-03 -5.01900e-03
 -5.07013e-03 -5.11841e-03 -5.16380e-03 -5.20629e-03 -5.24585e-03 -5.28244e-03
 -5.31605e-03 -5.34668e-03 -5.37429e-03 -5.39888e-03 -5.42044e-03 -5.43896e-03
 -5.45444e-03 -5.46687e-03 -5.47626e-03 -5.48261e-03 -5.48593e-03 -5.48622e-03
 -5.48350e-03 -5.47777e-03 -5.46905e-03 -5.45737e-03 -5.44272e-03 -5.42516e-03
 -5.40468e-03 -5.38133e-03 -5.35514e-03 -5.32612e-03 -5.29433e-03 -5.25979e-03
 -5.22254e-03 -5.18261e-03 -5.14006e-03 -5.09492e-03 -5.04724e-03 -4.99707e-03
 -4.94446e-03 -4.88945e-03 -4.83210e-03 -4.77246e-03 -4.71060e-03 -4.64656e-03
 -4.58041e-03 -4.51221e-03 -4.44203e-03 -4.36992e-03 -4.29596e-03 -4.22020e-03
 -4.14272e-03 -4.06359e-03 -3.98288e-03 -3.90066e-03 -3.81700e-03 -3.73198e-03
 -3.64568e-03 -3.55817e-03 -3.46953e-03 -3.37984e-03 -3.28917e-03 -3.19760e-03
 -3.10523e-03 -3.01211e-03 -2.91835e-03 -2.82401e-03 -2.72919e-03 -2.63396e-03
 -2.53840e-03 -2.44260e-03 -2.34664e-03 -2.25060e-03 -2.15456e-03 -2.05861e-03
 -1.96282e-03 -1.86727e-03 -1.77204e-03 -1.67722e-03 -1.58288e-03 -1.48910e-03
 -1.39595e-03 -1.30351e-03 -1.21186e-03 -1.12107e-03 -1.03120e-03 -9.42328e-04
 -8.54524e-04 -7.67853e-04 -6.82378e-04 -5.98163e-04 -5.15269e-04 -4.33755e-04
 -3.53679e-04 -2.75095e-04 -1.98057e-04 -1.22616e-04 -4.88188e-05  2.32874e-05
  9.36594e-05  1.62256e-04  2.29039e-04  2.93972e-04  3.57022e-04  4.18156e-04
  4.77347e-04  5.34569e-04  5.89799e-04  6.43016e-04  6.94203e-04  7.43343e-04
  7.90424e-04  8.35437e-04  8.78373e-04  9.19227e-04  9.57998e-04  9.94685e-04
  1.02929e-03  1.06182e-03  1.09229e-03  1.12069e-03  1.14706e-03  1.17139e-03
  1.19371e-03  1.21405e-03  1.23241e-03  1.24883e-03  1.26332e-03  1.27593e-03
  1.28667e-03  1.29558e-03  1.30269e-03  1.30804e-03  1.31165e-03  1.31358e-03
  1.31386e-03  1.31253e-03  1.30963e-03  1.30521e-03  1.29930e-03  1.29196e-03
  1.28323e-03  1.27317e-03  1.26181e-03  1.24920e-03  1.23541e-03  1.22047e-03
  1.20444e-03  1.18737e-03  1.16931e-03  1.15031e-03  1.13043e-03  1.10971e-03
  1.08822e-03  1.06600e-03  1.04310e-03  1.01959e-03  9.95500e-04  9.70895e-04
  9.45824e-04  9.20337e-04  8.94486e-04  8.68319e-04  8.41886e-04  8.15238e-04
  7.88423e-04  7.61488e-04  7.34484e-04  7.07456e-04  6.80451e-04  6.53516e-04
  6.26693e-04  6.00028e-04  5.73561e-04  5.47335e-04  5.21388e-04  4.95761e-04
  4.70492e-04  4.45618e-04  4.21174e-04  3.97196e-04  3.73718e-04  3.50772e-04
  3.28390e-04  3.06603e-04  2.85439e-04  2.64926e-04  2.45091e-04  2.25960e-04
  2.07556e-04  1.89902e-04  1.73019e-04  1.56929e-04  1.41651e-04  1.27203e-04
  1.13601e-04  1.00860e-04  8.89946e-05  7.80175e-05  6.79399e-05  5.87721e-05
  5.05232e-05  4.32009e-05  3.68119e-05  3.13615e-05  2.68540e-05  2.32923e-05
  2.06783e-05  1.90125e-05  1.82942e-05  1.85218e-05  1.96920e-05  2.18005e-05
  2.48421e-05  2.88103e-05  3.36980e-05  3.94967e-05  4.61972e-05  5.37892e-05
  6.22615e-05  7.16017e-05  8.17965e-05  9.28317e-05  1.04692e-04  1.17360e-04
  1.30820e-04  1.45052e-04  1.60037e-04  1.75755e-04  1.92185e-04  2.09305e-04
  2.27093e-04  2.45524e-04  2.64576e-04  2.84222e-04  3.04438e-04  3.25196e-04
  3.46470e-04  3.68231e-04  3.90450e-04  4.13098e-04  4.36146e-04  4.59561e-04
  4.83313e-04  5.07370e-04  5.31700e-04  5.56270e-04  5.81045e-04  6.05992e-04
  6.31076e-04  6.56263e-04  6.81518e-04  7.06806e-04  7.32090e-04  7.57335e-04
  7.82504e-04  8.07563e-04  8.32473e-04  8.57198e-04  8.81702e-04  9.05948e-04
  9.29900e-04  9.53520e-04  9.76772e-04  9.99620e-04  1.02203e-03  1.04396e-03
  1.06538e-03  1.08626e-03  1.10656e-03  1.12624e-03  1.14528e-03  1.16363e-03
  1.18128e-03  1.19817e-03  1.21429e-03  1.22960e-03  1.24408e-03  1.25769e-03
  1.27041e-03  1.28222e-03  1.29308e-03  1.30297e-03  1.31188e-03  1.31977e-03
  1.32663e-03  1.33244e-03  1.33717e-03  1.34081e-03  1.34335e-03  1.34477e-03
  1.34506e-03  1.34420e-03  1.34219e-03  1.33902e-03  1.33469e-03  1.32918e-03
  1.32249e-03  1.31463e-03  1.30558e-03  1.29536e-03  1.28396e-03  1.27139e-03
  1.25766e-03  1.24276e-03  1.22672e-03  1.20953e-03  1.19122e-03  1.17179e-03
  1.15126e-03  1.12965e-03  1.10698e-03  1.08326e-03  1.05852e-03  1.03277e-03
  1.00605e-03  9.78383e-04  9.49786e-04  9.20292e-04  8.89929e-04  8.58727e-04
  8.26716e-04  7.93928e-04  7.60395e-04  7.26150e-04  6.91226e-04  6.55660e-04
  6.19485e-04  5.82737e-04  5.45453e-04  5.07670e-04  4.69425e-04  4.30757e-04
  3.91703e-04  3.52302e-04  3.12593e-04  2.72612e-04  2.32399e-04  1.91991e-04
  1.51425e-04  1.10738e-04  6.99650e-05  2.91427e-05 -1.16941e-05 -5.25111e-05
 -9.32740e-05 -1.33949e-04 -1.74504e-04 -2.14907e-04 -2.55125e-04 -2.95130e-04
 -3.34891e-04 -3.74381e-04 -4.13573e-04 -4.52440e-04 -4.90959e-04 -5.29106e-04
 -5.66857e-04 -6.04193e-04 -6.41093e-04 -6.77539e-04 -7.13513e-04 -7.48999e-04
 -7.83983e-04 -8.18450e-04 -8.52389e-04 -8.85789e-04 -9.18638e-04 -9.50929e-04
 -9.82653e-04 -1.01381e-03 -1.04438e-03 -1.07437e-03 -1.10377e-03 -1.13257e-03
 -1.16078e-03 -1.18840e-03 -1.21542e-03 -1.24184e-03 -1.26767e-03 -1.29290e-03
 -1.31753e-03 -1.34158e-03 -1.36503e-03 -1.38791e-03 -1.41019e-03 -1.43190e-03
 -1.45304e-03 -1.47359e-03 -1.49358e-03 -1.51300e-03 -1.53185e-03 -1.55014e-03
 -1.56787e-03 -1.58504e-03 -1.60165e-03 -1.61771e-03 -1.63321e-03 -1.64816e-03
 -1.66255e-03 -1.67639e-03 -1.68967e-03 -1.70239e-03 -1.71455e-03 -1.72615e-03
 -1.73717e-03 -1.74762e-03 -1.75749e-03 -1.76677e-03 -1.77546e-03 -1.78355e-03
 -1.79103e-03 -1.79790e-03 -1.80413e-03 -1.80973e-03 -1.81468e-03 -1.81897e-03
 -1.82259e-03 -1.82553e-03 -1.82778e-03 -1.82931e-03 -1.83013e-03 -1.83021e-03
 -1.82955e-03 -1.82812e-03 -1.82593e-03 -1.82295e-03 -1.81917e-03 -1.81458e-03
 -1.80917e-03 -1.80292e-03 -1.79582e-03 -1.78786e-03 -1.77903e-03 -1.76933e-03
 -1.75873e-03 -1.74724e-03 -1.73484e-03 -1.72152e-03 -1.70729e-03 -1.69214e-03
 -1.67606e-03 -1.65905e-03 -1.64111e-03 -1.62224e-03 -1.60244e-03 -1.58171e-03
 -1.56005e-03 -1.53748e-03 -1.51399e-03 -1.48960e-03 -1.46431e-03 -1.43814e-03
 -1.41109e-03 -1.38319e-03 -1.35445e-03 -1.32488e-03 -1.29451e-03 -1.26335e-03
 -1.23142e-03 -1.19876e-03 -1.16537e-03 -1.13130e-03 -1.09656e-03 -1.06119e-03
 -1.02521e-03 -9.88648e-04 -9.51545e-04 -9.13931e-04 -8.75838e-04 -8.37301e-04
 -7.98356e-04 -7.59040e-04 -7.19390e-04 -6.79443e-04 -6.39239e-04 -5.98816e-04
 -5.58214e-04 -5.17471e-04 -4.76627e-04 -4.35722e-04 -3.94795e-04 -3.53887e-04
 -3.13036e-04 -2.72283e-04 -2.31666e-04 -1.91225e-04 -1.50997e-04 -1.11020e-04
 -7.13318e-05 -3.19686e-05  7.03408e-06  4.56418e-05  8.38212e-05  1.21540e-04
  1.58767e-04  1.95471e-04  2.31625e-04  2.67199e-04  3.02167e-04  3.36504e-04
  3.70185e-04  4.03188e-04  4.35492e-04  4.67077e-04  4.97925e-04  5.28018e-04
  5.57343e-04  5.85884e-04  6.13630e-04  6.40570e-04  6.66695e-04  6.91997e-04
  7.16472e-04  7.40113e-04  7.62919e-04  7.84888e-04  8.06020e-04  8.26316e-04
  8.45778e-04  8.64411e-04  8.82219e-04  8.99209e-04  9.15386e-04  9.30760e-04
  9.45340e-04  9.59135e-04  9.72157e-04  9.84418e-04  9.95932e-04  1.00671e-03
  1.01677e-03  1.02613e-03  1.03480e-03  1.04280e-03  1.05014e-03  1.05685e-03
  1.06293e-03  1.06841e-03  1.07331e-03  1.07764e-03  1.08141e-03  1.08466e-03
  1.08739e-03  1.08962e-03  1.09138e-03  1.09268e-03  1.09353e-03  1.09395e-03
  1.09397e-03  1.09359e-03  1.09283e-03  1.09171e-03  1.09024e-03  1.08843e-03
  1.08631e-03  1.08388e-03  1.08115e-03  1.07814e-03  1.07487e-03  1.07133e-03
  1.06755e-03  1.06353e-03  1.05929e-03  1.05482e-03  1.05014e-03  1.04526e-03
  1.04018e-03  1.03491e-03  1.02945e-03  1.02382e-03  1.01800e-03  1.01202e-03
  1.00586e-03  9.99541e-04  9.93059e-04  9.86417e-04  9.79615e-04  9.72658e-04
  9.65544e-04  9.58277e-04  9.50856e-04  9.43282e-04  9.35556e-04  9.27678e-04
  9.19648e-04  9.11465e-04  9.03130e-04  8.94642e-04  8.86001e-04  8.77207e-04
  8.68259e-04  8.59156e-04  8.49899e-04  8.40488e-04  8.30923e-04  8.21205e-04
  8.11335e-04  8.01314e-04  7.91146e-04  7.80831e-04  7.70371e-04  7.59772e-04
  7.49035e-04  7.38164e-04  7.27163e-04  7.16036e-04  7.04789e-04  6.93425e-04
  6.81951e-04  6.70371e-04  6.58694e-04  6.46924e-04  6.35071e-04  6.23141e-04
  6.11143e-04  5.99086e-04  5.86979e-04  5.74833e-04  5.62657e-04  5.50462e-04
  5.38260e-04  5.26060e-04  5.13874e-04  5.01715e-04  4.89593e-04  4.77522e-04
  4.65514e-04  4.53582e-04  4.41739e-04  4.29998e-04  4.18372e-04  4.06876e-04
  3.95522e-04  3.84326e-04  3.73299e-04  3.62457e-04  3.51811e-04  3.41378e-04
  3.31168e-04  3.21196e-04  3.11476e-04  3.02019e-04  2.92838e-04  2.83947e-04
  2.75357e-04  2.67080e-04  2.59127e-04  2.51509e-04  2.44236e-04  2.37319e-04
  2.30767e-04  2.24588e-04  2.18791e-04  2.13384e-04  2.08373e-04  2.03765e-04
  1.99566e-04  1.95782e-04  1.92418e-04  1.89478e-04  1.86965e-04  1.84882e-04
  1.83231e-04  1.82014e-04  1.81230e-04  1.80879e-04  1.80961e-04  1.81473e-04
  1.82412e-04  1.83777e-04  1.85562e-04  1.87763e-04  1.90374e-04  1.93390e-04
  1.96803e-04  2.00606e-04  2.04789e-04  2.09345e-04  2.14262e-04  2.19531e-04
  2.25141e-04  2.31080e-04  2.37336e-04  2.43896e-04  2.50746e-04  2.57873e-04
  2.65262e-04  2.72899e-04  2.80766e-04  2.88848e-04  2.97127e-04  3.05588e-04
  3.14213e-04  3.22985e-04  3.31885e-04  3.40896e-04  3.50000e-04  3.59178e-04
  3.68413e-04  3.77686e-04  3.86978e-04  3.96269e-04  4.05542e-04  4.14777e-04
  4.23955e-04  4.33057e-04  4.42065e-04  4.50959e-04  4.59722e-04  4.68334e-04
  4.76778e-04  4.85036e-04  4.93091e-04  5.00926e-04  5.08523e-04  5.15866e-04
  5.22940e-04  5.29729e-04  5.36217e-04  5.42390e-04  5.48233e-04  5.53733e-04
  5.58876e-04  5.63651e-04  5.68045e-04  5.72046e-04  5.75646e-04  5.78833e-04
  5.81599e-04  5.83935e-04  5.85833e-04  5.87287e-04  5.88289e-04  5.88833e-04
  5.88915e-04  5.88531e-04  5.87675e-04  5.86347e-04  5.84543e-04  5.82262e-04
  5.79504e-04  5.76269e-04  5.72558e-04  5.68372e-04  5.63715e-04  5.58591e-04
  5.53002e-04  5.46955e-04  5.40455e-04  5.33509e-04  5.26123e-04  5.18307e-04
  5.10066e-04  5.01412e-04  4.92353e-04  4.82900e-04  4.73064e-04  4.62856e-04
  4.52289e-04  4.41375e-04  4.30129e-04  4.18565e-04  4.06697e-04  3.94541e-04
  3.82113e-04  3.69428e-04  3.56504e-04  3.43357e-04  3.30005e-04  3.16466e-04
  3.02757e-04  2.88898e-04  2.74906e-04  2.60802e-04  2.46603e-04  2.32330e-04
  2.18002e-04  2.03639e-04  1.89261e-04  1.74889e-04  1.60542e-04  1.46240e-04
  1.32003e-04  1.17851e-04  1.03803e-04  8.98807e-05  7.61026e-05  6.24885e-05
  4.90577e-05  3.58296e-05  2.28232e-05  1.00572e-05 -2.44989e-06 -1.46801e-05
 -2.66157e-05 -3.82395e-05 -4.95348e-05 -6.04854e-05 -7.10755e-05 -8.12900e-05
 -9.11142e-05 -1.00534e-04 -1.09536e-04 -1.18107e-04 -1.26236e-04 -1.33910e-04
 -1.41119e-04 -1.47852e-04 -1.54101e-04 -1.59857e-04 -1.65113e-04 -1.69861e-04
 -1.74097e-04 -1.77814e-04 -1.81011e-04 -1.83682e-04 -1.85827e-04 -1.87445e-04
 -1.88534e-04 -1.89096e-04 -1.89131e-04 -1.88643e-04 -1.87634e-04 -1.86109e-04
 -1.84074e-04 -1.81535e-04 -1.78500e-04 -1.74976e-04 -1.70975e-04 -1.66506e-04
 -1.61582e-04 -1.56215e-04 -1.50418e-04 -1.44207e-04 -1.37597e-04 -1.30605e-04
 -1.23247e-04 -1.15541e-04 -1.07508e-04 -9.91660e-05 -9.05362e-05 -8.16400e-05
 -7.24996e-05 -6.31377e-05 -5.35779e-05 -4.38443e-05 -3.39616e-05 -2.39552e-05
 -1.38509e-05 -3.67506e-06  6.54534e-06  1.67830e-05  2.70101e-05  3.71985e-05
  4.73198e-05  5.73451e-05  6.72455e-05  7.69918e-05  8.65549e-05  9.59058e-05
  1.05016e-04  1.13855e-04  1.22397e-04  1.30612e-04  1.38471e-04  1.45948e-04
  1.53013e-04  1.59640e-04  1.65802e-04  1.71471e-04  1.76621e-04  1.81228e-04
  1.85265e-04  1.88711e-04  1.91540e-04  1.93732e-04  1.95264e-04  1.96117e-04
  1.96270e-04  1.95706e-04  1.94407e-04  1.92355e-04  1.89536e-04  1.85934e-04
  1.81537e-04  1.76332e-04  1.70309e-04  1.63458e-04  1.55770e-04  1.47239e-04
  1.37859e-04  1.27627e-04  1.16538e-04  1.04592e-04  9.17900e-05  7.81327e-05
  6.36237e-05  4.82679e-05  3.20714e-05  1.50418e-05 -2.81196e-06 -2.14794e-05
 -4.09488e-05 -6.12068e-05 -8.22389e-05 -1.04029e-04 -1.26559e-04 -1.49811e-04
 -1.73763e-04 -1.98395e-04 -2.23682e-04 -2.49600e-04 -2.76124e-04 -3.03226e-04
 -3.30878e-04 -3.59050e-04 -3.87712e-04 -4.16832e-04 -4.46376e-04 -4.76310e-04
 -5.06601e-04 -5.37212e-04 -5.68105e-04 -5.99245e-04 -6.30593e-04 -6.62110e-04
 -6.93757e-04 -7.25495e-04 -7.57282e-04 -7.89078e-04 -8.20840e-04 -8.52527e-04
 -8.84096e-04 -9.15506e-04 -9.46711e-04 -9.77669e-04 -1.00834e-03 -1.03867e-03
 -1.06864e-03 -1.09818e-03 -1.12726e-03 -1.15584e-03 -1.18388e-03 -1.21133e-03
 -1.23816e-03 -1.26432e-03 -1.28977e-03 -1.31448e-03 -1.33841e-03 -1.36152e-03
 -1.38377e-03 -1.40513e-03 -1.42555e-03 -1.44502e-03 -1.46349e-03 -1.48094e-03
 -1.49733e-03 -1.51264e-03 -1.52683e-03 -1.53989e-03 -1.55178e-03 -1.56249e-03
 -1.57198e-03 -1.58024e-03 -1.58726e-03 -1.59301e-03 -1.59747e-03 -1.60063e-03
 -1.60248e-03 -1.60301e-03 -1.60220e-03 -1.60006e-03 -1.59657e-03 -1.59173e-03
 -1.58553e-03 -1.57799e-03 -1.56908e-03 -1.55883e-03 -1.54723e-03 -1.53429e-03
 -1.52002e-03 -1.50442e-03 -1.48751e-03 -1.46929e-03 -1.44979e-03 -1.42902e-03
 -1.40699e-03 -1.38373e-03 -1.35926e-03 -1.33359e-03 -1.30675e-03 -1.27876e-03
 -1.24966e-03 -1.21946e-03 -1.18820e-03 -1.15590e-03 -1.12261e-03 -1.08834e-03
 -1.05313e-03 -1.01703e-03 -9.80051e-04 -9.42244e-04 -9.03641e-04 -8.64280e-04
 -8.24199e-04 -7.83437e-04 -7.42034e-04 -7.00030e-04 -6.57465e-04 -6.14380e-04
 -5.70818e-04 -5.26820e-04 -4.82426e-04 -4.37680e-04 -3.92623e-04 -3.47297e-04
 -3.01744e-04 -2.56005e-04 -2.10122e-04 -1.64136e-04 -1.18088e-04 -7.20195e-05
 -2.59698e-05  2.00208e-05  6.59130e-05  1.11668e-04  1.57247e-04  2.02614e-04
  2.47731e-04  2.92563e-04  3.37074e-04  3.81231e-04  4.24999e-04  4.68346e-04
  5.11241e-04  5.53653e-04  5.95553e-04  6.36911e-04  6.77700e-04  7.17895e-04
  7.57469e-04  7.96399e-04  8.34662e-04  8.72235e-04  9.09099e-04  9.45233e-04
  9.80618e-04  1.01524e-03  1.04908e-03  1.08212e-03  1.11435e-03  1.14575e-03
  1.17632e-03  1.20604e-03  1.23491e-03  1.26291e-03  1.29004e-03  1.31629e-03
  1.34165e-03  1.36612e-03  1.38971e-03  1.41239e-03  1.43419e-03  1.45508e-03
  1.47508e-03  1.49418e-03  1.51238e-03  1.52969e-03  1.54612e-03  1.56166e-03
  1.57631e-03  1.59009e-03  1.60300e-03  1.61504e-03  1.62623e-03  1.63656e-03
  1.64605e-03  1.65470e-03  1.66253e-03  1.66954e-03  1.67574e-03  1.68114e-03
  1.68574e-03  1.68957e-03  1.69263e-03  1.69492e-03  1.69647e-03  1.69727e-03
  1.69735e-03  1.69670e-03  1.69535e-03  1.69330e-03  1.69057e-03  1.68717e-03
  1.68310e-03  1.67838e-03  1.67301e-03  1.66702e-03  1.66041e-03  1.65319e-03
  1.64537e-03  1.63696e-03  1.62798e-03  1.61843e-03  1.60833e-03  1.59769e-03
  1.58651e-03  1.57480e-03  1.56259e-03  1.54987e-03  1.53666e-03  1.52297e-03
  1.50880e-03  1.49417e-03  1.47909e-03  1.46357e-03  1.44761e-03  1.43123e-03
  1.41444e-03  1.39725e-03  1.37966e-03  1.36169e-03  1.34335e-03  1.32464e-03
  1.30559e-03  1.28619e-03  1.26645e-03  1.24639e-03  1.22602e-03  1.20534e-03
  1.18437e-03  1.16312e-03  1.14159e-03  1.11980e-03  1.09775e-03  1.07547e-03
  1.05295e-03  1.03020e-03  1.00725e-03  9.84096e-04  9.60751e-04  9.37226e-04
  9.13532e-04  8.89681e-04  8.65681e-04  8.41546e-04  8.17286e-04  7.92912e-04
  7.68434e-04  7.43864e-04  7.19212e-04  6.94490e-04  6.69708e-04  6.44877e-04
  6.20008e-04  5.95110e-04  5.70196e-04  5.45275e-04  5.20358e-04  4.95455e-04
  4.70577e-04  4.45735e-04  4.20938e-04  3.96198e-04  3.71523e-04  3.46924e-04
  3.22410e-04  2.97991e-04  2.73677e-04  2.49476e-04  2.25396e-04  2.01448e-04
  1.77639e-04  1.53977e-04  1.30471e-04  1.07127e-04  8.39544e-05  6.09594e-05
  3.81492e-05  1.55305e-05 -6.89017e-06 -2.91065e-05 -5.11126e-05 -7.29028e-05
 -9.44721e-05 -1.15815e-04 -1.36928e-04 -1.57806e-04 -1.78445e-04 -1.98842e-04
 -2.18993e-04 -2.38895e-04 -2.58545e-04 -2.77941e-04 -2.97080e-04 -3.15960e-04
 -3.34581e-04 -3.52939e-04 -3.71035e-04 -3.88867e-04 -4.06434e-04 -4.23738e-04
 -4.40777e-04 -4.57552e-04 -4.74064e-04 -4.90314e-04 -5.06302e-04 -5.22030e-04
 -5.37501e-04 -5.52714e-04 -5.67672e-04 -5.82378e-04 -5.96833e-04 -6.11041e-04
 -6.25002e-04 -6.38722e-04 -6.52201e-04 -6.65445e-04 -6.78455e-04 -6.91236e-04
 -7.03791e-04 -7.16124e-04 -7.28239e-04 -7.40139e-04 -7.51830e-04 -7.63314e-04
 -7.74597e-04 -7.85682e-04 -7.96574e-04 -8.07277e-04 -8.17794e-04 -8.28131e-04
 -8.38292e-04 -8.48280e-04 -8.58102e-04 -8.67761e-04 -8.77261e-04 -8.86609e-04
 -8.95809e-04 -9.04864e-04 -9.13782e-04 -9.22564e-04 -9.31218e-04 -9.39747e-04
 -9.48155e-04 -9.56448e-04 -9.64630e-04 -9.72705e-04 -9.80677e-04 -9.88552e-04
 -9.96332e-04 -1.00402e-03 -1.01163e-03 -1.01916e-03 -1.02660e-03 -1.03398e-03
 -1.04129e-03 -1.04853e-03 -1.05572e-03 -1.06284e-03 -1.06992e-03 -1.07694e-03
 -1.08392e-03 -1.09086e-03 -1.09776e-03 -1.10463e-03 -1.11146e-03 -1.11827e-03
 -1.12505e-03 -1.13181e-03 -1.13854e-03 -1.14527e-03 -1.15197e-03 -1.15867e-03
 -1.16536e-03 -1.17204e-03 -1.17872e-03 -1.18539e-03 -1.19207e-03 -1.19874e-03
 -1.20542e-03 -1.21210e-03 -1.21879e-03 -1.22549e-03 -1.23219e-03 -1.23890e-03
 -1.24562e-03 -1.25235e-03 -1.25908e-03 -1.26583e-03 -1.27258e-03 -1.27934e-03
 -1.28610e-03 -1.29288e-03 -1.29965e-03 -1.30643e-03 -1.31320e-03 -1.31998e-03
 -1.32675e-03 -1.33352e-03 -1.34028e-03 -1.34703e-03 -1.35376e-03 -1.36048e-03
 -1.36718e-03 -1.37385e-03 -1.38049e-03 -1.38710e-03 -1.39367e-03 -1.40020e-03
 -1.40668e-03 -1.41310e-03 -1.41947e-03 -1.42577e-03 -1.43199e-03 -1.43814e-03
 -1.44420e-03 -1.45017e-03 -1.45604e-03 -1.46181e-03 -1.46745e-03 -1.47298e-03
 -1.47838e-03 -1.48364e-03 -1.48876e-03 -1.49372e-03 -1.49853e-03 -1.50316e-03
 -1.50761e-03 -1.51188e-03 -1.51594e-03 -1.51981e-03 -1.52345e-03 -1.52688e-03
 -1.53007e-03 -1.53302e-03 -1.53572e-03 -1.53816e-03 -1.54034e-03 -1.54223e-03
 -1.54384e-03 -1.54515e-03 -1.54616e-03 -1.54685e-03 -1.54722e-03 -1.54726e-03
 -1.54696e-03 -1.54632e-03 -1.54532e-03 -1.54395e-03 -1.54221e-03 -1.54009e-03
 -1.53759e-03 -1.53469e-03 -1.53138e-03 -1.52767e-03 -1.52354e-03 -1.51898e-03
 -1.51400e-03 -1.50858e-03 -1.50272e-03 -1.49641e-03 -1.48965e-03 -1.48243e-03
 -1.47474e-03 -1.46659e-03 -1.45797e-03 -1.44886e-03 -1.43928e-03 -1.42921e-03
 -1.41866e-03 -1.40761e-03 -1.39608e-03 -1.38404e-03 -1.37151e-03 -1.35848e-03
 -1.34495e-03 -1.33092e-03 -1.31638e-03 -1.30134e-03 -1.28580e-03 -1.26975e-03
 -1.25319e-03 -1.23613e-03 -1.21857e-03 -1.20051e-03 -1.18195e-03 -1.16289e-03
 -1.14334e-03 -1.12329e-03 -1.10275e-03 -1.08173e-03 -1.06022e-03 -1.03824e-03
 -1.01578e-03 -9.92846e-04 -9.69449e-04 -9.45591e-04 -9.21277e-04 -8.96513e-04
 -8.71306e-04 -8.45660e-04 -8.19584e-04 -7.93083e-04 -7.66165e-04 -7.38839e-04
 -7.11111e-04 -6.82990e-04 -6.54485e-04 -6.25604e-04 -5.96356e-04 -5.66751e-04
 -5.36798e-04 -5.06507e-04 -4.75888e-04 -4.44952e-04 -4.13710e-04 -3.82172e-04
 -3.50350e-04 -3.18256e-04 -2.85900e-04 -2.53296e-04 -2.20456e-04 -1.87391e-04
 -1.54115e-04 -1.20640e-04 -8.69802e-05 -5.31481e-05 -1.91578e-05  1.49769e-05
  4.92418e-05  8.36228e-05  1.18105e-04  1.52675e-04  1.87316e-04  2.22015e-04
  2.56756e-04  2.91525e-04  3.26306e-04  3.61083e-04  3.95843e-04  4.30569e-04
  4.65245e-04  4.99857e-04  5.34388e-04  5.68823e-04  6.03147e-04  6.37342e-04
  6.71395e-04  7.05290e-04  7.39010e-04  7.72539e-04  8.05864e-04  8.38966e-04
  8.71832e-04  9.04446e-04  9.36791e-04  9.68854e-04  1.00062e-03  1.03207e-03
  1.06319e-03  1.09398e-03  1.12440e-03  1.15445e-03  1.18412e-03  1.21339e-03
  1.24225e-03  1.27068e-03  1.29866e-03  1.32620e-03  1.35326e-03  1.37985e-03
  1.40595e-03  1.43154e-03  1.45661e-03  1.48115e-03  1.50515e-03  1.52861e-03
  1.55150e-03  1.57381e-03  1.59555e-03  1.61669e-03  1.63723e-03  1.65715e-03
  1.67646e-03  1.69513e-03  1.71317e-03  1.73056e-03  1.74730e-03  1.76337e-03
  1.77878e-03  1.79351e-03  1.80757e-03  1.82093e-03  1.83360e-03  1.84558e-03
  1.85686e-03  1.86743e-03  1.87728e-03  1.88643e-03  1.89486e-03  1.90257e-03
  1.90956e-03  1.91582e-03  1.92136e-03  1.92617e-03  1.93026e-03  1.93362e-03
  1.93626e-03  1.93816e-03  1.93935e-03  1.93981e-03  1.93955e-03  1.93858e-03
  1.93689e-03  1.93448e-03  1.93137e-03  1.92756e-03  1.92304e-03  1.91783e-03
  1.91194e-03  1.90536e-03  1.89810e-03  1.89018e-03  1.88160e-03  1.87236e-03
  1.86248e-03  1.85196e-03  1.84082e-03  1.82906e-03  1.81670e-03  1.80374e-03
  1.79019e-03  1.77608e-03  1.76140e-03  1.74618e-03  1.73042e-03  1.71414e-03
  1.69736e-03  1.68008e-03  1.66232e-03  1.64409e-03  1.62542e-03  1.60631e-03
  1.58679e-03  1.56687e-03  1.54656e-03  1.52589e-03  1.50487e-03  1.48351e-03
  1.46185e-03  1.43989e-03  1.41766e-03  1.39517e-03  1.37245e-03  1.34950e-03
  1.32636e-03  1.30304e-03  1.27957e-03  1.25595e-03  1.23222e-03  1.20839e-03
  1.18449e-03  1.16053e-03  1.13654e-03  1.11254e-03  1.08855e-03  1.06458e-03
  1.04067e-03  1.01683e-03  9.93077e-04  9.69441e-04  9.45939e-04  9.22591e-04
  8.99419e-04  8.76443e-04  8.53684e-04  8.31161e-04  8.08894e-04  7.86904e-04
  7.65210e-04  7.43831e-04  7.22784e-04  7.02091e-04  6.81767e-04  6.61832e-04
  6.42301e-04  6.23192e-04  6.04521e-04  5.86304e-04  5.68557e-04  5.51294e-04
  5.34530e-04  5.18279e-04  5.02554e-04  4.87368e-04  4.72733e-04  4.58660e-04
  4.45162e-04  4.32247e-04  4.19926e-04  4.08208e-04  3.97100e-04  3.86610e-04
  3.76746e-04  3.67512e-04  3.58914e-04  3.50957e-04  3.43644e-04  3.36977e-04
  3.30961e-04  3.25595e-04  3.20880e-04  3.16817e-04  3.13405e-04  3.10641e-04
  3.08524e-04  3.07049e-04  3.06213e-04  3.06011e-04  3.06436e-04  3.07482e-04
  3.09142e-04  3.11407e-04  3.14267e-04  3.17712e-04  3.21733e-04  3.26317e-04
  3.31451e-04  3.37124e-04  3.43321e-04  3.50027e-04  3.57227e-04  3.64906e-04
  3.73046e-04  3.81630e-04  3.90640e-04  4.00057e-04  4.09862e-04  4.20035e-04
  4.30555e-04  4.41401e-04  4.52553e-04  4.63986e-04  4.75680e-04  4.87610e-04
  4.99752e-04  5.12084e-04  5.24579e-04  5.37214e-04  5.49963e-04  5.62800e-04
  5.75699e-04  5.88634e-04  6.01579e-04  6.14506e-04  6.27389e-04  6.40201e-04
  6.52914e-04  6.65501e-04  6.77935e-04  6.90189e-04  7.02235e-04  7.14046e-04
  7.25596e-04  7.36856e-04  7.47800e-04  7.58402e-04  7.68634e-04  7.78470e-04
  7.87885e-04  7.96851e-04  8.05343e-04  8.13337e-04  8.20806e-04  8.27726e-04
  8.34074e-04  8.39825e-04  8.44956e-04  8.49444e-04  8.53269e-04  8.56407e-04
  8.58838e-04  8.60543e-04  8.61501e-04  8.61694e-04  8.61103e-04  8.59712e-04
  8.57504e-04  8.54463e-04  8.50574e-04  8.45823e-04  8.40195e-04  8.33678e-04
  8.26261e-04  8.17932e-04  8.08682e-04  7.98501e-04  7.87381e-04  7.75316e-04
  7.62298e-04  7.48323e-04  7.33386e-04  7.17483e-04  7.00614e-04  6.82775e-04
  6.63966e-04  6.44190e-04  6.23446e-04  6.01738e-04  5.79070e-04  5.55446e-04
  5.30872e-04  5.05356e-04  4.78904e-04  4.51525e-04  4.23229e-04  3.94027e-04
  3.63930e-04  3.32951e-04  3.01103e-04  2.68401e-04  2.34861e-04  2.00499e-04
  1.65332e-04  1.29380e-04  9.26601e-05  5.51936e-05  1.70010e-05 -2.18960e-05
 -6.14749e-05 -1.01712e-04 -1.42584e-04 -1.84066e-04 -2.26131e-04 -2.68755e-04
 -3.11908e-04 -3.55564e-04 -3.99695e-04 -4.44271e-04 -4.89263e-04 -5.34641e-04
 -5.80375e-04 -6.26434e-04 -6.72786e-04 -7.19399e-04 -7.66241e-04 -8.13279e-04
 -8.60480e-04 -9.07811e-04 -9.55237e-04 -1.00272e-03 -1.05024e-03 -1.09774e-03
 -1.14521e-03 -1.19259e-03 -1.23986e-03 -1.28699e-03 -1.33393e-03 -1.38065e-03
 -1.42711e-03 -1.47329e-03 -1.51914e-03 -1.56463e-03 -1.60973e-03 -1.65439e-03
 -1.69859e-03 -1.74229e-03 -1.78545e-03 -1.82805e-03 -1.87004e-03 -1.91140e-03
 -1.95209e-03 -1.99208e-03 -2.03134e-03 -2.06984e-03 -2.10754e-03 -2.14441e-03
 -2.18043e-03 -2.21556e-03 -2.24978e-03 -2.28305e-03 -2.31535e-03 -2.34665e-03
 -2.37693e-03 -2.40616e-03 -2.43432e-03 -2.46137e-03 -2.48731e-03 -2.51210e-03
 -2.53573e-03 -2.55818e-03 -2.57942e-03 -2.59943e-03 -2.61821e-03 -2.63573e-03
 -2.65198e-03 -2.66693e-03 -2.68059e-03 -2.69294e-03 -2.70395e-03 -2.71364e-03
 -2.72198e-03 -2.72896e-03 -2.73459e-03 -2.73885e-03 -2.74174e-03 -2.74326e-03
 -2.74339e-03 -2.74216e-03 -2.73954e-03 -2.73554e-03 -2.73017e-03 -2.72342e-03
 -2.71531e-03 -2.70584e-03 -2.69500e-03 -2.68282e-03 -2.66931e-03 -2.65446e-03
 -2.63829e-03 -2.62082e-03 -2.60206e-03 -2.58202e-03 -2.56071e-03 -2.53816e-03
 -2.51438e-03 -2.48938e-03 -2.46320e-03 -2.43584e-03 -2.40732e-03 -2.37768e-03
 -2.34693e-03 -2.31509e-03 -2.28219e-03 -2.24825e-03 -2.21330e-03 -2.17737e-03
 -2.14048e-03 -2.10266e-03 -2.06394e-03 -2.02434e-03 -1.98389e-03 -1.94263e-03
 -1.90058e-03 -1.85778e-03 -1.81425e-03 -1.77002e-03 -1.72512e-03 -1.67960e-03
 -1.63346e-03 -1.58676e-03 -1.53952e-03 -1.49176e-03 -1.44354e-03 -1.39486e-03
 -1.34577e-03 -1.29630e-03 -1.24648e-03 -1.19634e-03 -1.14590e-03 -1.09521e-03
 -1.04429e-03 -9.93169e-04 -9.41881e-04 -8.90453e-04 -8.38915e-04 -7.87297e-04
 -7.35626e-04 -6.83931e-04 -6.32240e-04 -5.80580e-04 -5.28977e-04 -4.77458e-04
 -4.26050e-04 -3.74776e-04 -3.23663e-04 -2.72734e-04 -2.22014e-04 -1.71526e-04
 -1.21293e-04 -7.13373e-05 -2.16819e-05  2.76522e-05  7.66441e-05  1.25273e-04
  1.73520e-04  2.21365e-04  2.68789e-04  3.15773e-04  3.62301e-04  4.08354e-04
  4.53915e-04  4.98967e-04  5.43494e-04  5.87481e-04  6.30911e-04  6.73771e-04
  7.16043e-04  7.57716e-04  7.98773e-04  8.39203e-04  8.78990e-04  9.18123e-04
  9.56589e-04  9.94373e-04  1.03147e-03  1.06785e-03  1.10352e-03  1.13847e-03
  1.17267e-03  1.20612e-03  1.23881e-03  1.27073e-03  1.30186e-03  1.33220e-03
  1.36173e-03  1.39045e-03  1.41834e-03  1.44540e-03  1.47162e-03  1.49698e-03
  1.52148e-03  1.54511e-03  1.56786e-03  1.58972e-03  1.61068e-03  1.63074e-03
  1.64988e-03  1.66810e-03  1.68539e-03  1.70175e-03  1.71716e-03  1.73161e-03
  1.74512e-03  1.75765e-03  1.76922e-03  1.77982e-03  1.78943e-03  1.79806e-03
  1.80570e-03  1.81235e-03  1.81800e-03  1.82265e-03  1.82630e-03  1.82894e-03
  1.83058e-03  1.83121e-03  1.83084e-03  1.82945e-03  1.82706e-03  1.82366e-03
  1.81925e-03  1.81384e-03  1.80744e-03  1.80003e-03  1.79163e-03  1.78225e-03
  1.77189e-03  1.76055e-03  1.74824e-03  1.73497e-03  1.72075e-03  1.70559e-03
  1.68950e-03  1.67248e-03  1.65455e-03  1.63573e-03  1.61602e-03  1.59544e-03
  1.57399e-03  1.55171e-03  1.52860e-03  1.50468e-03  1.47997e-03  1.45448e-03
  1.42824e-03  1.40126e-03  1.37356e-03  1.34516e-03  1.31608e-03  1.28635e-03
  1.25599e-03  1.22502e-03  1.19346e-03  1.16133e-03  1.12867e-03  1.09550e-03
  1.06183e-03  1.02770e-03  9.93140e-04  9.58166e-04  9.22808e-04  8.87093e-04
  8.51049e-04  8.14704e-04  7.78084e-04  7.41218e-04  7.04132e-04  6.66857e-04
  6.29418e-04  5.91845e-04  5.54166e-04  5.16410e-04  4.78603e-04  4.40776e-04
  4.02957e-04  3.65173e-04  3.27453e-04  2.89825e-04  2.52316e-04  2.14955e-04
  1.77769e-04  1.40785e-04  1.04029e-04  6.75287e-05  3.13095e-05 -4.60267e-06
 -4.01826e-05 -7.54051e-05 -1.10246e-04 -1.44680e-04 -1.78685e-04 -2.12238e-04
 -2.45314e-04 -2.77893e-04 -3.09952e-04 -3.41470e-04 -3.72427e-04 -4.02801e-04
 -4.32574e-04 -4.61725e-04 -4.90236e-04 -5.18089e-04 -5.45267e-04 -5.71751e-04
 -5.97526e-04 -6.22577e-04 -6.46887e-04 -6.70443e-04 -6.93231e-04 -7.15238e-04
 -7.36451e-04 -7.56858e-04 -7.76449e-04 -7.95212e-04 -8.13139e-04 -8.30219e-04
 -8.46444e-04 -8.61807e-04 -8.76299e-04 -8.89914e-04 -9.02647e-04 -9.14491e-04
 -9.25443e-04 -9.35499e-04 -9.44655e-04 -9.52909e-04 -9.60258e-04 -9.66703e-04
 -9.72241e-04 -9.76874e-04 -9.80603e-04 -9.83428e-04 -9.85352e-04 -9.86378e-04
 -9.86509e-04 -9.85751e-04 -9.84106e-04 -9.81581e-04 -9.78183e-04 -9.73917e-04
 -9.68792e-04 -9.62816e-04 -9.55997e-04 -9.48345e-04 -9.39870e-04 -9.30583e-04
 -9.20495e-04 -9.09619e-04 -8.97967e-04 -8.85553e-04 -8.72390e-04 -8.58494e-04
 -8.43880e-04 -8.28565e-04 -8.12563e-04 -7.95894e-04 -7.78573e-04 -7.60621e-04
 -7.42054e-04 -7.22892e-04 -7.03155e-04 -6.82863e-04 -6.62037e-04 -6.40698e-04
 -6.18866e-04 -5.96565e-04 -5.73817e-04 -5.50645e-04 -5.27071e-04 -5.03120e-04
 -4.78816e-04 -4.54183e-04 -4.29245e-04 -4.04028e-04 -3.78557e-04 -3.52858e-04
 -3.26956e-04 -3.00878e-04 -2.74649e-04 -2.48296e-04 -2.21845e-04 -1.95323e-04
 -1.68756e-04 -1.42171e-04 -1.15595e-04 -8.90531e-05 -6.25729e-05 -3.61806e-05
 -9.90249e-06  1.62352e-05  4.22065e-05  6.79854e-05  9.35465e-05  1.18864e-04
  1.43913e-04  1.68669e-04  1.93107e-04  2.17203e-04  2.40933e-04  2.64274e-04
  2.87202e-04  3.09696e-04  3.31732e-04  3.53290e-04  3.74349e-04  3.94889e-04
  4.14890e-04  4.34332e-04  4.53198e-04  4.71470e-04  4.89131e-04  5.06165e-04
  5.22556e-04  5.38290e-04  5.53352e-04  5.67729e-04  5.81410e-04  5.94382e-04
  6.06635e-04  6.18159e-04  6.28946e-04  6.38987e-04  6.48275e-04  6.56805e-04
  6.64571e-04  6.71569e-04  6.77797e-04  6.83251e-04  6.87931e-04  6.91836e-04
  6.94967e-04  6.97325e-04  6.98913e-04  6.99733e-04  6.99791e-04  6.99090e-04
  6.97638e-04  6.95440e-04  6.92506e-04  6.88844e-04  6.84463e-04  6.79375e-04
  6.73590e-04  6.67120e-04  6.59980e-04  6.52182e-04  6.43742e-04  6.34673e-04
  6.24993e-04  6.14718e-04  6.03865e-04  5.92453e-04  5.80499e-04  5.68024e-04
  5.55046e-04  5.41587e-04  5.27668e-04  5.13308e-04  4.98530e-04  4.83356e-04
  4.67809e-04  4.51910e-04  4.35683e-04  4.19152e-04  4.02339e-04  3.85269e-04
  3.67965e-04  3.50452e-04  3.32753e-04  3.14893e-04  2.96897e-04  2.78787e-04
  2.60589e-04  2.42327e-04  2.24024e-04  2.05704e-04  1.87391e-04  1.69109e-04
  1.50880e-04  1.32728e-04  1.14675e-04  9.67431e-05  7.89551e-05  6.13323e-05
  4.38962e-05  2.66678e-05  9.66753e-06 -7.08436e-06 -2.35682e-05 -3.97649e-05
 -5.56558e-05 -7.12228e-05 -8.64485e-05 -1.01316e-04 -1.15809e-04 -1.29912e-04
 -1.43610e-04 -1.56888e-04 -1.69733e-04 -1.82131e-04 -1.94070e-04 -2.05539e-04
 -2.16524e-04 -2.27017e-04 -2.37008e-04 -2.46486e-04 -2.55444e-04 -2.63874e-04
 -2.71768e-04 -2.79121e-04 -2.85926e-04 -2.92179e-04 -2.97875e-04 -3.03011e-04
 -3.07583e-04 -3.11590e-04 -3.15030e-04 -3.17902e-04 -3.20207e-04 -3.21944e-04
 -3.23115e-04 -3.23721e-04 -3.23764e-04 -3.23249e-04 -3.22177e-04 -3.20554e-04
 -3.18384e-04 -3.15671e-04 -3.12422e-04 -3.08644e-04 -3.04342e-04 -2.99524e-04
 -2.94199e-04 -2.88374e-04 -2.82059e-04 -2.75262e-04 -2.67995e-04 -2.60266e-04
 -2.52088e-04 -2.43470e-04 -2.34425e-04 -2.24964e-04 -2.15099e-04 -2.04843e-04
 -1.94209e-04 -1.83209e-04 -1.71857e-04 -1.60166e-04 -1.48151e-04 -1.35826e-04
 -1.23205e-04 -1.10303e-04 -9.71344e-05 -8.37141e-05 -7.00573e-05 -5.61789e-05
 -4.20943e-05 -2.78188e-05 -1.33678e-05  1.24350e-06  1.59995e-05  3.08848e-05
  4.58839e-05  6.09813e-05  7.61615e-05  9.14090e-05  1.06708e-04  1.22045e-04
  1.37402e-04  1.52765e-04  1.68120e-04  1.83451e-04  1.98743e-04  2.13982e-04
  2.29154e-04  2.44244e-04  2.59239e-04  2.74124e-04  2.88886e-04  3.03513e-04
  3.17989e-04  3.32304e-04  3.46444e-04  3.60397e-04  3.74151e-04  3.87694e-04
  4.01015e-04  4.14103e-04  4.26947e-04  4.39536e-04  4.51861e-04  4.63910e-04
  4.75674e-04  4.87145e-04  4.98312e-04  5.09168e-04  5.19704e-04  5.29912e-04
  5.39785e-04  5.49316e-04  5.58499e-04  5.67327e-04  5.75795e-04  5.83897e-04
  5.91629e-04  5.98984e-04  6.05959e-04  6.12549e-04  6.18751e-04  6.24561e-04
  6.29976e-04  6.34993e-04  6.39611e-04  6.43827e-04  6.47640e-04  6.51048e-04
  6.54051e-04  6.56649e-04  6.58841e-04  6.60627e-04  6.62008e-04  6.62986e-04
  6.63560e-04  6.63732e-04  6.63505e-04  6.62881e-04  6.61861e-04  6.60450e-04
  6.58650e-04  6.56464e-04  6.53897e-04  6.50952e-04  6.47634e-04  6.43947e-04
  6.39896e-04  6.35487e-04  6.30723e-04  6.25612e-04  6.20159e-04  6.14370e-04
  6.08251e-04  6.01810e-04  5.95052e-04  5.87986e-04  5.80618e-04  5.72956e-04
  5.65008e-04  5.56782e-04  5.48286e-04  5.39528e-04  5.30518e-04  5.21263e-04
  5.11772e-04  5.02055e-04  4.92119e-04  4.81975e-04  4.71632e-04  4.61099e-04
  4.50386e-04  4.39503e-04  4.28459e-04  4.17265e-04  4.05931e-04  3.94467e-04
  3.82883e-04  3.71190e-04  3.59398e-04  3.47517e-04  3.35557e-04  3.23529e-04
  3.11443e-04  2.99310e-04  2.87139e-04  2.74942e-04  2.62729e-04  2.50510e-04
  2.38294e-04  2.26093e-04  2.13917e-04  2.01775e-04  1.89676e-04  1.77632e-04
  1.65652e-04  1.53744e-04  1.41919e-04  1.30186e-04  1.18553e-04  1.07031e-04
  9.56259e-05  8.43479e-05  7.32049e-05  6.22048e-05  5.13555e-05  4.06646e-05
  3.01393e-05  1.97866e-05  9.61308e-06 -3.74876e-07 -1.01713e-05 -1.97704e-05
 -2.91670e-05 -3.83560e-05 -4.73328e-05 -5.60932e-05 -6.46331e-05 -7.29491e-05
 -8.10380e-05 -8.88970e-05 -9.65239e-05 -1.03917e-04 -1.11074e-04 -1.17995e-04
 -1.24679e-04 -1.31126e-04 -1.37336e-04 -1.43311e-04 -1.49050e-04 -1.54557e-04
 -1.59832e-04 -1.64879e-04 -1.69701e-04 -1.74300e-04 -1.78681e-04 -1.82848e-04
 -1.86805e-04 -1.90558e-04 -1.94113e-04 -1.97475e-04 -2.00651e-04 -2.03648e-04
 -2.06473e-04 -2.09134e-04 -2.11639e-04 -2.13995e-04 -2.16212e-04 -2.18298e-04
 -2.20263e-04 -2.22116e-04 -2.23866e-04 -2.25524e-04 -2.27101e-04 -2.28605e-04
 -2.30049e-04 -2.31443e-04 -2.32798e-04 -2.34126e-04 -2.35437e-04 -2.36742e-04
 -2.38054e-04 -2.39383e-04 -2.40741e-04 -2.42139e-04 -2.43587e-04 -2.45098e-04
 -2.46682e-04 -2.48350e-04 -2.50112e-04 -2.51980e-04 -2.53963e-04 -2.56071e-04
 -2.58315e-04 -2.60704e-04 -2.63246e-04 -2.65952e-04 -2.68829e-04 -2.71885e-04
 -2.75128e-04 -2.78565e-04 -2.82204e-04 -2.86051e-04 -2.90110e-04 -2.94389e-04
 -2.98891e-04 -3.03621e-04 -3.08582e-04 -3.13778e-04 -3.19212e-04 -3.24884e-04
 -3.30797e-04 -3.36952e-04 -3.43347e-04 -3.49983e-04 -3.56859e-04 -3.63972e-04
 -3.71320e-04 -3.78899e-04 -3.86707e-04 -3.94738e-04 -4.02987e-04 -4.11449e-04
 -4.20117e-04 -4.28985e-04 -4.38044e-04 -4.47286e-04 -4.56702e-04 -4.66283e-04
 -4.76019e-04 -4.85898e-04 -4.95911e-04 -5.06045e-04 -5.16287e-04 -5.26625e-04
 -5.37045e-04 -5.47535e-04 -5.58080e-04 -5.68664e-04 -5.79274e-04 -5.89894e-04
 -6.00508e-04 -6.11101e-04 -6.21655e-04 -6.32155e-04 -6.42584e-04 -6.52926e-04
 -6.63163e-04 -6.73277e-04 -6.83253e-04 -6.93072e-04 -7.02718e-04 -7.12172e-04
 -7.21417e-04 -7.30437e-04 -7.39213e-04 -7.47730e-04 -7.55969e-04 -7.63914e-04
 -7.71550e-04 -7.78858e-04 -7.85825e-04 -7.92433e-04 -7.98667e-04 -8.04513e-04
 -8.09955e-04 -8.14981e-04 -8.19574e-04 -8.23724e-04 -8.27416e-04 -8.30639e-04
 -8.33381e-04 -8.35631e-04 -8.37378e-04 -8.38612e-04 -8.39324e-04 -8.39506e-04
 -8.39149e-04 -8.38247e-04 -8.36791e-04 -8.34777e-04 -8.32200e-04 -8.29054e-04
 -8.25337e-04 -8.21045e-04 -8.16176e-04 -8.10729e-04 -8.04704e-04 -7.98100e-04
 -7.90919e-04 -7.83162e-04 -7.74833e-04 -7.65934e-04 -7.56470e-04 -7.46446e-04
 -7.35868e-04 -7.24741e-04 -7.13075e-04 -7.00875e-04 -6.88152e-04 -6.74915e-04
 -6.61174e-04 -6.46940e-04 -6.32224e-04 -6.17040e-04 -6.01400e-04 -5.85318e-04
 -5.68809e-04 -5.51888e-04 -5.34570e-04 -5.16873e-04 -4.98812e-04 -4.80405e-04
 -4.61671e-04 -4.42628e-04 -4.23295e-04 -4.03691e-04 -3.83836e-04 -3.63751e-04
 -3.43456e-04 -3.22971e-04 -3.02320e-04 -2.81522e-04 -2.60600e-04 -2.39577e-04
 -2.18474e-04 -1.97314e-04 -1.76120e-04 -1.54915e-04 -1.33721e-04 -1.12561e-04
 -9.14580e-05 -7.04352e-05 -4.95150e-05 -2.87202e-05 -8.07334e-06  1.24030e-05
  3.26865e-05  5.27550e-05  7.25865e-05  9.21590e-05  1.11451e-04  1.30442e-04
  1.49110e-04  1.67435e-04  1.85397e-04  2.02977e-04  2.20155e-04  2.36914e-04
  2.53234e-04  2.69099e-04  2.84491e-04  2.99395e-04  3.13795e-04  3.27674e-04
  3.41020e-04  3.53818e-04  3.66054e-04  3.77718e-04  3.88796e-04  3.99278e-04
  4.09153e-04  4.18414e-04  4.27050e-04  4.35054e-04  4.42420e-04  4.49140e-04
  4.55209e-04  4.60622e-04  4.65376e-04  4.69468e-04  4.72894e-04  4.75654e-04
  4.77748e-04  4.79175e-04  4.79937e-04  4.80036e-04  4.79475e-04  4.78257e-04
  4.76388e-04  4.73873e-04  4.70717e-04  4.66927e-04  4.62511e-04  4.57477e-04
  4.51834e-04  4.45591e-04  4.38760e-04  4.31350e-04  4.23375e-04  4.14846e-04
  4.05776e-04  3.96180e-04  3.86072e-04  3.75466e-04  3.64379e-04  3.52826e-04
  3.40824e-04  3.28390e-04  3.15540e-04  3.02294e-04  2.88669e-04  2.74685e-04
  2.60359e-04  2.45712e-04  2.30762e-04  2.15531e-04  2.00038e-04  1.84304e-04
  1.68348e-04  1.52193e-04  1.35859e-04  1.19368e-04  1.02740e-04  8.59969e-05
  6.91605e-05  5.22523e-05  3.52936e-05  1.83062e-05  1.31125e-06 -1.56697e-05
 -3.26153e-05 -4.95045e-05 -6.63163e-05 -8.30296e-05 -9.96240e-05 -1.16079e-04
 -1.32374e-04 -1.48490e-04 -1.64406e-04 -1.80103e-04 -1.95562e-04 -2.10764e-04
 -2.25690e-04 -2.40323e-04 -2.54644e-04 -2.68636e-04 -2.82283e-04 -2.95566e-04
 -3.08470e-04 -3.20980e-04 -3.33080e-04 -3.44756e-04 -3.55993e-04 -3.66777e-04
 -3.77096e-04 -3.86936e-04 -3.96285e-04 -4.05133e-04 -4.13466e-04 -4.21276e-04
 -4.28553e-04 -4.35286e-04 -4.41466e-04 -4.47087e-04 -4.52140e-04 -4.56619e-04
 -4.60516e-04 -4.63827e-04 -4.66546e-04 -4.68668e-04 -4.70191e-04 -4.71111e-04
 -4.71426e-04 -4.71133e-04 -4.70232e-04 -4.68722e-04 -4.66603e-04 -4.63877e-04
 -4.60544e-04 -4.56606e-04 -4.52067e-04 -4.46928e-04 -4.41195e-04 -4.34872e-04
 -4.27964e-04 -4.20477e-04 -4.12417e-04 -4.03793e-04 -3.94610e-04 -3.84879e-04
 -3.74607e-04 -3.63805e-04 -3.52482e-04 -3.40649e-04 -3.28316e-04 -3.15496e-04
 -3.02201e-04 -2.88442e-04 -2.74235e-04 -2.59591e-04 -2.44526e-04 -2.29054e-04
 -2.13191e-04 -1.96951e-04 -1.80351e-04 -1.63406e-04 -1.46135e-04 -1.28553e-04
 -1.10679e-04 -9.25291e-05 -7.41219e-05 -5.54755e-05 -3.66084e-05 -1.75391e-05
  1.71361e-06  2.11307e-05  4.06933e-05  6.03821e-05  8.01779e-05  1.00061e-04
  1.20013e-04  1.40013e-04  1.60043e-04  1.80081e-04  2.00110e-04  2.20109e-04
  2.40059e-04  2.59940e-04  2.79734e-04  2.99420e-04  3.18981e-04  3.38397e-04
  3.57649e-04  3.76721e-04  3.95593e-04  4.14248e-04  4.32670e-04  4.50839e-04
  4.68741e-04  4.86358e-04  5.03674e-04  5.20675e-04  5.37344e-04  5.53667e-04
  5.69629e-04  5.85216e-04  6.00414e-04  6.15212e-04  6.29595e-04  6.43552e-04
  6.57071e-04  6.70142e-04  6.82754e-04  6.94897e-04  7.06561e-04  7.17738e-04
  7.28419e-04  7.38595e-04  7.48261e-04  7.57408e-04  7.66031e-04  7.74122e-04
  7.81678e-04  7.88693e-04  7.95164e-04  8.01085e-04  8.06456e-04  8.11272e-04
  8.15532e-04  8.19234e-04  8.22378e-04  8.24963e-04  8.26989e-04  8.28456e-04
  8.29365e-04  8.29717e-04  8.29515e-04  8.28760e-04  8.27456e-04  8.25605e-04
  8.23211e-04  8.20278e-04  8.16811e-04  8.12814e-04  8.08292e-04  8.03252e-04
  7.97697e-04  7.91636e-04  7.85073e-04  7.78016e-04  7.70472e-04  7.62448e-04
  7.53951e-04  7.44990e-04  7.35572e-04  7.25707e-04  7.15402e-04  7.04666e-04
  6.93509e-04  6.81940e-04  6.69968e-04  6.57603e-04  6.44854e-04  6.31732e-04
  6.18247e-04  6.04409e-04  5.90228e-04  5.75715e-04  5.60881e-04  5.45736e-04
  5.30292e-04  5.14558e-04  4.98547e-04  4.82270e-04  4.65737e-04  4.48960e-04
  4.31951e-04  4.14721e-04  3.97281e-04  3.79644e-04  3.61822e-04  3.43825e-04
  3.25666e-04  3.07356e-04  2.88909e-04  2.70335e-04  2.51647e-04  2.32856e-04
  2.13976e-04  1.95017e-04  1.75993e-04  1.56914e-04  1.37794e-04  1.18644e-04
  9.94764e-05  8.03036e-05  6.11375e-05  4.19905e-05  2.28747e-05  3.80212e-06
 -1.52151e-05 -3.41651e-05 -5.30359e-05 -7.18156e-05 -9.04924e-05 -1.09055e-04
 -1.27490e-04 -1.45788e-04 -1.63937e-04 -1.81924e-04 -1.99739e-04 -2.17371e-04
 -2.34808e-04 -2.52040e-04 -2.69055e-04 -2.85844e-04 -3.02395e-04 -3.18699e-04
 -3.34746e-04 -3.50525e-04 -3.66028e-04 -3.81244e-04 -3.96164e-04 -4.10780e-04
 -4.25083e-04 -4.39064e-04 -4.52715e-04 -4.66030e-04 -4.78999e-04 -4.91616e-04
 -5.03874e-04 -5.15766e-04 -5.27286e-04 -5.38429e-04 -5.49187e-04 -5.59557e-04
 -5.69534e-04 -5.79112e-04 -5.88288e-04 -5.97057e-04 -6.05418e-04 -6.13366e-04
 -6.20899e-04 -6.28015e-04 -6.34713e-04 -6.40990e-04 -6.46846e-04 -6.52281e-04
 -6.57294e-04 -6.61886e-04 -6.66057e-04 -6.69808e-04 -6.73141e-04 -6.76058e-04
 -6.78560e-04 -6.80652e-04 -6.82335e-04 -6.83613e-04 -6.84491e-04 -6.84971e-04
 -6.85060e-04 -6.84761e-04 -6.84080e-04 -6.83022e-04 -6.81594e-04 -6.79801e-04
 -6.77650e-04 -6.75147e-04 -6.72299e-04 -6.69114e-04 -6.65598e-04 -6.61760e-04
 -6.57607e-04 -6.53147e-04 -6.48388e-04 -6.43339e-04 -6.38009e-04 -6.32406e-04
 -6.26538e-04 -6.20416e-04 -6.14047e-04 -6.07442e-04 -6.00610e-04 -5.93559e-04
 -5.86299e-04 -5.78839e-04 -5.71189e-04 -5.63358e-04 -5.55354e-04 -5.47188e-04
 -5.38869e-04 -5.30405e-04 -5.21805e-04 -5.13079e-04 -5.04236e-04 -4.95283e-04
 -4.86230e-04 -4.77085e-04 -4.67856e-04 -4.58552e-04 -4.49179e-04 -4.39747e-04
 -4.30263e-04 -4.20733e-04 -4.11166e-04 -4.01567e-04 -3.91944e-04 -3.82304e-04
 -3.72652e-04 -3.62994e-04 -3.53338e-04 -3.43687e-04 -3.34047e-04 -3.24424e-04
 -3.14823e-04 -3.05248e-04 -2.95703e-04 -2.86192e-04 -2.76720e-04 -2.67290e-04
 -2.57905e-04 -2.48569e-04 -2.39285e-04 -2.30054e-04 -2.20880e-04 -2.11764e-04
 -2.02709e-04 -1.93716e-04 -1.84788e-04 -1.75924e-04 -1.67126e-04 -1.58395e-04
 -1.49732e-04 -1.41137e-04 -1.32610e-04 -1.24150e-04 -1.15759e-04 -1.07435e-04
 -9.91784e-05 -9.09879e-05 -8.28628e-05 -7.48022e-05 -6.68049e-05 -5.88695e-05
 -5.09945e-05 -4.31784e-05 -3.54194e-05 -2.77155e-05 -2.00649e-05 -1.24654e-05
 -4.91499e-06  2.58869e-06  1.00479e-05  1.74650e-05  2.48425e-05  3.21829e-05
  3.94886e-05  4.67622e-05  5.40065e-05  6.12241e-05  6.84179e-05  7.55908e-05
  8.27453e-05  8.98846e-05  9.70113e-05  1.04128e-04  1.11238e-04  1.18344e-04
  1.25448e-04  1.32553e-04  1.39662e-04  1.46777e-04  1.53901e-04  1.61036e-04
  1.68186e-04  1.75352e-04  1.82536e-04  1.89741e-04  1.96969e-04  2.04222e-04
  2.11501e-04  2.18809e-04  2.26148e-04  2.33518e-04  2.40921e-04  2.48359e-04
  2.55832e-04  2.63343e-04  2.70891e-04  2.78478e-04  2.86104e-04  2.93769e-04
  3.01475e-04  3.09220e-04  3.17005e-04  3.24831e-04  3.32695e-04  3.40599e-04
  3.48541e-04  3.56520e-04  3.64536e-04  3.72586e-04  3.80671e-04  3.88787e-04
  3.96933e-04  4.05107e-04  4.13307e-04  4.21530e-04  4.29774e-04  4.38035e-04
  4.46311e-04  4.54599e-04  4.62894e-04  4.71195e-04  4.79496e-04  4.87794e-04
  4.96085e-04  5.04365e-04  5.12630e-04  5.20874e-04  5.29095e-04  5.37286e-04
  5.45442e-04  5.53560e-04  5.61633e-04  5.69656e-04  5.77624e-04  5.85531e-04
  5.93372e-04  6.01140e-04  6.08831e-04  6.16437e-04  6.23953e-04  6.31373e-04
  6.38691e-04  6.45901e-04  6.52996e-04  6.59969e-04  6.66816e-04  6.73529e-04
  6.80102e-04  6.86529e-04  6.92804e-04  6.98920e-04  7.04871e-04  7.10652e-04
  7.16255e-04  7.21675e-04  7.26905e-04  7.31941e-04  7.36775e-04  7.41403e-04
  7.45818e-04  7.50016e-04  7.53990e-04  7.57735e-04  7.61247e-04  7.64520e-04
  7.67550e-04  7.70331e-04  7.72860e-04  7.75131e-04  7.77141e-04  7.78886e-04
  7.80361e-04  7.81564e-04  7.82489e-04  7.83135e-04  7.83498e-04  7.83575e-04
  7.83364e-04  7.82862e-04  7.82067e-04  7.80978e-04  7.79591e-04  7.77907e-04
  7.75923e-04  7.73639e-04  7.71054e-04  7.68167e-04  7.64978e-04  7.61487e-04
  7.57694e-04  7.53600e-04  7.49204e-04  7.44509e-04  7.39515e-04  7.34224e-04
  7.28638e-04  7.22757e-04  7.16586e-04  7.10125e-04  7.03377e-04  6.96346e-04
  6.89035e-04  6.81445e-04  6.73582e-04  6.65449e-04  6.57050e-04  6.48388e-04
  6.39469e-04  6.30298e-04  6.20879e-04  6.11217e-04  6.01318e-04  5.91186e-04
  5.80829e-04  5.70250e-04  5.59457e-04  5.48456e-04  5.37253e-04  5.25854e-04
  5.14267e-04  5.02497e-04  4.90553e-04  4.78441e-04  4.66169e-04  4.53743e-04
  4.41172e-04  4.28463e-04  4.15623e-04  4.02660e-04  3.89583e-04  3.76399e-04
  3.63116e-04  3.49742e-04  3.36286e-04  3.22756e-04  3.09160e-04  2.95507e-04
  2.81804e-04  2.68061e-04  2.54285e-04  2.40486e-04  2.26671e-04  2.12848e-04
  1.99027e-04  1.85215e-04  1.71420e-04  1.57652e-04  1.43917e-04  1.30224e-04
  1.16582e-04  1.02998e-04  8.94793e-05  7.60346e-05  6.26712e-05  4.93966e-05
  3.62183e-05  2.31436e-05  1.01796e-05 -2.66665e-06 -1.53883e-05 -2.79785e-05
 -4.04308e-05 -5.27389e-05 -6.48965e-05 -7.68977e-05 -8.87367e-05 -1.00408e-04
 -1.11906e-04 -1.23226e-04 -1.34363e-04 -1.45312e-04 -1.56069e-04 -1.66630e-04
 -1.76990e-04 -1.87145e-04 -1.97093e-04 -2.06830e-04 -2.16354e-04 -2.25661e-04
 -2.34749e-04 -2.43615e-04 -2.52259e-04 -2.60679e-04 -2.68872e-04 -2.76839e-04
 -2.84578e-04 -2.92088e-04 -2.99369e-04 -3.06421e-04 -3.13245e-04 -3.19841e-04
 -3.26209e-04 -3.32351e-04 -3.38268e-04 -3.43962e-04 -3.49434e-04 -3.54687e-04
 -3.59722e-04 -3.64543e-04 -3.69153e-04 -3.73554e-04 -3.77750e-04 -3.81744e-04
 -3.85540e-04 -3.89142e-04 -3.92555e-04 -3.95782e-04 -3.98829e-04 -4.01699e-04
 -4.04398e-04 -4.06931e-04 -4.09304e-04 -4.11521e-04 -4.13589e-04 -4.15513e-04
 -4.17300e-04 -4.18954e-04 -4.20484e-04 -4.21894e-04 -4.23191e-04 -4.24381e-04
 -4.25472e-04 -4.26469e-04 -4.27380e-04 -4.28211e-04 -4.28969e-04 -4.29661e-04
 -4.30293e-04 -4.30873e-04 -4.31407e-04 -4.31903e-04 -4.32368e-04 -4.32808e-04
 -4.33230e-04 -4.33641e-04 -4.34048e-04 -4.34457e-04 -4.34875e-04 -4.35310e-04
 -4.35766e-04 -4.36252e-04 -4.36772e-04 -4.37334e-04 -4.37943e-04 -4.38605e-04
 -4.39327e-04 -4.40113e-04 -4.40970e-04 -4.41903e-04 -4.42916e-04 -4.44016e-04
 -4.45206e-04 -4.46491e-04 -4.47877e-04 -4.49366e-04 -4.50963e-04 -4.52672e-04
 -4.54496e-04 -4.56439e-04 -4.58504e-04 -4.60693e-04 -4.63009e-04 -4.65455e-04
 -4.68031e-04 -4.70741e-04 -4.73584e-04 -4.76564e-04 -4.79680e-04 -4.82934e-04
 -4.86325e-04 -4.89854e-04 -4.93520e-04 -4.97324e-04 -5.01265e-04 -5.05340e-04
 -5.09550e-04 -5.13892e-04 -5.18363e-04 -5.22963e-04 -5.27687e-04 -5.32534e-04
 -5.37500e-04 -5.42582e-04 -5.47775e-04 -5.53077e-04 -5.58482e-04 -5.63986e-04
 -5.69584e-04 -5.75271e-04 -5.81042e-04 -5.86891e-04 -5.92812e-04 -5.98799e-04
 -6.04846e-04 -6.10945e-04 -6.17090e-04 -6.23275e-04 -6.29491e-04 -6.35732e-04
 -6.41990e-04 -6.48257e-04 -6.54525e-04 -6.60786e-04 -6.67032e-04 -6.73255e-04
 -6.79446e-04 -6.85596e-04 -6.91697e-04 -6.97741e-04 -7.03718e-04 -7.09619e-04
 -7.15436e-04 -7.21159e-04 -7.26781e-04 -7.32291e-04 -7.37681e-04 -7.42942e-04
 -7.48065e-04 -7.53041e-04 -7.57861e-04 -7.62517e-04 -7.66999e-04 -7.71299e-04
 -7.75409e-04 -7.79320e-04 -7.83023e-04 -7.86511e-04 -7.89776e-04 -7.92811e-04
 -7.95606e-04 -7.98157e-04 -8.00454e-04 -8.02491e-04 -8.04262e-04 -8.05760e-04
 -8.06978e-04 -8.07911e-04 -8.08552e-04 -8.08896e-04 -8.08938e-04 -8.08673e-04
 -8.08096e-04 -8.07202e-04 -8.05987e-04 -8.04448e-04 -8.02580e-04 -8.00380e-04
 -7.97846e-04 -7.94975e-04 -7.91764e-04 -7.88211e-04 -7.84314e-04 -7.80073e-04
 -7.75485e-04 -7.70550e-04 -7.65267e-04 -7.59636e-04 -7.53658e-04 -7.47332e-04
 -7.40658e-04 -7.33639e-04 -7.26275e-04 -7.18567e-04 -7.10518e-04 -7.02129e-04
 -6.93402e-04 -6.84340e-04 -6.74946e-04 -6.65222e-04 -6.55172e-04 -6.44799e-04
 -6.34108e-04 -6.23101e-04 -6.11783e-04 -6.00158e-04 -5.88231e-04 -5.76007e-04
 -5.63490e-04 -5.50685e-04 -5.37598e-04 -5.24234e-04 -5.10598e-04 -4.96695e-04
 -4.82532e-04 -4.68115e-04 -4.53449e-04 -4.38540e-04 -4.23395e-04 -4.08018e-04
 -3.92418e-04 -3.76600e-04 -3.60570e-04 -3.44334e-04 -3.27900e-04 -3.11273e-04
 -2.94460e-04 -2.77468e-04 -2.60303e-04 -2.42972e-04 -2.25481e-04 -2.07837e-04
 -1.90046e-04 -1.72115e-04 -1.54051e-04 -1.35859e-04 -1.17548e-04 -9.91224e-05
 -8.05897e-05 -6.19562e-05 -4.32284e-05 -2.44125e-05 -5.51484e-06  1.34583e-05
  3.25007e-05  5.16061e-05  7.07685e-05  8.99816e-05  1.09239e-04  1.28535e-04
  1.47864e-04  1.67219e-04  1.86594e-04  2.05984e-04  2.25382e-04  2.44782e-04
  2.64180e-04  2.83568e-04  3.02941e-04  3.22294e-04  3.41620e-04  3.60914e-04
  3.80170e-04  3.99382e-04  4.18546e-04  4.37654e-04  4.56701e-04  4.75682e-04
  4.94590e-04  5.13421e-04  5.32169e-04  5.50827e-04  5.69390e-04  5.87852e-04
  6.06208e-04  6.24451e-04  6.42577e-04  6.60578e-04  6.78450e-04  6.96186e-04
  7.13782e-04  7.31229e-04  7.48524e-04  7.65659e-04  7.82630e-04  7.99429e-04
  8.16052e-04  8.32492e-04  8.48743e-04  8.64799e-04  8.80654e-04  8.96302e-04
  9.11735e-04  9.26950e-04  9.41938e-04  9.56694e-04  9.71211e-04  9.85483e-04
  9.99504e-04  1.01327e-03  1.02677e-03  1.04000e-03  1.05295e-03  1.06562e-03
  1.07800e-03  1.09008e-03  1.10187e-03  1.11334e-03  1.12451e-03  1.13535e-03
  1.14586e-03  1.15605e-03  1.16589e-03  1.17539e-03  1.18454e-03  1.19333e-03
  1.20176e-03  1.20982e-03  1.21750e-03  1.22481e-03  1.23173e-03  1.23826e-03
  1.24439e-03  1.25012e-03  1.25544e-03  1.26035e-03  1.26485e-03  1.26892e-03
  1.27257e-03  1.27579e-03  1.27857e-03  1.28091e-03  1.28280e-03  1.28425e-03
  1.28525e-03  1.28579e-03  1.28587e-03  1.28549e-03  1.28465e-03  1.28333e-03
  1.28155e-03  1.27929e-03  1.27655e-03  1.27333e-03  1.26964e-03  1.26546e-03
  1.26079e-03  1.25564e-03  1.25000e-03  1.24387e-03  1.23725e-03  1.23014e-03
  1.22255e-03  1.21446e-03  1.20587e-03  1.19680e-03  1.18724e-03  1.17719e-03
  1.16665e-03  1.15562e-03  1.14410e-03  1.13210e-03  1.11961e-03  1.10665e-03
  1.09320e-03  1.07928e-03  1.06488e-03  1.05002e-03  1.03468e-03  1.01888e-03
  1.00262e-03  9.85895e-04  9.68720e-04  9.51096e-04  9.33027e-04  9.14518e-04
  8.95573e-04  8.76198e-04  8.56399e-04  8.36180e-04  8.15548e-04  7.94509e-04
  7.73069e-04  7.51235e-04  7.29013e-04  7.06411e-04  6.83437e-04  6.60096e-04
  6.36398e-04  6.12351e-04  5.87961e-04  5.63239e-04  5.38192e-04  5.12830e-04
  4.87162e-04  4.61196e-04  4.34944e-04  4.08414e-04  3.81617e-04  3.54563e-04
  3.27263e-04  2.99727e-04  2.71967e-04  2.43995e-04  2.15820e-04  1.87456e-04
  1.58913e-04  1.30205e-04  1.01343e-04  7.23403e-05  4.32093e-05  1.39633e-05
 -1.53846e-05 -4.48209e-05 -7.43318e-05 -1.03904e-04 -1.33522e-04 -1.63174e-04
 -1.92843e-04 -2.22517e-04 -2.52179e-04 -2.81816e-04 -3.11412e-04 -3.40953e-04
 -3.70422e-04 -3.99804e-04 -4.29084e-04 -4.58247e-04 -4.87275e-04 -5.16153e-04
 -5.44866e-04 -5.73397e-04 -6.01729e-04 -6.29848e-04 -6.57736e-04 -6.85377e-04
 -7.12755e-04 -7.39853e-04 -7.66656e-04 -7.93147e-04 -8.19310e-04 -8.45129e-04
 -8.70587e-04 -8.95668e-04 -9.20356e-04 -9.44635e-04 -9.68490e-04 -9.91904e-04
 -1.01486e-03 -1.03735e-03 -1.05935e-03 -1.08085e-03 -1.10175e-03 -1.12165e-03
 -1.13964e-03 -1.15413e-03 -1.16285e-03 -1.16301e-03 -1.15159e-03 -1.12578e-03
 -1.08347e-03 -1.02374e-03 -9.47177e-04 -8.55900e-04 -7.53389e-04 -6.44126e-04
 -5.33146e-04 -4.25563e-04 -3.26070e-04 -2.38483e-04 -1.65352e-04 -1.07729e-04
 -6.51680e-05 -3.59713e-05 -1.76280e-05 -7.30520e-06 -2.28819e-06 -3.14013e-07
  2.33761e-07  2.97848e-07  2.84009e-07  2.87936e-07  2.98397e-07  3.03167e-07
  3.06387e-07  3.12468e-07  3.18493e-07  3.21427e-07  3.25306e-07  3.34244e-07
  3.37186e-07  3.23120e-07  2.93072e-07  2.49716e-07  1.98002e-07  1.43827e-07
  9.12667e-08  4.42836e-08  1.14340e-08  0.00000e+00  0.00000e+00  0.00000e+00
  0.00000e+00  0.00000e+00  0.00000e+00  0.00000e+00  0.00000e+00  0.00000e+00
  0.00000e+00  0.00000e+00  0.00000e+00  0.00000e+00  0.00000e+00  0.00000e+00
  0.00000e+00  0.00000e+00  0.00000e+00  0.00000e+00  0.00000e+00  0.00000e+00
  0.00000e+00  0.00000e+00  0.00000e+00  0.00000e+00  0.00000e+00  0.00000e+00
  0.00000e+00  0.00000e+00  0.00000e+00  0.00000e+00  0.00000e+00  0.00000e+00
  0.00000e+00  0.00000e+00  0.00000e+00  0.00000e+00  0.00000e+00  0.00000e+00
  0.00000e+00  0.00000e+00  0.00000e+00  0.00000e+00  0.00000e+00  0.00000e+00
  0.00000e+00  0.00000e+00  0.00000e+00  0.00000e+00  0.00000e+00  0.00000e+00
  0.00000e+00  0.00000e+00  0.00000e+00  0.00000e+00  0.00000e+00  0.00000e+00
  0.00000e+00  0.00000e+00  0.00000e+00  0.00000e+00  0.00000e+00  0.00000e+00
  0.00000e+00  0.00000e+00  0.00000e+00  0.00000e+00  0.00000e+00  0.00000e+00
  0.00000e+00  0.00000e+00  0.00000e+00  0.00000e+00  0.00000e+00  0.00000e+00
  0.00000e+00  0.00000e+00  0.00000e+00  0.00000e+00  0.00000e+00  0.00000e+00
  0.00000e+00  0.00000e+00  0.00000e+00  0.00000e+00  0.00000e+00  0.00000e+00
  0.00000e+00  0.00000e+00  0.00000e+00  0.00000e+00  0.00000e+00  0.00000e+00
  0.00000e+00  0.00000e+00  0.00000e+00  0.00000e+00  0.00000e+00  0.00000e+00
  0.00000e+00  0.00000e+00  0.00000e+00  0.00000e+00  0.00000e+00  0.00000e+00
  0.00000e+00  0.00000e+00  0.00000e+00  0.00000e+00  0.00000e+00  0.00000e+00
  0.00000e+00  0.00000e+00  0.00000e+00  0.00000e+00  0.00000e+00  0.00000e+00
  0.00000e+00  0.00000e+00  0.00000e+00  0.00000e+00  0.00000e+00  0.00000e+00
  0.00000e+00  0.00000e+00  0.00000e+00  0.00000e+00  0.00000e+00  0.00000e+00
  0.00000e+00  0.00000e+00  0.00000e+00  0.00000e+00  0.00000e+00  0.00000e+00
  0.00000e+00  0.00000e+00  0.00000e+00  0.00000e+00  0.00000e+00  0.00000e+00
  0.00000e+00  0.00000e+00  0.00000e+00  0.00000e+00  0.00000e+00  0.00000e+00
  0.00000e+00  0.00000e+00  0.00000e+00  0.00000e+00  0.00000e+00  0.00000e+00
  0.00000e+00  0.00000e+00  0.00000e+00  0.00000e+00  0.00000e+00  0.00000e+00
  0.00000e+00  0.00000e+00  0.00000e+00  0.00000e+00  0.00000e+00  0.00000e+00
  0.00000e+00  0.00000e+00  0.00000e+00  0.00000e+00  0.00000e+00  0.00000e+00
  0.00000e+00  0.00000e+00  0.00000e+00  0.00000e+00  0.00000e+00  0.00000e+00
  0.00000e+00  0.00000e+00  0.00000e+00  0.00000e+00  0.00000e+00  0.00000e+00
  0.00000e+00  0.00000e+00  0.00000e+00  0.00000e+00  0.00000e+00  0.00000e+00
  0.00000e+00  0.00000e+00  0.00000e+00  0.00000e+00  0.00000e+00  0.00000e+00
  0.00000e+00  0.00000e+00  0.00000e+00  0.00000e+00  0.00000e+00  0.00000e+00
  0.00000e+00  0.00000e+00  0.00000e+00  0.00000e+00  0.00000e+00  0.00000e+00
  0.00000e+00  0.00000e+00  0.00000e+00  0.00000e+00  0.00000e+00  0.00000e+00
  0.00000e+00  0.00000e+00  0.00000e+00  0.00000e+00  0.00000e+00  0.00000e+00
  0.00000e+00  0.00000e+00  0.00000e+00  0.00000e+00  0.00000e+00  0.00000e+00
  0.00000e+00  0.00000e+00  0.00000e+00  0.00000e+00  0.00000e+00  0.00000e+00
  0.00000e+00  0.00000e+00  0.00000e+00  0.00000e+00  0.00000e+00  0.00000e+00
  0.00000e+00  0.00000e+00  0.00000e+00  0.00000e+00  0.00000e+00  0.00000e+00
  0.00000e+00  0.00000e+00  0.00000e+00  0.00000e+00  0.00000e+00  0.00000e+00
  0.00000e+00  0.00000e+00  0.00000e+00  0.00000e+00  0.00000e+00  0.00000e+00
  0.00000e+00  0.00000e+00  0.00000e+00  0.00000e+00  0.00000e+00  0.00000e+00
  0.00000e+00  0.00000e+00  0.00000e+00  0.00000e+00  0.00000e+00  0.00000e+00
  0.00000e+00  0.00000e+00  0.00000e+00  0.00000e+00  0.00000e+00  0.00000e+00
  0.00000e+00  0.00000e+00  0.00000e+00  0.00000e+00  0.00000e+00  0.00000e+00
  0.00000e+00  0.00000e+00  0.00000e+00  0.00000e+00  0.00000e+00  0.00000e+00
  0.00000e+00  0.00000e+00  0.00000e+00  0.00000e+00  0.00000e+00  0.00000e+00
  0.00000e+00  0.00000e+00  0.00000e+00  0.00000e+00  0.00000e+00  0.00000e+00
  0.00000e+00  0.00000e+00  0.00000e+00  0.00000e+00  0.00000e+00  0.00000e+00
  0.00000e+00  0.00000e+00  0.00000e+00  0.00000e+00  0.00000e+00  0.00000e+00
  0.00000e+00  0.00000e+00  0.00000e+00  0.00000e+00  0.00000e+00  0.00000e+00
  0.00000e+00  0.00000e+00  0.00000e+00  0.00000e+00  0.00000e+00  0.00000e+00
  0.00000e+00  0.00000e+00  0.00000e+00  0.00000e+00  0.00000e+00  0.00000e+00
  0.00000e+00  0.00000e+00  0.00000e+00  0.00000e+00  0.00000e+00  0.00000e+00
  0.00000e+00  0.00000e+00  0.00000e+00  0.00000e+00  0.00000e+00  0.00000e+00
  0.00000e+00  0.00000e+00  0.00000e+00  0.00000e+00  0.00000e+00  0.00000e+00
  0.00000e+00  0.00000e+00  0.00000e+00  0.00000e+00  0.00000e+00  0.00000e+00
  0.00000e+00  0.00000e+00  0.00000e+00  0.00000e+00  0.00000e+00  0.00000e+00
  0.00000e+00  0.00000e+00  0.00000e+00  0.00000e+00  0.00000e+00  0.00000e+00
  0.00000e+00  0.00000e+00  0.00000e+00  0.00000e+00  0.00000e+00  0.00000e+00
  0.00000e+00  0.00000e+00  0.00000e+00  0.00000e+00  0.00000e+00  0.00000e+00
  0.00000e+00  0.00000e+00  0.00000e+00  0.00000e+00  0.00000e+00  0.00000e+00
  0.00000e+00  0.00000e+00  0.00000e+00  0.00000e+00  0.00000e+00  0.00000e+00
  0.00000e+00  0.00000e+00  0.00000e+00  0.00000e+00  0.00000e+00  0.00000e+00
  0.00000e+00  0.00000e+00  0.00000e+00  0.00000e+00  0.00000e+00  0.00000e+00
  0.00000e+00  0.00000e+00  0.00000e+00  0.00000e+00  0.00000e+00  0.00000e+00
  0.00000e+00  0.00000e+00  0.00000e+00  0.00000e+00  0.00000e+00  0.00000e+00
  0.00000e+00  0.00000e+00  0.00000e+00  0.00000e+00  0.00000e+00  0.00000e+00
  0.00000e+00  0.00000e+00  0.00000e+00  0.00000e+00  0.00000e+00  0.00000e+00
  0.00000e+00  0.00000e+00  0.00000e+00  0.00000e+00  0.00000e+00  0.00000e+00
  0.00000e+00  0.00000e+00  0.00000e+00  0.00000e+00  0.00000e+00  0.00000e+00
  0.00000e+00  0.00000e+00  0.00000e+00  0.00000e+00  0.00000e+00  0.00000e+00
  0.00000e+00  0.00000e+00  0.00000e+00  0.00000e+00  0.00000e+00  0.00000e+00
  0.00000e+00  0.00000e+00  0.00000e+00  0.00000e+00  0.00000e+00  0.00000e+00
  0.00000e+00  0.00000e+00  0.00000e+00  0.00000e+00  0.00000e+00  0.00000e+00
  0.00000e+00  0.00000e+00  0.00000e+00  0.00000e+00  0.00000e+00  0.00000e+00
  0.00000e+00  0.00000e+00  0.00000e+00  0.00000e+00  0.00000e+00  0.00000e+00
  0.00000e+00  0.00000e+00  0.00000e+00  0.00000e+00  0.00000e+00  0.00000e+00
  0.00000e+00  0.00000e+00  0.00000e+00  0.00000e+00  0.00000e+00  0.00000e+00
  0.00000e+00  0.00000e+00  0.00000e+00  0.00000e+00  0.00000e+00  0.00000e+00
  0.00000e+00  0.00000e+00  0.00000e+00  0.00000e+00  0.00000e+00  0.00000e+00
  0.00000e+00  0.00000e+00  0.00000e+00  0.00000e+00  0.00000e+00  0.00000e+00
  0.00000e+00  0.00000e+00  0.00000e+00  0.00000e+00  0.00000e+00  0.00000e+00
  0.00000e+00  0.00000e+00  0.00000e+00  0.00000e+00  0.00000e+00  0.00000e+00
  0.00000e+00  0.00000e+00  0.00000e+00  0.00000e+00  0.00000e+00  0.00000e+00
  0.00000e+00  0.00000e+00  0.00000e+00  0.00000e+00  0.00000e+00  0.00000e+00
  0.00000e+00  0.00000e+00  0.00000e+00  0.00000e+00  0.00000e+00  0.00000e+00
  0.00000e+00  0.00000e+00  0.00000e+00  0.00000e+00  0.00000e+00  0.00000e+00
  0.00000e+00  0.00000e+00  0.00000e+00  0.00000e+00  0.00000e+00  0.00000e+00
  0.00000e+00  0.00000e+00  0.00000e+00  0.00000e+00  0.00000e+00  0.00000e+00
  0.00000e+00  0.00000e+00  0.00000e+00  0.00000e+00  0.00000e+00  0.00000e+00
  0.00000e+00  0.00000e+00  0.00000e+00  0.00000e+00  0.00000e+00  0.00000e+00
