AZ_TRO     090 TITLE
6000  5.00000e-03 0 0 -5.00000e-02  0.00000e+00  0.00000e+00  0.00000e+00
  9.45317e-32  6.59482e-26  2.25715e-25  2.82534e-25 -4.55108e-25 -3.38986e-24
 -1.05886e-23 -2.41853e-23 -4.49223e-23 -6.96754e-23 -8.82994e-23 -8.10159e-23
 -1.87555e-23  1.30021e-22  3.82209e-22  7.10543e-22  1.00458e-21  1.03415e-21
  4.40068e-22 -1.21051e-21 -4.25963e-21 -8.65164e-21 -1.34907e-20 -1.65501e-20
 -1.39432e-20 -3.05689e-22  3.00442e-20  8.05035e-20  1.47897e-19  2.16826e-19
  2.53948e-19  2.04791e-19 -2.84180e-21 -4.43863e-19 -1.16446e-18 -2.13186e-18
 -3.16867e-18 -3.88437e-18 -3.62916e-18 -1.50923e-18  3.48699e-18  1.22003e-17
  2.48143e-17  4.01759e-17  5.49988e-17  6.31264e-17  5.51529e-17  1.88184e-17
 -5.93276e-17 -1.90513e-16 -3.78263e-16 -6.10890e-16 -8.52611e-16 -1.03474e-15
 -1.04945e-15 -7.49477e-16  4.18617e-17  1.50591e-15  3.78517e-15  6.91885e-15
  1.07586e-14  1.48698e-14  1.84314e-14  2.01519e-14  1.82292e-14  1.03866e-14
 -5.97941e-15 -3.35022e-14 -7.43697e-14 -1.29653e-13 -1.98442e-13 -2.76820e-13
 -3.56736e-13 -4.24896e-13 -4.61799e-13 -4.41108e-13 -3.29580e-13 -8.77707e-14
  3.28235e-13  9.63843e-13  1.86155e-12  3.05495e-12  4.56117e-12  6.37167e-12
  8.44160e-12  1.06780e-11  1.29271e-11  1.49613e-11  1.64658e-11  1.70267e-11
  1.61197e-11  1.31007e-11  7.19920e-12 -2.48582e-12 -1.69865e-11 -3.74632e-11
 -6.51973e-11 -1.01581e-10 -1.48102e-10 -2.06327e-10 -2.77876e-10 -3.64402e-10
 -4.67562e-10 -5.88987e-10 -7.30252e-10 -8.92845e-10 -1.07813e-09 -1.28733e-09
 -1.52149e-09 -1.78142e-09 -2.06772e-09 -2.38074e-09 -2.72051e-09 -3.08681e-09
 -3.47908e-09 -3.89644e-09 -4.33769e-09 -4.80130e-09 -5.28538e-09 -5.78773e-09
 -6.30583e-09 -6.83682e-09 -7.37754e-09 -7.92453e-09 -8.47403e-09 -9.02203e-09
 -9.56424e-09 -1.00962e-08 -1.06130e-08 -1.11099e-08 -1.15817e-08 -1.20230e-08
 -1.24284e-08 -1.27924e-08 -1.31093e-08 -1.33733e-08 -1.35786e-08 -1.37194e-08
 -1.37899e-08 -1.37842e-08 -1.36966e-08 -1.35214e-08 -1.32530e-08 -1.28859e-08
 -1.24149e-08 -1.18348e-08 -1.11407e-08 -1.03279e-08 -9.39213e-09 -8.32920e-09
 -7.13536e-09 -5.80718e-09 -4.34161e-09 -2.73604e-09 -9.88251e-10  9.03482e-10
  2.94041e-09  5.12326e-09  7.45225e-09  9.92700e-09  1.25466e-08  1.53095e-08
  1.82135e-08  2.12560e-08  2.44336e-08  2.77423e-08  3.11775e-08  3.47341e-08
  3.84062e-08  4.21875e-08  4.60711e-08  5.00494e-08  5.41144e-08  5.82576e-08
  6.24699e-08  6.67419e-08  7.10637e-08  7.54249e-08  7.98147e-08  8.42222e-08
  8.86358e-08  9.30439e-08  9.74344e-08  1.01795e-07  1.06113e-07  1.10376e-07
  1.14571e-07  1.18684e-07  1.22702e-07  1.26612e-07  1.30400e-07  1.34051e-07
  1.37553e-07  1.40890e-07  1.44049e-07  1.47016e-07  1.49776e-07  1.52315e-07
  1.54618e-07  1.56672e-07  1.58461e-07  1.59972e-07  1.61191e-07  1.62102e-07
  1.62692e-07  1.62946e-07  1.62851e-07  1.62392e-07  1.61555e-07  1.60326e-07
  1.58692e-07  1.56639e-07  1.54154e-07  1.51223e-07  1.47833e-07  1.43972e-07
  1.39627e-07  1.34787e-07  1.29438e-07  1.23570e-07  1.17172e-07  1.10233e-07
  1.02744e-07  9.46939e-08  8.60751e-08  7.68789e-08  6.70979e-08  5.67252e-08
  4.57549e-08  3.41816e-08  2.20011e-08  9.20977e-09 -4.19480e-09 -1.82143e-08
 -3.28492e-08 -4.80992e-08 -6.39629e-08 -8.04378e-08 -9.75203e-08 -1.15206e-07
 -1.33488e-07 -1.52361e-07 -1.71816e-07 -1.91843e-07 -2.12433e-07 -2.33573e-07
 -2.55250e-07 -2.77451e-07 -3.00159e-07 -3.23359e-07 -3.47031e-07 -3.71158e-07
 -3.95719e-07 -4.20692e-07 -4.46056e-07 -4.71786e-07 -4.97857e-07 -5.24245e-07
 -5.50921e-07 -5.77857e-07 -6.05024e-07 -6.32391e-07 -6.59927e-07 -6.87599e-07
 -7.15374e-07 -7.43216e-07 -7.71092e-07 -7.98963e-07 -8.26794e-07 -8.54547e-07
 -8.82182e-07 -9.09661e-07 -9.36943e-07 -9.63988e-07 -9.90753e-07 -1.01720e-06
 -1.04328e-06 -1.06895e-06 -1.09416e-06 -1.11888e-06 -1.14306e-06 -1.16665e-06
 -1.18960e-06 -1.21188e-06 -1.23343e-06 -1.25420e-06 -1.27416e-06 -1.29326e-06
 -1.31145e-06 -1.32870e-06 -1.34496e-06 -1.36019e-06 -1.37435e-06 -1.38740e-06
 -1.39931e-06 -1.41005e-06 -1.41958e-06 -1.42788e-06 -1.43491e-06 -1.44066e-06
 -1.44510e-06 -1.44821e-06 -1.44997e-06 -1.45037e-06 -1.44940e-06 -1.44703e-06
 -1.44327e-06 -1.43811e-06 -1.43153e-06 -1.42354e-06 -1.41413e-06 -1.40329e-06
 -1.39102e-06 -1.37732e-06 -1.36219e-06 -1.34562e-06 -1.32760e-06 -1.30814e-06
 -1.28723e-06 -1.26487e-06 -1.24104e-06 -1.21574e-06 -1.18897e-06 -1.16071e-06
 -1.13096e-06 -1.09969e-06 -1.06692e-06 -1.03261e-06 -9.96749e-07 -9.59332e-07
 -9.20338e-07 -8.79750e-07 -8.37551e-07 -7.93722e-07 -7.48245e-07 -7.01099e-07
 -6.52267e-07 -6.01727e-07 -5.49462e-07 -4.95450e-07 -4.39675e-07 -3.82117e-07
 -3.22758e-07 -2.61582e-07 -1.98572e-07 -1.33713e-07 -6.69919e-08  1.60533e-09
  7.20893e-08  1.44469e-07  2.18752e-07  2.94941e-07  3.73038e-07  4.53042e-07
  5.34944e-07  6.18737e-07  7.04405e-07  7.91929e-07  8.81287e-07  9.72451e-07
  1.06539e-06  1.16006e-06  1.25643e-06  1.35446e-06  1.45408e-06  1.55524e-06
  1.65789e-06  1.76196e-06  1.86737e-06  1.97404e-06  2.08190e-06  2.19085e-06
  2.30080e-06  2.41163e-06  2.52325e-06  2.63555e-06  2.74840e-06  2.86169e-06
  2.97528e-06  3.08906e-06  3.20289e-06  3.31663e-06  3.43015e-06  3.54331e-06
  3.65595e-06  3.76795e-06  3.87914e-06  3.98937e-06  4.09851e-06  4.20638e-06
  4.31284e-06  4.41774e-06  4.52091e-06  4.62220e-06  4.72145e-06  4.81851e-06
  4.91321e-06  5.00540e-06  5.09491e-06  5.18159e-06  5.26527e-06  5.34579e-06
  5.42300e-06  5.49674e-06  5.56684e-06  5.63316e-06  5.69553e-06  5.75380e-06
  5.80783e-06  5.85746e-06  5.90253e-06  5.94290e-06  5.97842e-06  6.00894e-06
  6.03431e-06  6.05437e-06  6.06899e-06  6.07801e-06  6.08129e-06  6.07868e-06
  6.07005e-06  6.05524e-06  6.03413e-06  6.00658e-06  5.97245e-06  5.93161e-06
  5.88393e-06  5.82928e-06  5.76754e-06  5.69858e-06  5.62230e-06  5.53858e-06
  5.44731e-06  5.34839e-06  5.24173e-06  5.12723e-06  5.00482e-06  4.87441e-06
  4.73594e-06  4.58934e-06  4.43457e-06  4.27156e-06  4.10029e-06  3.92071e-06
  3.73280e-06  3.53654e-06  3.33192e-06  3.11892e-06  2.89755e-06  2.66783e-06
  2.42976e-06  2.18339e-06  1.92875e-06  1.66590e-06  1.39489e-06  1.11580e-06
  8.28722e-07  5.33738e-07  2.30956e-07 -7.95115e-08 -3.97541e-07 -7.23002e-07
 -1.05575e-06 -1.39563e-06 -1.74249e-06 -2.09614e-06 -2.45641e-06 -2.82309e-06
 -3.19599e-06 -3.57488e-06 -3.95954e-06 -4.34974e-06 -4.74521e-06 -5.14570e-06
 -5.55093e-06 -5.96063e-06 -6.37449e-06 -6.79220e-06 -7.21345e-06 -7.63791e-06
 -8.06521e-06 -8.49500e-06 -8.92692e-06 -9.36057e-06 -9.79556e-06 -1.02315e-05
 -1.06679e-05 -1.11045e-05 -1.15406e-05 -1.19760e-05 -1.24100e-05 -1.28424e-05
 -1.32725e-05 -1.36998e-05 -1.41239e-05 -1.45443e-05 -1.49603e-05 -1.53716e-05
 -1.57774e-05 -1.61773e-05 -1.65707e-05 -1.69570e-05 -1.73357e-05 -1.77060e-05
 -1.80675e-05 -1.84196e-05 -1.87615e-05 -1.90928e-05 -1.94128e-05 -1.97208e-05
 -2.00163e-05 -2.02986e-05 -2.05670e-05 -2.08211e-05 -2.10600e-05 -2.12832e-05
 -2.14901e-05 -2.16800e-05 -2.18522e-05 -2.20063e-05 -2.21415e-05 -2.22572e-05
 -2.23529e-05 -2.24280e-05 -2.24818e-05 -2.25137e-05 -2.25233e-05 -2.25099e-05
 -2.24730e-05 -2.24120e-05 -2.23265e-05 -2.22158e-05 -2.20794e-05 -2.19170e-05
 -2.17280e-05 -2.15119e-05 -2.12683e-05 -2.09968e-05 -2.06969e-05 -2.03683e-05
 -2.00105e-05 -1.96233e-05 -1.92063e-05 -1.87591e-05 -1.82816e-05 -1.77733e-05
 -1.72342e-05 -1.66639e-05 -1.60623e-05 -1.54293e-05 -1.47646e-05 -1.40683e-05
 -1.33401e-05 -1.25802e-05 -1.17883e-05 -1.09646e-05 -1.01091e-05 -9.22181e-06
 -8.30287e-06 -7.35242e-06 -6.37062e-06 -5.35769e-06 -4.31387e-06 -3.23947e-06
 -2.13480e-06 -1.00023e-06  1.63823e-07  1.35692e-06  2.57858e-06  3.82829e-06
  5.10550e-06  6.40961e-06  7.74001e-06  9.09601e-06  1.04769e-05  1.18820e-05
  1.33104e-05  1.47613e-05  1.62338e-05  1.77270e-05  1.92399e-05  2.07713e-05
  2.23204e-05  2.38858e-05  2.54665e-05  2.70611e-05  2.86685e-05  3.02873e-05
  3.19161e-05  3.35535e-05  3.51982e-05  3.68486e-05  3.85031e-05  4.01604e-05
  4.18186e-05  4.34763e-05  4.51316e-05  4.67830e-05  4.84286e-05  5.00667e-05
  5.16953e-05  5.33126e-05  5.49167e-05  5.65057e-05  5.80774e-05  5.96300e-05
  6.11614e-05  6.26694e-05  6.41521e-05  6.56072e-05  6.70326e-05  6.84262e-05
  6.97856e-05  7.11087e-05  7.23931e-05  7.36366e-05  7.48369e-05  7.59916e-05
  7.70985e-05  7.81551e-05  7.91591e-05  8.01082e-05  8.09998e-05  8.18318e-05
  8.26016e-05  8.33069e-05  8.39454e-05  8.45145e-05  8.50121e-05  8.54355e-05
  8.57826e-05  8.60508e-05  8.62377e-05  8.63411e-05  8.63584e-05  8.62874e-05
  8.61258e-05  8.58711e-05  8.55211e-05  8.50737e-05  8.45265e-05  8.38773e-05
  8.31240e-05  8.22646e-05  8.12970e-05  8.02191e-05  7.90289e-05  7.77245e-05
  7.63041e-05  7.47658e-05  7.31077e-05  7.13282e-05  6.94255e-05  6.73981e-05
  6.52442e-05  6.29625e-05  6.05514e-05  5.80096e-05  5.53357e-05  5.25287e-05
  4.95872e-05  4.65104e-05  4.32974e-05  3.99472e-05  3.64591e-05  3.28326e-05
  2.90670e-05  2.51620e-05  2.11170e-05  1.69319e-05  1.26064e-05  8.14045e-06
  3.53417e-06 -1.21228e-06 -6.09857e-06 -1.11243e-05 -1.62888e-05 -2.15914e-05
 -2.70312e-05 -3.26075e-05 -3.83190e-05 -4.41647e-05 -5.01433e-05 -5.62535e-05
 -6.24938e-05 -6.88625e-05 -7.53581e-05 -8.19784e-05 -8.87217e-05 -9.55856e-05
 -1.02568e-04 -1.09666e-04 -1.16878e-04 -1.24201e-04 -1.31631e-04 -1.39167e-04
 -1.46804e-04 -1.54540e-04 -1.62370e-04 -1.70293e-04 -1.78303e-04 -1.86398e-04
 -1.94573e-04 -2.02825e-04 -2.11150e-04 -2.19543e-04 -2.27999e-04 -2.36516e-04
 -2.45089e-04 -2.53713e-04 -2.62383e-04 -2.71096e-04 -2.79846e-04 -2.88629e-04
 -2.97441e-04 -3.06277e-04 -3.15132e-04 -3.24001e-04 -3.32879e-04 -3.41761e-04
 -3.50642e-04 -3.59516e-04 -3.68380e-04 -3.77227e-04 -3.86053e-04 -3.94853e-04
 -4.03621e-04 -4.12353e-04 -4.21045e-04 -4.29690e-04 -4.38286e-04 -4.46827e-04
 -4.55308e-04 -4.63725e-04 -4.72075e-04 -4.80352e-04 -4.88552e-04 -4.96672e-04
 -5.04707e-04 -5.12653e-04 -5.20507e-04 -5.28263e-04 -5.35920e-04 -5.43472e-04
 -5.50917e-04 -5.58251e-04 -5.65471e-04 -5.72574e-04 -5.79557e-04 -5.86416e-04
 -5.93149e-04 -5.99754e-04 -6.06228e-04 -6.12569e-04 -6.18774e-04 -6.24840e-04
 -6.30766e-04 -6.36550e-04 -6.42190e-04 -6.47684e-04 -6.53031e-04 -6.58229e-04
 -6.63276e-04 -6.68171e-04 -6.72914e-04 -6.77503e-04 -6.81937e-04 -6.86215e-04
 -6.90337e-04 -6.94302e-04 -6.98109e-04 -7.01757e-04 -7.05246e-04 -7.08576e-04
 -7.11746e-04 -7.14757e-04 -7.17608e-04 -7.20299e-04 -7.22831e-04 -7.25205e-04
 -7.27421e-04 -7.29479e-04 -7.31382e-04 -7.33128e-04 -7.34720e-04 -7.36157e-04
 -7.37441e-04 -7.38573e-04 -7.39554e-04 -7.40385e-04 -7.41068e-04 -7.41605e-04
 -7.41996e-04 -7.42246e-04 -7.42354e-04 -7.42325e-04 -7.42159e-04 -7.41860e-04
 -7.41430e-04 -7.40871e-04 -7.40187e-04 -7.39380e-04 -7.38454e-04 -7.37410e-04
 -7.36254e-04 -7.34987e-04 -7.33614e-04 -7.32137e-04 -7.30560e-04 -7.28888e-04
 -7.27122e-04 -7.25268e-04 -7.23327e-04 -7.21305e-04 -7.19206e-04 -7.17032e-04
 -7.14789e-04 -7.12480e-04 -7.10109e-04 -7.07680e-04 -7.05197e-04 -7.02663e-04
 -7.00082e-04 -6.97458e-04 -6.94794e-04 -6.92095e-04 -6.89364e-04 -6.86605e-04
 -6.83822e-04 -6.81018e-04 -6.78197e-04 -6.75361e-04 -6.72516e-04 -6.69662e-04
 -6.66804e-04 -6.63944e-04 -6.61083e-04 -6.58225e-04 -6.55372e-04 -6.52525e-04
 -6.49687e-04 -6.46860e-04 -6.44047e-04 -6.41248e-04 -6.38467e-04 -6.35703e-04
 -6.32959e-04 -6.30236e-04 -6.27533e-04 -6.24852e-04 -6.22193e-04 -6.19556e-04
 -6.16940e-04 -6.14347e-04 -6.11777e-04 -6.09230e-04 -6.06706e-04 -6.04206e-04
 -6.01728e-04 -5.99273e-04 -5.96840e-04 -5.94428e-04 -5.92037e-04 -5.89664e-04
 -5.87309e-04 -5.84969e-04 -5.82643e-04 -5.80329e-04 -5.78025e-04 -5.75729e-04
 -5.73441e-04 -5.71159e-04 -5.68879e-04 -5.66602e-04 -5.64324e-04 -5.62043e-04
 -5.59757e-04 -5.57464e-04 -5.55161e-04 -5.52846e-04 -5.50516e-04 -5.48168e-04
 -5.45799e-04 -5.43407e-04 -5.40989e-04 -5.38541e-04 -5.36062e-04 -5.33548e-04
 -5.30996e-04 -5.28402e-04 -5.25765e-04 -5.23079e-04 -5.20343e-04 -5.17552e-04
 -5.14705e-04 -5.11798e-04 -5.08826e-04 -5.05787e-04 -5.02678e-04 -4.99495e-04
 -4.96234e-04 -4.92892e-04 -4.89465e-04 -4.85951e-04 -4.82345e-04 -4.78644e-04
 -4.74845e-04 -4.70944e-04 -4.66938e-04 -4.62824e-04 -4.58599e-04 -4.54259e-04
 -4.49802e-04 -4.45222e-04 -4.40518e-04 -4.35685e-04 -4.30721e-04 -4.25623e-04
 -4.20387e-04 -4.15011e-04 -4.09493e-04 -4.03830e-04 -3.98019e-04 -3.92058e-04
 -3.85946e-04 -3.79679e-04 -3.73256e-04 -3.66674e-04 -3.59932e-04 -3.53029e-04
 -3.45962e-04 -3.38730e-04 -3.31333e-04 -3.23770e-04 -3.16040e-04 -3.08144e-04
 -3.00081e-04 -2.91851e-04 -2.83456e-04 -2.74896e-04 -2.66172e-04 -2.57285e-04
 -2.48238e-04 -2.39033e-04 -2.29671e-04 -2.20156e-04 -2.10491e-04 -2.00679e-04
 -1.90724e-04 -1.80631e-04 -1.70405e-04 -1.60050e-04 -1.49573e-04 -1.38979e-04
 -1.28275e-04 -1.17468e-04 -1.06565e-04 -9.55758e-05 -8.45073e-05 -7.33689e-05
 -6.21696e-05 -5.09191e-05 -3.96276e-05 -2.83058e-05 -1.69648e-05 -5.61648e-06
  5.72691e-06  1.70526e-05  2.83472e-05  3.95969e-05  5.07873e-05  6.19036e-05
  7.29304e-05  8.38517e-05  9.46515e-05  1.05313e-04  1.15820e-04  1.26154e-04
  1.36300e-04  1.46238e-04  1.55952e-04  1.65421e-04  1.74627e-04  1.83550e-04
  1.92170e-04  2.00467e-04  2.08420e-04  2.16008e-04  2.23212e-04  2.30011e-04
  2.36382e-04  2.42305e-04  2.47757e-04  2.52719e-04  2.57168e-04  2.61082e-04
  2.64441e-04  2.67221e-04  2.69401e-04  2.70960e-04  2.71874e-04  2.72124e-04
  2.71688e-04  2.70545e-04  2.68676e-04  2.66058e-04  2.62672e-04  2.58498e-04
  2.53514e-04  2.47703e-04  2.41044e-04  2.33519e-04  2.25110e-04  2.15799e-04
  2.05569e-04  1.94403e-04  1.82286e-04  1.69201e-04  1.55136e-04  1.40075e-04
  1.24005e-04  1.06915e-04  8.87915e-05  6.96246e-05  4.94039e-05  2.81205e-05
  5.76636e-06 -1.76655e-05 -4.21813e-05 -6.77861e-05 -9.44842e-05 -1.22279e-04
 -1.51171e-04 -1.81163e-04 -2.12254e-04 -2.44441e-04 -2.77722e-04 -3.12093e-04
 -3.47547e-04 -3.84078e-04 -4.21677e-04 -4.60335e-04 -5.00041e-04 -5.40781e-04
 -5.82542e-04 -6.25309e-04 -6.69064e-04 -7.13789e-04 -7.59465e-04 -8.06070e-04
 -8.53582e-04 -9.01975e-04 -9.51225e-04 -1.00130e-03 -1.05218e-03 -1.10382e-03
 -1.15620e-03 -1.20928e-03 -1.26302e-03 -1.31740e-03 -1.37236e-03 -1.42786e-03
 -1.48388e-03 -1.54035e-03 -1.59724e-03 -1.65450e-03 -1.71207e-03 -1.76992e-03
 -1.82798e-03 -1.88621e-03 -1.94455e-03 -2.00294e-03 -2.06132e-03 -2.11964e-03
 -2.17784e-03 -2.23585e-03 -2.29361e-03 -2.35105e-03 -2.40811e-03 -2.46472e-03
 -2.52080e-03 -2.57630e-03 -2.63113e-03 -2.68523e-03 -2.73852e-03 -2.79093e-03
 -2.84238e-03 -2.89279e-03 -2.94208e-03 -2.99019e-03 -3.03702e-03 -3.08250e-03
 -3.12654e-03 -3.16907e-03 -3.21001e-03 -3.24926e-03 -3.28674e-03 -3.32238e-03
 -3.35608e-03 -3.38777e-03 -3.41736e-03 -3.44475e-03 -3.46988e-03 -3.49265e-03
 -3.51298e-03 -3.53079e-03 -3.54598e-03 -3.55849e-03 -3.56821e-03 -3.57508e-03
 -3.57901e-03 -3.57993e-03 -3.57774e-03 -3.57237e-03 -3.56374e-03 -3.55177e-03
 -3.53640e-03 -3.51753e-03 -3.49511e-03 -3.46906e-03 -3.43930e-03 -3.40577e-03
 -3.36840e-03 -3.32714e-03 -3.28191e-03 -3.23266e-03 -3.17932e-03 -3.12186e-03
 -3.06020e-03 -2.99430e-03 -2.92412e-03 -2.84961e-03 -2.77072e-03 -2.68742e-03
 -2.59968e-03 -2.50745e-03 -2.41071e-03 -2.30943e-03 -2.20359e-03 -2.09318e-03
 -1.97817e-03 -1.85855e-03 -1.73432e-03 -1.60548e-03 -1.47202e-03 -1.33394e-03
 -1.19127e-03 -1.04400e-03 -8.92162e-04 -7.35772e-04 -5.74859e-04 -4.09452e-04
 -2.39587e-04 -6.53051e-05  1.13349e-04  2.96326e-04  4.83572e-04  6.75026e-04
  8.70624e-04  1.07030e-03  1.27397e-03  1.48156e-03  1.69299e-03  1.90816e-03
  2.12698e-03  2.34935e-03  2.57516e-03  2.80430e-03  3.03665e-03  3.27210e-03
  3.51051e-03  3.75176e-03  3.99570e-03  4.24219e-03  4.49110e-03  4.74225e-03
  4.99551e-03  5.25069e-03  5.50764e-03  5.76619e-03  6.02615e-03  6.28734e-03
  6.54958e-03  6.81268e-03  7.07644e-03  7.34066e-03  7.60513e-03  7.86965e-03
  8.13400e-03  8.39798e-03  8.66134e-03  8.92389e-03  9.18538e-03  9.44559e-03
  9.70428e-03  9.96123e-03  1.02162e-02  1.04689e-02  1.07192e-02  1.09667e-02
  1.12112e-02  1.14526e-02  1.16905e-02  1.19246e-02  1.21548e-02  1.23808e-02
  1.26023e-02  1.28191e-02  1.30309e-02  1.32374e-02  1.34385e-02  1.36339e-02
  1.38232e-02  1.40063e-02  1.41830e-02  1.43529e-02  1.45158e-02  1.46716e-02
  1.48199e-02  1.49606e-02  1.50933e-02  1.52179e-02  1.53342e-02  1.54419e-02
  1.55409e-02  1.56309e-02  1.57117e-02  1.57832e-02  1.58451e-02  1.58972e-02
  1.59395e-02  1.59717e-02  1.59937e-02  1.60053e-02  1.60064e-02  1.59969e-02
  1.59766e-02  1.59454e-02  1.59032e-02  1.58499e-02  1.57854e-02  1.57097e-02
  1.56226e-02  1.55242e-02  1.54144e-02  1.52931e-02  1.51604e-02  1.50162e-02
  1.48605e-02  1.46933e-02  1.45147e-02  1.43248e-02  1.41235e-02  1.39109e-02
  1.36871e-02  1.34522e-02  1.32062e-02  1.29494e-02  1.26818e-02  1.24036e-02
  1.21149e-02  1.18159e-02  1.15068e-02  1.11877e-02  1.08589e-02  1.05206e-02
  1.01730e-02  9.81633e-03  9.45087e-03  9.07688e-03  8.69464e-03  8.30442e-03
  7.90653e-03  7.50128e-03  7.08898e-03  6.66996e-03  6.24456e-03  5.81314e-03
  5.37604e-03  4.93362e-03  4.48627e-03  4.03436e-03  3.57828e-03  3.11842e-03
  2.65517e-03  2.18895e-03  1.72016e-03  1.24921e-03  7.76522e-04  3.02514e-04
 -1.72391e-04 -6.47770e-04 -1.12320e-03 -1.59824e-03 -2.07248e-03 -2.54549e-03
 -3.01685e-03 -3.48612e-03 -3.95289e-03 -4.41674e-03 -4.87725e-03 -5.33402e-03
 -5.78664e-03 -6.23471e-03 -6.67784e-03 -7.11563e-03 -7.54771e-03 -7.97369e-03
 -8.39323e-03 -8.80595e-03 -9.21152e-03 -9.60958e-03 -9.99982e-03 -1.03819e-02
 -1.07555e-02 -1.11204e-02 -1.14762e-02 -1.18228e-02 -1.21597e-02 -1.24868e-02
 -1.28039e-02 -1.31107e-02 -1.34069e-02 -1.36925e-02 -1.39672e-02 -1.42309e-02
 -1.44833e-02 -1.47244e-02 -1.49540e-02 -1.51720e-02 -1.53783e-02 -1.55728e-02
 -1.57555e-02 -1.59262e-02 -1.60850e-02 -1.62318e-02 -1.63665e-02 -1.64892e-02
 -1.65999e-02 -1.66986e-02 -1.67853e-02 -1.68601e-02 -1.69230e-02 -1.69741e-02
 -1.70135e-02 -1.70412e-02 -1.70575e-02 -1.70623e-02 -1.70558e-02 -1.70382e-02
 -1.70095e-02 -1.69700e-02 -1.69198e-02 -1.68591e-02 -1.67880e-02 -1.67068e-02
 -1.66156e-02 -1.65146e-02 -1.64041e-02 -1.62842e-02 -1.61552e-02 -1.60173e-02
 -1.58707e-02 -1.57157e-02 -1.55525e-02 -1.53814e-02 -1.52025e-02 -1.50162e-02
 -1.48227e-02 -1.46222e-02 -1.44151e-02 -1.42015e-02 -1.39818e-02 -1.37561e-02
 -1.35248e-02 -1.32881e-02 -1.30462e-02 -1.27995e-02 -1.25482e-02 -1.22925e-02
 -1.20328e-02 -1.17692e-02 -1.15020e-02 -1.12315e-02 -1.09580e-02 -1.06816e-02
 -1.04027e-02 -1.01214e-02 -9.83808e-03 -9.55290e-03 -9.26611e-03 -8.97794e-03
 -8.68862e-03 -8.39838e-03 -8.10744e-03 -7.81602e-03 -7.52433e-03 -7.23258e-03
 -6.94098e-03 -6.64973e-03 -6.35903e-03 -6.06908e-03 -5.78006e-03 -5.49217e-03
 -5.20557e-03 -4.92045e-03 -4.63697e-03 -4.35531e-03 -4.07563e-03 -3.79809e-03
 -3.52283e-03 -3.25002e-03 -2.97979e-03 -2.71228e-03 -2.44764e-03 -2.18599e-03
 -1.92745e-03 -1.67215e-03 -1.42021e-03 -1.17174e-03 -9.26836e-04 -6.85612e-04
 -4.48165e-04 -2.14586e-04  1.50328e-05  2.40608e-04  4.62059e-04  6.79311e-04
  8.92291e-04  1.10093e-03  1.30518e-03  1.50496e-03  1.70024e-03  1.89096e-03
  2.07707e-03  2.25855e-03  2.43535e-03  2.60743e-03  2.77479e-03  2.93739e-03
  3.09521e-03  3.24824e-03  3.39647e-03  3.53990e-03  3.67852e-03  3.81234e-03
  3.94136e-03  4.06559e-03  4.18505e-03  4.29975e-03  4.40972e-03  4.51499e-03
  4.61557e-03  4.71152e-03  4.80285e-03  4.88962e-03  4.97186e-03  5.04962e-03
  5.12295e-03  5.19191e-03  5.25655e-03  5.31693e-03  5.37310e-03  5.42514e-03
  5.47310e-03  5.51707e-03  5.55710e-03  5.59328e-03  5.62568e-03  5.65437e-03
  5.67945e-03  5.70098e-03  5.71906e-03  5.73377e-03  5.74520e-03  5.75343e-03
  5.75856e-03  5.76067e-03  5.75986e-03  5.75622e-03  5.74983e-03  5.74081e-03
  5.72923e-03  5.71519e-03  5.69879e-03  5.68013e-03  5.65929e-03  5.63637e-03
  5.61147e-03  5.58469e-03  5.55611e-03  5.52582e-03  5.49393e-03  5.46051e-03
  5.42567e-03  5.38948e-03  5.35205e-03  5.31344e-03  5.27376e-03  5.23308e-03
  5.19150e-03  5.14908e-03  5.10591e-03  5.06207e-03  5.01763e-03  4.97267e-03
  4.92724e-03  4.88144e-03  4.83530e-03  4.78891e-03  4.74233e-03  4.69561e-03
  4.64880e-03  4.60198e-03  4.55518e-03  4.50846e-03  4.46186e-03  4.41543e-03
  4.36922e-03  4.32326e-03  4.27759e-03  4.23223e-03  4.18723e-03  4.14261e-03
  4.09840e-03  4.05461e-03  4.01128e-03  3.96841e-03  3.92603e-03  3.88414e-03
  3.84276e-03  3.80190e-03  3.76156e-03  3.72175e-03  3.68247e-03  3.64372e-03
  3.60550e-03  3.56780e-03  3.53062e-03  3.49395e-03  3.45778e-03  3.42210e-03
  3.38690e-03  3.35215e-03  3.31786e-03  3.28400e-03  3.25055e-03  3.21750e-03
  3.18482e-03  3.15250e-03  3.12051e-03  3.08883e-03  3.05743e-03  3.02630e-03
  2.99541e-03  2.96474e-03  2.93426e-03  2.90394e-03  2.87377e-03  2.84372e-03
  2.81376e-03  2.78388e-03  2.75404e-03  2.72423e-03  2.69442e-03  2.66459e-03
  2.63472e-03  2.60479e-03  2.57477e-03  2.54464e-03  2.51439e-03  2.48400e-03
  2.45345e-03  2.42272e-03  2.39180e-03  2.36068e-03  2.32934e-03  2.29778e-03
  2.26597e-03  2.23391e-03  2.20160e-03  2.16902e-03  2.13617e-03  2.10304e-03
  2.06963e-03  2.03593e-03  2.00194e-03  1.96766e-03  1.93309e-03  1.89823e-03
  1.86308e-03  1.82765e-03  1.79194e-03  1.75595e-03  1.71970e-03  1.68318e-03
  1.64642e-03  1.60940e-03  1.57215e-03  1.53467e-03  1.49696e-03  1.45905e-03
  1.42095e-03  1.38265e-03  1.34418e-03  1.30555e-03  1.26676e-03  1.22784e-03
  1.18878e-03  1.14962e-03  1.11035e-03  1.07099e-03  1.03155e-03  9.92042e-04
  9.52482e-04  9.12879e-04  8.73244e-04  8.33588e-04  7.93922e-04  7.54256e-04
  7.14598e-04  6.74958e-04  6.35344e-04  5.95764e-04  5.56224e-04  5.16730e-04
  4.77289e-04  4.37905e-04  3.98583e-04  3.59326e-04  3.20138e-04  2.81020e-04
  2.41974e-04  2.03000e-04  1.64098e-04  1.25267e-04  8.65054e-05  4.78116e-05
  9.18297e-06 -2.93834e-05 -6.78911e-05 -1.06344e-04 -1.44746e-04 -1.83103e-04
 -2.21419e-04 -2.59700e-04 -2.97951e-04 -3.36179e-04 -3.74389e-04 -4.12589e-04
 -4.50784e-04 -4.88980e-04 -5.27184e-04 -5.65402e-04 -6.03640e-04 -6.41901e-04
 -6.80193e-04 -7.18519e-04 -7.56885e-04 -7.95295e-04 -8.33751e-04 -8.72257e-04
 -9.10816e-04 -9.49429e-04 -9.88097e-04 -1.02682e-03 -1.06560e-03 -1.10443e-03
 -1.14332e-03 -1.18226e-03 -1.22124e-03 -1.26026e-03 -1.29931e-03 -1.33840e-03
 -1.37750e-03 -1.41661e-03 -1.45572e-03 -1.49483e-03 -1.53391e-03 -1.57295e-03
 -1.61195e-03 -1.65089e-03 -1.68974e-03 -1.72850e-03 -1.76715e-03 -1.80567e-03
 -1.84403e-03 -1.88222e-03 -1.92023e-03 -1.95801e-03 -1.99556e-03 -2.03285e-03
 -2.06986e-03 -2.10655e-03 -2.14291e-03 -2.17891e-03 -2.21452e-03 -2.24972e-03
 -2.28447e-03 -2.31876e-03 -2.35254e-03 -2.38580e-03 -2.41850e-03 -2.45061e-03
 -2.48211e-03 -2.51296e-03 -2.54314e-03 -2.57262e-03 -2.60136e-03 -2.62933e-03
 -2.65652e-03 -2.68288e-03 -2.70839e-03 -2.73303e-03 -2.75676e-03 -2.77955e-03
 -2.80138e-03 -2.82223e-03 -2.84206e-03 -2.86085e-03 -2.87857e-03 -2.89520e-03
 -2.91072e-03 -2.92510e-03 -2.93831e-03 -2.95034e-03 -2.96117e-03 -2.97077e-03
 -2.97913e-03 -2.98623e-03 -2.99205e-03 -2.99658e-03 -2.99979e-03 -3.00169e-03
 -3.00225e-03 -3.00146e-03 -2.99932e-03 -2.99582e-03 -2.99094e-03 -2.98468e-03
 -2.97704e-03 -2.96801e-03 -2.95758e-03 -2.94576e-03 -2.93255e-03 -2.91794e-03
 -2.90194e-03 -2.88454e-03 -2.86577e-03 -2.84562e-03 -2.82409e-03 -2.80121e-03
 -2.77697e-03 -2.75140e-03 -2.72450e-03 -2.69629e-03 -2.66678e-03 -2.63600e-03
 -2.60395e-03 -2.57066e-03 -2.53615e-03 -2.50044e-03 -2.46356e-03 -2.42552e-03
 -2.38635e-03 -2.34608e-03 -2.30473e-03 -2.26234e-03 -2.21893e-03 -2.17454e-03
 -2.12918e-03 -2.08291e-03 -2.03575e-03 -1.98773e-03 -1.93889e-03 -1.88927e-03
 -1.83889e-03 -1.78781e-03 -1.73605e-03 -1.68365e-03 -1.63066e-03 -1.57711e-03
 -1.52304e-03 -1.46850e-03 -1.41352e-03 -1.35814e-03 -1.30241e-03 -1.24636e-03
 -1.19005e-03 -1.13350e-03 -1.07677e-03 -1.01988e-03 -9.62897e-04 -9.05847e-04
 -8.48777e-04 -7.91727e-04 -7.34739e-04 -6.77854e-04 -6.21113e-04 -5.64555e-04
 -5.08220e-04 -4.52148e-04 -3.96377e-04 -3.40945e-04 -2.85889e-04 -2.31247e-04
 -1.77056e-04 -1.23350e-04 -7.01646e-05 -1.75342e-05  3.45087e-05  8.59318e-05
  1.36704e-04  1.86795e-04  2.36176e-04  2.84819e-04  3.32696e-04  3.79781e-04
  4.26050e-04  4.71478e-04  5.16044e-04  5.59725e-04  6.02503e-04  6.44357e-04
  6.85271e-04  7.25229e-04  7.64216e-04  8.02217e-04  8.39220e-04  8.75213e-04
  9.10187e-04  9.44132e-04  9.77041e-04  1.00891e-03  1.03973e-03  1.06949e-03
  1.09821e-03  1.12587e-03  1.15247e-03  1.17803e-03  1.20252e-03  1.22597e-03
  1.24837e-03  1.26973e-03  1.29005e-03  1.30935e-03  1.32761e-03  1.34486e-03
  1.36111e-03  1.37636e-03  1.39062e-03  1.40390e-03  1.41622e-03  1.42758e-03
  1.43801e-03  1.44751e-03  1.45609e-03  1.46378e-03  1.47057e-03  1.47650e-03
  1.48156e-03  1.48577e-03  1.48916e-03  1.49173e-03  1.49350e-03  1.49448e-03
  1.49470e-03  1.49416e-03  1.49287e-03  1.49086e-03  1.48813e-03  1.48471e-03
  1.48060e-03  1.47581e-03  1.47037e-03  1.46427e-03  1.45755e-03  1.45020e-03
  1.44223e-03  1.43367e-03  1.42453e-03  1.41480e-03  1.40451e-03  1.39366e-03
  1.38226e-03  1.37032e-03  1.35785e-03  1.34486e-03  1.33135e-03  1.31734e-03
  1.30283e-03  1.28782e-03  1.27234e-03  1.25637e-03  1.23994e-03  1.22304e-03
  1.20568e-03  1.18787e-03  1.16961e-03  1.15090e-03  1.13176e-03  1.11217e-03
  1.09216e-03  1.07172e-03  1.05086e-03  1.02959e-03  1.00790e-03  9.85814e-04
  9.63322e-04  9.40437e-04  9.17162e-04  8.93504e-04  8.69468e-04  8.45059e-04
  8.20284e-04  7.95149e-04  7.69660e-04  7.43824e-04  7.17648e-04  6.91140e-04
  6.64308e-04  6.37160e-04  6.09707e-04  5.81958e-04  5.53923e-04  5.25612e-04
  4.97037e-04  4.68210e-04  4.39142e-04  4.09846e-04  3.80336e-04  3.50626e-04
  3.20730e-04  2.90663e-04  2.60442e-04  2.30082e-04  1.99600e-04  1.69016e-04
  1.38346e-04  1.07610e-04  7.68282e-05  4.60194e-05  1.52048e-05 -1.55947e-05
 -4.63574e-05 -7.70611e-05 -1.07683e-04 -1.38200e-04 -1.68589e-04 -1.98825e-04
 -2.28885e-04 -2.58742e-04 -2.88372e-04 -3.17750e-04 -3.46849e-04 -3.75643e-04
 -4.04106e-04 -4.32210e-04 -4.59929e-04 -4.87236e-04 -5.14103e-04 -5.40502e-04
 -5.66406e-04 -5.91788e-04 -6.16619e-04 -6.40873e-04 -6.64522e-04 -6.87540e-04
 -7.09900e-04 -7.31577e-04 -7.52544e-04 -7.72776e-04 -7.92249e-04 -8.10938e-04
 -8.28818e-04 -8.45868e-04 -8.62063e-04 -8.77381e-04 -8.91802e-04 -9.05302e-04
 -9.17863e-04 -9.29463e-04 -9.40085e-04 -9.49710e-04 -9.58321e-04 -9.65903e-04
 -9.72440e-04 -9.77920e-04 -9.82330e-04 -9.85659e-04 -9.87896e-04 -9.89032e-04
 -9.89060e-04 -9.87973e-04 -9.85765e-04 -9.82433e-04 -9.77974e-04 -9.72386e-04
 -9.65668e-04 -9.57823e-04 -9.48853e-04 -9.38762e-04 -9.27556e-04 -9.15242e-04
 -9.01829e-04 -8.87326e-04 -8.71744e-04 -8.55096e-04 -8.37396e-04 -8.18659e-04
 -7.98902e-04 -7.78144e-04 -7.56403e-04 -7.33701e-04 -7.10061e-04 -6.85506e-04
 -6.60062e-04 -6.33756e-04 -6.06616e-04 -5.78670e-04 -5.49950e-04 -5.20486e-04
 -4.90311e-04 -4.59459e-04 -4.27965e-04 -3.95865e-04 -3.63198e-04 -3.30002e-04
 -2.96315e-04 -2.62178e-04 -2.27633e-04 -1.92721e-04 -1.57485e-04 -1.21967e-04
 -8.62117e-05 -5.02623e-05 -1.41636e-05  2.20390e-05  5.82996e-05  9.45718e-05
  1.30809e-04  1.66964e-04  2.02989e-04  2.38838e-04  2.74464e-04  3.09821e-04
  3.44860e-04  3.79537e-04  4.13805e-04  4.47616e-04  4.80926e-04  5.13690e-04
  5.45861e-04  5.77394e-04  6.08247e-04  6.38375e-04  6.67736e-04  6.96288e-04
  7.23991e-04  7.50804e-04  7.76690e-04  8.01609e-04  8.25527e-04  8.48406e-04
  8.70214e-04  8.90917e-04  9.10482e-04  9.28881e-04  9.46083e-04  9.62061e-04
  9.76789e-04  9.90240e-04  1.00239e-03  1.01323e-03  1.02272e-03  1.03085e-03
  1.03760e-03  1.04297e-03  1.04694e-03  1.04949e-03  1.05061e-03  1.05031e-03
  1.04858e-03  1.04540e-03  1.04078e-03  1.03473e-03  1.02723e-03  1.01829e-03
  1.00793e-03  9.96141e-04  9.82938e-04  9.68330e-04  9.52332e-04  9.34956e-04
  9.16220e-04  8.96142e-04  8.74742e-04  8.52041e-04  8.28063e-04  8.02832e-04
  7.76376e-04  7.48722e-04  7.19900e-04  6.89941e-04  6.58879e-04  6.26747e-04
  5.93582e-04  5.59419e-04  5.24297e-04  4.88256e-04  4.51336e-04  4.13578e-04
  3.75026e-04  3.35723e-04  2.95712e-04  2.55040e-04  2.13752e-04  1.71895e-04
  1.29515e-04  8.66619e-05  4.33828e-05 -2.72719e-07 -4.42549e-05 -8.85137e-05
 -1.32999e-04 -1.77660e-04 -2.22446e-04 -2.67307e-04 -3.12193e-04 -3.57054e-04
 -4.01841e-04 -4.46505e-04 -4.90997e-04 -5.35269e-04 -5.79272e-04 -6.22960e-04
 -6.66285e-04 -7.09201e-04 -7.51662e-04 -7.93622e-04 -8.35038e-04 -8.75866e-04
 -9.16064e-04 -9.55590e-04 -9.94405e-04 -1.03247e-03 -1.06975e-03 -1.10620e-03
 -1.14179e-03 -1.17649e-03 -1.21026e-03 -1.24307e-03 -1.27489e-03 -1.30570e-03
 -1.33547e-03 -1.36416e-03 -1.39177e-03 -1.41825e-03 -1.44360e-03 -1.46780e-03
 -1.49081e-03 -1.51264e-03 -1.53326e-03 -1.55266e-03 -1.57082e-03 -1.58775e-03
 -1.60342e-03 -1.61783e-03 -1.63097e-03 -1.64285e-03 -1.65345e-03 -1.66277e-03
 -1.67082e-03 -1.67760e-03 -1.68310e-03 -1.68733e-03 -1.69031e-03 -1.69202e-03
 -1.69249e-03 -1.69172e-03 -1.68972e-03 -1.68651e-03 -1.68209e-03 -1.67649e-03
 -1.66971e-03 -1.66178e-03 -1.65270e-03 -1.64250e-03 -1.63120e-03 -1.61882e-03
 -1.60537e-03 -1.59089e-03 -1.57538e-03 -1.55888e-03 -1.54141e-03 -1.52300e-03
 -1.50366e-03 -1.48342e-03 -1.46232e-03 -1.44038e-03 -1.41762e-03 -1.39408e-03
 -1.36977e-03 -1.34474e-03 -1.31900e-03 -1.29260e-03 -1.26555e-03 -1.23788e-03
 -1.20964e-03 -1.18084e-03 -1.15151e-03 -1.12169e-03 -1.09141e-03 -1.06069e-03
 -1.02958e-03 -9.98085e-04 -9.66249e-04 -9.34100e-04 -9.01668e-04 -8.68980e-04
 -8.36066e-04 -8.02954e-04 -7.69674e-04 -7.36253e-04 -7.02718e-04 -6.69099e-04
 -6.35422e-04 -6.01715e-04 -5.68005e-04 -5.34317e-04 -5.00679e-04 -4.67115e-04
 -4.33650e-04 -4.00308e-04 -3.67113e-04 -3.34089e-04 -3.01256e-04 -2.68638e-04
 -2.36255e-04 -2.04128e-04 -1.72277e-04 -1.40722e-04 -1.09482e-04 -7.85746e-05
 -4.80181e-05 -1.78291e-05  1.19760e-05  4.13817e-05  7.03731e-05  9.89360e-05
  1.27057e-04  1.54723e-04  1.81922e-04  2.08643e-04  2.34876e-04  2.60611e-04
  2.85839e-04  3.10552e-04  3.34743e-04  3.58405e-04  3.81534e-04  4.04122e-04
  4.26167e-04  4.47665e-04  4.68613e-04  4.89008e-04  5.08849e-04  5.28136e-04
  5.46869e-04  5.65049e-04  5.82677e-04  5.99757e-04  6.16291e-04  6.32283e-04
  6.47738e-04  6.62661e-04  6.77058e-04  6.90936e-04  7.04303e-04  7.17165e-04
  7.29531e-04  7.41412e-04  7.52817e-04  7.63756e-04  7.74240e-04  7.84281e-04
  7.93890e-04  8.03081e-04  8.11865e-04  8.20256e-04  8.28267e-04  8.35913e-04
  8.43208e-04  8.50166e-04  8.56803e-04  8.63135e-04  8.69175e-04  8.74942e-04
  8.80450e-04  8.85717e-04  8.90759e-04  8.95591e-04  9.00232e-04  9.04696e-04
  9.09002e-04  9.13163e-04  9.17197e-04  9.21120e-04  9.24947e-04  9.28695e-04
  9.32378e-04  9.36011e-04  9.39611e-04  9.43191e-04  9.46767e-04  9.50353e-04
  9.53963e-04  9.57609e-04  9.61305e-04  9.65063e-04  9.68893e-04  9.72807e-04
  9.76816e-04  9.80927e-04  9.85152e-04  9.89498e-04  9.93974e-04  9.98585e-04
  1.00334e-03  1.00825e-03  1.01330e-03  1.01852e-03  1.02391e-03  1.02946e-03
  1.03517e-03  1.04106e-03  1.04712e-03  1.05336e-03  1.05976e-03  1.06633e-03
  1.07307e-03  1.07998e-03  1.08705e-03  1.09427e-03  1.10164e-03  1.10916e-03
  1.11682e-03  1.12461e-03  1.13252e-03  1.14054e-03  1.14868e-03  1.15690e-03
  1.16522e-03  1.17360e-03  1.18205e-03  1.19056e-03  1.19910e-03  1.20766e-03
  1.21624e-03  1.22481e-03  1.23337e-03  1.24190e-03  1.25038e-03  1.25880e-03
  1.26714e-03  1.27539e-03  1.28353e-03  1.29155e-03  1.29942e-03  1.30713e-03
  1.31467e-03  1.32202e-03  1.32915e-03  1.33606e-03  1.34273e-03  1.34913e-03
  1.35525e-03  1.36108e-03  1.36659e-03  1.37178e-03  1.37661e-03  1.38108e-03
  1.38518e-03  1.38887e-03  1.39215e-03  1.39501e-03  1.39742e-03  1.39937e-03
  1.40085e-03  1.40184e-03  1.40233e-03  1.40230e-03  1.40174e-03  1.40064e-03
  1.39898e-03  1.39676e-03  1.39395e-03  1.39055e-03  1.38655e-03  1.38194e-03
  1.37670e-03  1.37083e-03  1.36432e-03  1.35715e-03  1.34934e-03  1.34085e-03
  1.33170e-03  1.32187e-03  1.31135e-03  1.30015e-03  1.28826e-03  1.27567e-03
  1.26238e-03  1.24840e-03  1.23371e-03  1.21831e-03  1.20222e-03  1.18542e-03
  1.16791e-03  1.14971e-03  1.13080e-03  1.11120e-03  1.09091e-03  1.06993e-03
  1.04826e-03  1.02592e-03  1.00290e-03  9.79221e-04  9.54883e-04  9.29895e-04
  9.04268e-04  8.78010e-04  8.51131e-04  8.23642e-04  7.95553e-04  7.66878e-04
  7.37628e-04  7.07817e-04  6.77458e-04  6.46567e-04  6.15158e-04  5.83248e-04
  5.50852e-04  5.17988e-04  4.84673e-04  4.50925e-04  4.16763e-04  3.82206e-04
  3.47274e-04  3.11987e-04  2.76367e-04  2.40435e-04  2.04212e-04  1.67721e-04
  1.30985e-04  9.40263e-05  5.68697e-05  1.95391e-05 -1.79408e-05 -5.55451e-05
 -9.32483e-05 -1.31025e-04 -1.68848e-04 -2.06691e-04 -2.44527e-04 -2.82328e-04
 -3.20068e-04 -3.57717e-04 -3.95248e-04 -4.32633e-04 -4.69843e-04 -5.06849e-04
 -5.43623e-04 -5.80134e-04 -6.16355e-04 -6.52255e-04 -6.87804e-04 -7.22974e-04
 -7.57736e-04 -7.92058e-04 -8.25912e-04 -8.59269e-04 -8.92100e-04 -9.24374e-04
 -9.56065e-04 -9.87141e-04 -1.01758e-03 -1.04734e-03 -1.07640e-03 -1.10474e-03
 -1.13232e-03 -1.15912e-03 -1.18511e-03 -1.21027e-03 -1.23457e-03 -1.25797e-03
 -1.28047e-03 -1.30203e-03 -1.32263e-03 -1.34225e-03 -1.36086e-03 -1.37845e-03
 -1.39499e-03 -1.41046e-03 -1.42484e-03 -1.43812e-03 -1.45028e-03 -1.46129e-03
 -1.47116e-03 -1.47985e-03 -1.48736e-03 -1.49367e-03 -1.49877e-03 -1.50266e-03
 -1.50532e-03 -1.50675e-03 -1.50693e-03 -1.50586e-03 -1.50354e-03 -1.49997e-03
 -1.49513e-03 -1.48904e-03 -1.48168e-03 -1.47307e-03 -1.46321e-03 -1.45209e-03
 -1.43973e-03 -1.42613e-03 -1.41130e-03 -1.39524e-03 -1.37798e-03 -1.35952e-03
 -1.33987e-03 -1.31905e-03 -1.29708e-03 -1.27396e-03 -1.24973e-03 -1.22440e-03
 -1.19798e-03 -1.17051e-03 -1.14200e-03 -1.11249e-03 -1.08198e-03 -1.05052e-03
 -1.01813e-03 -9.84830e-04 -9.50657e-04 -9.15640e-04 -8.79811e-04 -8.43200e-04
 -8.05841e-04 -7.67767e-04 -7.29012e-04 -6.89612e-04 -6.49601e-04 -6.09016e-04
 -5.67893e-04 -5.26268e-04 -4.84178e-04 -4.41662e-04 -3.98758e-04 -3.55502e-04
 -3.11935e-04 -2.68095e-04 -2.24020e-04 -1.79750e-04 -1.35323e-04 -9.07780e-05
 -4.61530e-05 -1.48656e-06  4.31832e-05  8.78184e-05  1.32382e-04  1.76836e-04
  2.21144e-04  2.65271e-04  3.09179e-04  3.52834e-04  3.96201e-04  4.39246e-04
  4.81936e-04  5.24238e-04  5.66120e-04  6.07552e-04  6.48503e-04  6.88944e-04
  7.28847e-04  7.68183e-04  8.06925e-04  8.45048e-04  8.82527e-04  9.19337e-04
  9.55455e-04  9.90859e-04  1.02553e-03  1.05944e-03  1.09258e-03  1.12493e-03
  1.15646e-03  1.18717e-03  1.21704e-03  1.24605e-03  1.27419e-03  1.30145e-03
  1.32782e-03  1.35328e-03  1.37783e-03  1.40146e-03  1.42417e-03  1.44593e-03
  1.46676e-03  1.48664e-03  1.50558e-03  1.52356e-03  1.54059e-03  1.55666e-03
  1.57178e-03  1.58594e-03  1.59915e-03  1.61140e-03  1.62271e-03  1.63307e-03
  1.64248e-03  1.65096e-03  1.65851e-03  1.66512e-03  1.67082e-03  1.67560e-03
  1.67948e-03  1.68246e-03  1.68455e-03  1.68576e-03  1.68609e-03  1.68557e-03
  1.68420e-03  1.68198e-03  1.67894e-03  1.67509e-03  1.67042e-03  1.66497e-03
  1.65874e-03  1.65174e-03  1.64399e-03  1.63550e-03  1.62628e-03  1.61636e-03
  1.60574e-03  1.59444e-03  1.58247e-03  1.56985e-03  1.55660e-03  1.54272e-03
  1.52824e-03  1.51317e-03  1.49753e-03  1.48132e-03  1.46458e-03  1.44731e-03
  1.42953e-03  1.41126e-03  1.39251e-03  1.37330e-03  1.35365e-03  1.33357e-03
  1.31308e-03  1.29219e-03  1.27092e-03  1.24930e-03  1.22732e-03  1.20502e-03
  1.18240e-03  1.15949e-03  1.13629e-03  1.11283e-03  1.08911e-03  1.06516e-03
  1.04100e-03  1.01663e-03  9.92072e-04  9.67344e-04  9.42458e-04  9.17430e-04
  8.92275e-04  8.67006e-04  8.41638e-04  8.16185e-04  7.90660e-04  7.65077e-04
  7.39448e-04  7.13788e-04  6.88109e-04  6.62422e-04  6.36742e-04  6.11078e-04
  5.85443e-04  5.59848e-04  5.34305e-04  5.08822e-04  4.83412e-04  4.58083e-04
  4.32846e-04  4.07709e-04  3.82682e-04  3.57772e-04  3.32987e-04  3.08337e-04
  2.83827e-04  2.59466e-04  2.35259e-04  2.11213e-04  1.87333e-04  1.63626e-04
  1.40096e-04  1.16748e-04  9.35866e-05  7.06154e-05  4.78379e-05  2.52574e-05
  2.87674e-06 -1.93015e-05 -4.12749e-05 -6.30416e-05 -8.45995e-05 -1.05947e-04
 -1.27084e-04 -1.48008e-04 -1.68720e-04 -1.89219e-04 -2.09506e-04 -2.29582e-04
 -2.49446e-04 -2.69099e-04 -2.88544e-04 -3.07781e-04 -3.26811e-04 -3.45636e-04
 -3.64258e-04 -3.82678e-04 -4.00898e-04 -4.18919e-04 -4.36744e-04 -4.54376e-04
 -4.71815e-04 -4.89065e-04 -5.06128e-04 -5.23007e-04 -5.39702e-04 -5.56218e-04
 -5.72555e-04 -5.88717e-04 -6.04704e-04 -6.20518e-04 -6.36162e-04 -6.51636e-04
 -6.66943e-04 -6.82083e-04 -6.97058e-04 -7.11868e-04 -7.26515e-04 -7.40998e-04
 -7.55319e-04 -7.69477e-04 -7.83471e-04 -7.97303e-04 -8.10971e-04 -8.24474e-04
 -8.37811e-04 -8.50982e-04 -8.63983e-04 -8.76814e-04 -8.89472e-04 -9.01954e-04
 -9.14258e-04 -9.26381e-04 -9.38319e-04 -9.50068e-04 -9.61626e-04 -9.72987e-04
 -9.84148e-04 -9.95104e-04 -1.00585e-03 -1.01638e-03 -1.02670e-03 -1.03679e-03
 -1.04665e-03 -1.05627e-03 -1.06565e-03 -1.07479e-03 -1.08367e-03 -1.09229e-03
 -1.10064e-03 -1.10872e-03 -1.11652e-03 -1.12403e-03 -1.13125e-03 -1.13817e-03
 -1.14479e-03 -1.15109e-03 -1.15708e-03 -1.16274e-03 -1.16807e-03 -1.17306e-03
 -1.17771e-03 -1.18201e-03 -1.18595e-03 -1.18954e-03 -1.19276e-03 -1.19562e-03
 -1.19809e-03 -1.20019e-03 -1.20191e-03 -1.20324e-03 -1.20417e-03 -1.20472e-03
 -1.20487e-03 -1.20462e-03 -1.20397e-03 -1.20293e-03 -1.20148e-03 -1.19963e-03
 -1.19738e-03 -1.19473e-03 -1.19168e-03 -1.18823e-03 -1.18440e-03 -1.18017e-03
 -1.17555e-03 -1.17055e-03 -1.16517e-03 -1.15942e-03 -1.15330e-03 -1.14682e-03
 -1.13998e-03 -1.13281e-03 -1.12529e-03 -1.11745e-03 -1.10929e-03 -1.10082e-03
 -1.09205e-03 -1.08300e-03 -1.07368e-03 -1.06409e-03 -1.05426e-03 -1.04419e-03
 -1.03391e-03 -1.02342e-03 -1.01274e-03 -1.00189e-03 -9.90890e-04 -9.79749e-04
 -9.68487e-04 -9.57123e-04 -9.45675e-04 -9.34161e-04 -9.22600e-04 -9.11012e-04
 -8.99416e-04 -8.87831e-04 -8.76279e-04 -8.64778e-04 -8.53349e-04 -8.42014e-04
 -8.30793e-04 -8.19705e-04 -8.08773e-04 -7.98016e-04 -7.87456e-04 -7.77113e-04
 -7.67008e-04 -7.57161e-04 -7.47592e-04 -7.38322e-04 -7.29370e-04 -7.20756e-04
 -7.12499e-04 -7.04618e-04 -6.97132e-04 -6.90058e-04 -6.83414e-04 -6.77218e-04
 -6.71485e-04 -6.66233e-04 -6.61475e-04 -6.57228e-04 -6.53506e-04 -6.50321e-04
 -6.47687e-04 -6.45617e-04 -6.44121e-04 -6.43211e-04 -6.42897e-04 -6.43187e-04
 -6.44091e-04 -6.45615e-04 -6.47766e-04 -6.50550e-04 -6.53972e-04 -6.58034e-04
 -6.62741e-04 -6.68093e-04 -6.74093e-04 -6.80740e-04 -6.88033e-04 -6.95971e-04
 -7.04551e-04 -7.13770e-04 -7.23621e-04 -7.34101e-04 -7.45200e-04 -7.56913e-04
 -7.69229e-04 -7.82139e-04 -7.95632e-04 -8.09695e-04 -8.24317e-04 -8.39484e-04
 -8.55180e-04 -8.71390e-04 -8.88097e-04 -9.05283e-04 -9.22931e-04 -9.41020e-04
 -9.59530e-04 -9.78438e-04 -9.97724e-04 -1.01736e-03 -1.03733e-03 -1.05761e-03
 -1.07816e-03 -1.09897e-03 -1.12001e-03 -1.14124e-03 -1.16265e-03 -1.18420e-03
 -1.20586e-03 -1.22760e-03 -1.24939e-03 -1.27121e-03 -1.29301e-03 -1.31477e-03
 -1.33645e-03 -1.35801e-03 -1.37943e-03 -1.40068e-03 -1.42171e-03 -1.44249e-03
 -1.46299e-03 -1.48317e-03 -1.50300e-03 -1.52244e-03 -1.54146e-03 -1.56002e-03
 -1.57809e-03 -1.59562e-03 -1.61259e-03 -1.62896e-03 -1.64469e-03 -1.65975e-03
 -1.67411e-03 -1.68773e-03 -1.70058e-03 -1.71262e-03 -1.72383e-03 -1.73416e-03
 -1.74359e-03 -1.75209e-03 -1.75962e-03 -1.76616e-03 -1.77167e-03 -1.77613e-03
 -1.77952e-03 -1.78179e-03 -1.78293e-03 -1.78291e-03 -1.78171e-03 -1.77931e-03
 -1.77568e-03 -1.77080e-03 -1.76465e-03 -1.75722e-03 -1.74849e-03 -1.73843e-03
 -1.72704e-03 -1.71430e-03 -1.70021e-03 -1.68474e-03 -1.66788e-03 -1.64964e-03
 -1.63001e-03 -1.60897e-03 -1.58653e-03 -1.56268e-03 -1.53743e-03 -1.51076e-03
 -1.48270e-03 -1.45323e-03 -1.42237e-03 -1.39013e-03 -1.35650e-03 -1.32150e-03
 -1.28515e-03 -1.24745e-03 -1.20843e-03 -1.16809e-03 -1.12646e-03 -1.08355e-03
 -1.03939e-03 -9.93993e-04 -9.47392e-04 -8.99610e-04 -8.50673e-04 -8.00611e-04
 -7.49452e-04 -6.97230e-04 -6.43975e-04 -5.89721e-04 -5.34505e-04 -4.78361e-04
 -4.21327e-04 -3.63443e-04 -3.04747e-04 -2.45281e-04 -1.85085e-04 -1.24204e-04
 -6.26798e-05 -5.57775e-07  6.21171e-05  1.25299e-04  1.88942e-04  2.52998e-04
  3.17421e-04  3.82162e-04  4.47174e-04  5.12406e-04  5.77810e-04  6.43338e-04
  7.08939e-04  7.74564e-04  8.40163e-04  9.05687e-04  9.71087e-04  1.03631e-03
  1.10132e-03  1.16605e-03  1.23046e-03  1.29450e-03  1.35813e-03  1.42129e-03
  1.48395e-03  1.54605e-03  1.60755e-03  1.66841e-03  1.72858e-03  1.78802e-03
  1.84669e-03  1.90454e-03  1.96155e-03  2.01766e-03  2.07284e-03  2.12706e-03
  2.18028e-03  2.23246e-03  2.28357e-03  2.33358e-03  2.38246e-03  2.43018e-03
  2.47671e-03  2.52202e-03  2.56609e-03  2.60889e-03  2.65040e-03  2.69060e-03
  2.72947e-03  2.76698e-03  2.80312e-03  2.83788e-03  2.87123e-03  2.90316e-03
  2.93366e-03  2.96273e-03  2.99034e-03  3.01649e-03  3.04117e-03  3.06437e-03
  3.08610e-03  3.10634e-03  3.12509e-03  3.14235e-03  3.15812e-03  3.17239e-03
  3.18518e-03  3.19648e-03  3.20629e-03  3.21462e-03  3.22147e-03  3.22686e-03
  3.23078e-03  3.23324e-03  3.23425e-03  3.23383e-03  3.23198e-03  3.22871e-03
  3.22403e-03  3.21796e-03  3.21051e-03  3.20170e-03  3.19153e-03  3.18002e-03
  3.16719e-03  3.15306e-03  3.13763e-03  3.12093e-03  3.10298e-03  3.08378e-03
  3.06337e-03  3.04175e-03  3.01895e-03  2.99499e-03  2.96989e-03  2.94366e-03
  2.91633e-03  2.88791e-03  2.85844e-03  2.82793e-03  2.79640e-03  2.76388e-03
  2.73039e-03  2.69594e-03  2.66058e-03  2.62430e-03  2.58715e-03  2.54914e-03
  2.51031e-03  2.47066e-03  2.43023e-03  2.38905e-03  2.34713e-03  2.30451e-03
  2.26120e-03  2.21724e-03  2.17264e-03  2.12744e-03  2.08166e-03  2.03533e-03
  1.98847e-03  1.94111e-03  1.89328e-03  1.84500e-03  1.79630e-03  1.74722e-03
  1.69777e-03  1.64798e-03  1.59789e-03  1.54752e-03  1.49690e-03  1.44605e-03
  1.39501e-03  1.34380e-03  1.29245e-03  1.24100e-03  1.18946e-03  1.13788e-03
  1.08627e-03  1.03466e-03  9.83096e-04  9.31591e-04  8.80178e-04  8.28886e-04
  7.77743e-04  7.26778e-04  6.76020e-04  6.25495e-04  5.75233e-04  5.25261e-04
  4.75607e-04  4.26300e-04  3.77365e-04  3.28830e-04  2.80722e-04  2.33068e-04
  1.85892e-04  1.39223e-04  9.30844e-05  4.75022e-05  2.50118e-06 -4.18943e-05
 -8.56602e-05 -1.28773e-04 -1.71209e-04 -2.12947e-04 -2.53964e-04 -2.94239e-04
 -3.33752e-04 -3.72482e-04 -4.10409e-04 -4.47515e-04 -4.83782e-04 -5.19191e-04
 -5.53725e-04 -5.87367e-04 -6.20103e-04 -6.51917e-04 -6.82794e-04 -7.12721e-04
 -7.41686e-04 -7.69675e-04 -7.96678e-04 -8.22684e-04 -8.47683e-04 -8.71668e-04
 -8.94628e-04 -9.16557e-04 -9.37448e-04 -9.57295e-04 -9.76091e-04 -9.93834e-04
 -1.01052e-03 -1.02614e-03 -1.04070e-03 -1.05419e-03 -1.06662e-03 -1.07798e-03
 -1.08828e-03 -1.09751e-03 -1.10568e-03 -1.11279e-03 -1.11884e-03 -1.12384e-03
 -1.12780e-03 -1.13071e-03 -1.13259e-03 -1.13344e-03 -1.13327e-03 -1.13209e-03
 -1.12990e-03 -1.12671e-03 -1.12254e-03 -1.11740e-03 -1.11128e-03 -1.10421e-03
 -1.09620e-03 -1.08726e-03 -1.07740e-03 -1.06663e-03 -1.05497e-03 -1.04244e-03
 -1.02904e-03 -1.01478e-03 -9.99700e-04 -9.83796e-04 -9.67090e-04 -9.49598e-04
 -9.31335e-04 -9.12319e-04 -8.92565e-04 -8.72092e-04 -8.50917e-04 -8.29057e-04
 -8.06531e-04 -7.83357e-04 -7.59554e-04 -7.35140e-04 -7.10135e-04 -6.84558e-04
 -6.58428e-04 -6.31765e-04 -6.04589e-04 -5.76920e-04 -5.48776e-04 -5.20180e-04
 -4.91150e-04 -4.61709e-04 -4.31875e-04 -4.01672e-04 -3.71118e-04 -3.40237e-04
 -3.09048e-04 -2.77574e-04 -2.45836e-04 -2.13856e-04 -1.81655e-04 -1.49255e-04
 -1.16680e-04 -8.39495e-05 -5.10872e-05 -1.81152e-05  1.49439e-05  4.80676e-05
  8.12332e-05  1.14418e-04  1.47599e-04  1.80754e-04  2.13859e-04  2.46892e-04
  2.79831e-04  3.12651e-04  3.45331e-04  3.77847e-04  4.10176e-04  4.42296e-04
  4.74184e-04  5.05816e-04  5.37170e-04  5.68223e-04  5.98953e-04  6.29335e-04
  6.59349e-04  6.88970e-04  7.18177e-04  7.46948e-04  7.75259e-04  8.03090e-04
  8.30420e-04  8.57226e-04  8.83487e-04  9.09183e-04  9.34293e-04  9.58796e-04
  9.82674e-04  1.00591e-03  1.02847e-03  1.05035e-03  1.07153e-03  1.09199e-03
  1.11171e-03  1.13068e-03  1.14887e-03  1.16628e-03  1.18288e-03  1.19866e-03
  1.21361e-03  1.22772e-03  1.24096e-03  1.25334e-03  1.26483e-03  1.27543e-03
  1.28513e-03  1.29392e-03  1.30179e-03  1.30873e-03  1.31474e-03  1.31981e-03
  1.32393e-03  1.32710e-03  1.32933e-03  1.33059e-03  1.33090e-03  1.33025e-03
  1.32865e-03  1.32609e-03  1.32258e-03  1.31811e-03  1.31270e-03  1.30635e-03
  1.29906e-03  1.29084e-03  1.28170e-03  1.27165e-03  1.26070e-03  1.24886e-03
  1.23613e-03  1.22254e-03  1.20809e-03  1.19280e-03  1.17668e-03  1.15974e-03
  1.14201e-03  1.12350e-03  1.10423e-03  1.08421e-03  1.06347e-03  1.04202e-03
  1.01989e-03  9.97086e-04  9.73641e-04  9.49574e-04  9.24907e-04  8.99662e-04
  8.73863e-04  8.47532e-04  8.20694e-04  7.93372e-04  7.65590e-04  7.37373e-04
  7.08746e-04  6.79733e-04  6.50358e-04  6.20647e-04  5.90625e-04  5.60317e-04
  5.29746e-04  4.98939e-04  4.67919e-04  4.36711e-04  4.05339e-04  3.73827e-04
  3.42198e-04  3.10477e-04  2.78685e-04  2.46847e-04  2.14985e-04  1.83120e-04
  1.51275e-04  1.19470e-04  8.77261e-05  5.60632e-05  2.45009e-05 -6.94193e-06
 -3.82469e-05 -6.93962e-05 -1.00373e-04 -1.31160e-04 -1.61742e-04 -1.92104e-04
 -2.22231e-04 -2.52109e-04 -2.81725e-04 -3.11066e-04 -3.40121e-04 -3.68878e-04
 -3.97328e-04 -4.25460e-04 -4.53265e-04 -4.80736e-04 -5.07864e-04 -5.34643e-04
 -5.61065e-04 -5.87126e-04 -6.12820e-04 -6.38143e-04 -6.63090e-04 -6.87659e-04
 -7.11846e-04 -7.35651e-04 -7.59071e-04 -7.82106e-04 -8.04756e-04 -8.27020e-04
 -8.48900e-04 -8.70397e-04 -8.91512e-04 -9.12248e-04 -9.32607e-04 -9.52591e-04
 -9.72203e-04 -9.91446e-04 -1.01032e-03 -1.02884e-03 -1.04700e-03 -1.06481e-03
 -1.08227e-03 -1.09939e-03 -1.11617e-03 -1.13262e-03 -1.14874e-03 -1.16453e-03
 -1.18001e-03 -1.19518e-03 -1.21004e-03 -1.22460e-03 -1.23886e-03 -1.25284e-03
 -1.26653e-03 -1.27993e-03 -1.29307e-03 -1.30593e-03 -1.31853e-03 -1.33087e-03
 -1.34295e-03 -1.35478e-03 -1.36637e-03 -1.37771e-03 -1.38881e-03 -1.39968e-03
 -1.41031e-03 -1.42072e-03 -1.43090e-03 -1.44086e-03 -1.45060e-03 -1.46011e-03
 -1.46942e-03 -1.47851e-03 -1.48739e-03 -1.49606e-03 -1.50452e-03 -1.51278e-03
 -1.52082e-03 -1.52867e-03 -1.53630e-03 -1.54374e-03 -1.55097e-03 -1.55799e-03
 -1.56481e-03 -1.57142e-03 -1.57783e-03 -1.58403e-03 -1.59003e-03 -1.59582e-03
 -1.60139e-03 -1.60676e-03 -1.61192e-03 -1.61686e-03 -1.62159e-03 -1.62610e-03
 -1.63040e-03 -1.63448e-03 -1.63834e-03 -1.64198e-03 -1.64540e-03 -1.64859e-03
 -1.65155e-03 -1.65429e-03 -1.65679e-03 -1.65907e-03 -1.66111e-03 -1.66292e-03
 -1.66449e-03 -1.66582e-03 -1.66692e-03 -1.66778e-03 -1.66839e-03 -1.66877e-03
 -1.66890e-03 -1.66878e-03 -1.66843e-03 -1.66782e-03 -1.66698e-03 -1.66588e-03
 -1.66454e-03 -1.66294e-03 -1.66110e-03 -1.65901e-03 -1.65667e-03 -1.65408e-03
 -1.65123e-03 -1.64814e-03 -1.64479e-03 -1.64120e-03 -1.63735e-03 -1.63325e-03
 -1.62889e-03 -1.62429e-03 -1.61943e-03 -1.61432e-03 -1.60896e-03 -1.60335e-03
 -1.59749e-03 -1.59137e-03 -1.58499e-03 -1.57837e-03 -1.57149e-03 -1.56436e-03
 -1.55697e-03 -1.54933e-03 -1.54144e-03 -1.53328e-03 -1.52488e-03 -1.51622e-03
 -1.50729e-03 -1.49812e-03 -1.48868e-03 -1.47898e-03 -1.46902e-03 -1.45880e-03
 -1.44831e-03 -1.43757e-03 -1.42655e-03 -1.41527e-03 -1.40372e-03 -1.39189e-03
 -1.37980e-03 -1.36743e-03 -1.35479e-03 -1.34187e-03 -1.32867e-03 -1.31518e-03
 -1.30142e-03 -1.28737e-03 -1.27303e-03 -1.25841e-03 -1.24349e-03 -1.22828e-03
 -1.21278e-03 -1.19698e-03 -1.18088e-03 -1.16448e-03 -1.14779e-03 -1.13079e-03
 -1.11348e-03 -1.09588e-03 -1.07796e-03 -1.05974e-03 -1.04121e-03 -1.02238e-03
 -1.00323e-03 -9.83779e-04 -9.64016e-04 -9.43946e-04 -9.23567e-04 -9.02880e-04
 -8.81887e-04 -8.60587e-04 -8.38983e-04 -8.17076e-04 -7.94868e-04 -7.72361e-04
 -7.49558e-04 -7.26460e-04 -7.03072e-04 -6.79396e-04 -6.55437e-04 -6.31197e-04
 -6.06681e-04 -5.81895e-04 -5.56842e-04 -5.31529e-04 -5.05960e-04 -4.80141e-04
 -4.54079e-04 -4.27780e-04 -4.01251e-04 -3.74497e-04 -3.47528e-04 -3.20349e-04
 -2.92969e-04 -2.65396e-04 -2.37638e-04 -2.09703e-04 -1.81600e-04 -1.53339e-04
 -1.24927e-04 -9.63756e-05 -6.76931e-05 -3.88897e-05 -9.97511e-06  1.90405e-05
  4.81470e-05  7.73340e-05  1.06591e-04  1.35907e-04  1.65272e-04  1.94674e-04
  2.24104e-04  2.53549e-04  2.82999e-04  3.12443e-04  3.41870e-04  3.71270e-04
  4.00630e-04  4.29940e-04  4.59189e-04  4.88366e-04  5.17460e-04  5.46461e-04
  5.75356e-04  6.04136e-04  6.32790e-04  6.61307e-04  6.89676e-04  7.17887e-04
  7.45931e-04  7.73795e-04  8.01472e-04  8.28950e-04  8.56220e-04  8.83271e-04
  9.10095e-04  9.36682e-04  9.63022e-04  9.89107e-04  1.01493e-03  1.04047e-03
  1.06574e-03  1.09071e-03  1.11538e-03  1.13975e-03  1.16380e-03  1.18752e-03
  1.21092e-03  1.23397e-03  1.25668e-03  1.27903e-03  1.30102e-03  1.32265e-03
  1.34390e-03  1.36476e-03  1.38524e-03  1.40532e-03  1.42500e-03  1.44427e-03
  1.46312e-03  1.48156e-03  1.49957e-03  1.51715e-03  1.53428e-03  1.55098e-03
  1.56723e-03  1.58302e-03  1.59835e-03  1.61323e-03  1.62763e-03  1.64156e-03
  1.65501e-03  1.66799e-03  1.68047e-03  1.69247e-03  1.70397e-03  1.71498e-03
  1.72548e-03  1.73548e-03  1.74497e-03  1.75395e-03  1.76242e-03  1.77036e-03
  1.77779e-03  1.78470e-03  1.79108e-03  1.79693e-03  1.80225e-03  1.80705e-03
  1.81131e-03  1.81503e-03  1.81823e-03  1.82088e-03  1.82300e-03  1.82458e-03
  1.82562e-03  1.82612e-03  1.82609e-03  1.82551e-03  1.82440e-03  1.82275e-03
  1.82056e-03  1.81784e-03  1.81458e-03  1.81079e-03  1.80647e-03  1.80162e-03
  1.79624e-03  1.79033e-03  1.78390e-03  1.77695e-03  1.76949e-03  1.76151e-03
  1.75302e-03  1.74403e-03  1.73453e-03  1.72453e-03  1.71404e-03  1.70306e-03
  1.69159e-03  1.67965e-03  1.66723e-03  1.65433e-03  1.64098e-03  1.62717e-03
  1.61290e-03  1.59819e-03  1.58304e-03  1.56746e-03  1.55145e-03  1.53502e-03
  1.51818e-03  1.50093e-03  1.48329e-03  1.46526e-03  1.44685e-03  1.42806e-03
  1.40891e-03  1.38940e-03  1.36954e-03  1.34933e-03  1.32880e-03  1.30794e-03
  1.28677e-03  1.26529e-03  1.24351e-03  1.22144e-03  1.19910e-03  1.17648e-03
  1.15360e-03  1.13047e-03  1.10710e-03  1.08350e-03  1.05967e-03  1.03563e-03
  1.01138e-03  9.86936e-04  9.62307e-04  9.37502e-04  9.12530e-04  8.87402e-04
  8.62126e-04  8.36711e-04  8.11169e-04  7.85508e-04  7.59736e-04  7.33864e-04
  7.07902e-04  6.81857e-04  6.55739e-04  6.29558e-04  6.03321e-04  5.77040e-04
  5.50722e-04  5.24376e-04  4.98011e-04  4.71636e-04  4.45259e-04  4.18889e-04
  3.92533e-04  3.66201e-04  3.39900e-04  3.13638e-04  2.87423e-04  2.61262e-04
  2.35164e-04  2.09135e-04  1.83184e-04  1.57318e-04  1.31543e-04  1.05868e-04
  8.02981e-05  5.48409e-05  2.95028e-05  4.29030e-06 -2.07902e-05 -4.57325e-05
 -7.05304e-05 -9.51778e-05 -1.19669e-04 -1.43997e-04 -1.68158e-04 -1.92145e-04
 -2.15953e-04 -2.39577e-04 -2.63011e-04 -2.86249e-04 -3.09287e-04 -3.32120e-04
 -3.54741e-04 -3.77147e-04 -3.99332e-04 -4.21291e-04 -4.43020e-04 -4.64513e-04
 -4.85766e-04 -5.06774e-04 -5.27532e-04 -5.48035e-04 -5.68280e-04 -5.88261e-04
 -6.07973e-04 -6.27412e-04 -6.46572e-04 -6.65449e-04 -6.84038e-04 -7.02335e-04
 -7.20333e-04 -7.38029e-04 -7.55418e-04 -7.72494e-04 -7.89252e-04 -8.05687e-04
 -8.21794e-04 -8.37568e-04 -8.53002e-04 -8.68093e-04 -8.82833e-04 -8.97218e-04
 -9.11242e-04 -9.24899e-04 -9.38184e-04 -9.51090e-04 -9.63613e-04 -9.75746e-04
 -9.87484e-04 -9.98820e-04 -1.00975e-03 -1.02027e-03 -1.03036e-03 -1.04003e-03
 -1.04927e-03 -1.05808e-03 -1.06644e-03 -1.07435e-03 -1.08181e-03 -1.08880e-03
 -1.09533e-03 -1.10139e-03 -1.10697e-03 -1.11207e-03 -1.11668e-03 -1.12080e-03
 -1.12442e-03 -1.12754e-03 -1.13016e-03 -1.13226e-03 -1.13384e-03 -1.13491e-03
 -1.13546e-03 -1.13547e-03 -1.13496e-03 -1.13392e-03 -1.13234e-03 -1.13023e-03
 -1.12758e-03 -1.12439e-03 -1.12066e-03 -1.11639e-03 -1.11158e-03 -1.10623e-03
 -1.10034e-03 -1.09391e-03 -1.08694e-03 -1.07944e-03 -1.07140e-03 -1.06283e-03
 -1.05374e-03 -1.04413e-03 -1.03400e-03 -1.02336e-03 -1.01221e-03 -1.00056e-03
 -9.88412e-04 -9.75781e-04 -9.62673e-04 -9.49094e-04 -9.35054e-04 -9.20562e-04
 -9.05629e-04 -8.90264e-04 -8.74479e-04 -8.58286e-04 -8.41697e-04 -8.24723e-04
 -8.07380e-04 -7.89679e-04 -7.71637e-04 -7.53266e-04 -7.34583e-04 -7.15603e-04
 -6.96342e-04 -6.76817e-04 -6.57043e-04 -6.37039e-04 -6.16822e-04 -5.96409e-04
 -5.75820e-04 -5.55072e-04 -5.34184e-04 -5.13176e-04 -4.92066e-04 -4.70875e-04
 -4.49621e-04 -4.28325e-04 -4.07007e-04 -3.85686e-04 -3.64383e-04 -3.43117e-04
 -3.21910e-04 -3.00780e-04 -2.79749e-04 -2.58835e-04 -2.38060e-04 -2.17443e-04
 -1.97003e-04 -1.76760e-04 -1.56732e-04 -1.36940e-04 -1.17402e-04 -9.81355e-05
 -7.91591e-05 -6.04903e-05 -4.21463e-05 -2.41439e-05 -6.49936e-06  1.07713e-05
  2.76529e-05  4.41304e-05  6.01897e-05  7.58170e-05  9.09991e-05  1.05724e-04
  1.19978e-04  1.33752e-04  1.47033e-04  1.59813e-04  1.72082e-04  1.83832e-04
  1.95054e-04  2.05743e-04  2.15891e-04  2.25493e-04  2.34544e-04  2.43042e-04
  2.50982e-04  2.58363e-04  2.65182e-04  2.71440e-04  2.77136e-04  2.82271e-04
  2.86846e-04  2.90865e-04  2.94330e-04  2.97246e-04  2.99616e-04  3.01448e-04
  3.02747e-04  3.03520e-04  3.03775e-04  3.03521e-04  3.02767e-04  3.01523e-04
  2.99799e-04  2.97607e-04  2.94958e-04  2.91866e-04  2.88343e-04  2.84403e-04
  2.80061e-04  2.75332e-04  2.70231e-04  2.64775e-04  2.58979e-04  2.52860e-04
  2.46436e-04  2.39724e-04  2.32742e-04  2.25508e-04  2.18040e-04  2.10357e-04
  2.02478e-04  1.94422e-04  1.86209e-04  1.77857e-04  1.69387e-04  1.60819e-04
  1.52171e-04  1.43464e-04  1.34718e-04  1.25951e-04  1.17184e-04  1.08436e-04
  9.97254e-05  9.10722e-05  8.24949e-05  7.40121e-05  6.56422e-05  5.74032e-05
  4.93126e-05  4.13879e-05  3.36458e-05  2.61028e-05  1.87750e-05  1.16779e-05
  4.82657e-06 -1.76459e-06 -8.08156e-06 -1.41109e-05 -1.98398e-05 -2.52560e-05
 -3.03479e-05 -3.51047e-05 -3.95163e-05 -4.35732e-05 -4.72666e-05 -5.05886e-05
 -5.35320e-05 -5.60903e-05 -5.82580e-05 -6.00301e-05 -6.14024e-05 -6.23715e-05
 -6.29348e-05 -6.30905e-05 -6.28375e-05 -6.21756e-05 -6.11052e-05 -5.96279e-05
 -5.77458e-05 -5.54621e-05 -5.27808e-05 -4.97065e-05 -4.62448e-05 -4.24021e-05
 -3.81854e-05 -3.36027e-05 -2.86622e-05 -2.33732e-05 -1.77454e-05 -1.17894e-05
 -5.51645e-06  1.06164e-06  7.93228e-06  1.50822e-05  2.24976e-05  3.01639e-05
  3.80661e-05  4.61885e-05  5.45151e-05  6.30295e-05  7.17149e-05  8.05539e-05
  8.95289e-05  9.86223e-05  1.07816e-04  1.17091e-04  1.26428e-04  1.35810e-04
  1.45216e-04  1.54627e-04  1.64023e-04  1.73386e-04  1.82695e-04  1.91931e-04
  2.01074e-04  2.10105e-04  2.19004e-04  2.27753e-04  2.36332e-04  2.44723e-04
  2.52907e-04  2.60867e-04  2.68583e-04  2.76039e-04  2.83216e-04  2.90098e-04
  2.96668e-04  3.02911e-04  3.08809e-04  3.14349e-04  3.19516e-04  3.24296e-04
  3.28676e-04  3.32643e-04  3.36186e-04  3.39292e-04  3.41952e-04  3.44154e-04
  3.45891e-04  3.47152e-04  3.47932e-04  3.48221e-04  3.48015e-04  3.47307e-04
  3.46093e-04  3.44369e-04  3.42132e-04  3.39379e-04  3.36111e-04  3.32325e-04
  3.28022e-04  3.23202e-04  3.17869e-04  3.12023e-04  3.05670e-04  2.98812e-04
  2.91455e-04  2.83604e-04  2.75266e-04  2.66449e-04  2.57160e-04  2.47408e-04
  2.37202e-04  2.26552e-04  2.15470e-04  2.03966e-04  1.92054e-04  1.79744e-04
  1.67052e-04  1.53990e-04  1.40573e-04  1.26817e-04  1.12737e-04  9.83490e-05
  8.36692e-05  6.87147e-05  5.35025e-05  3.80503e-05  2.23760e-05  6.49751e-06
 -9.56658e-06 -2.57976e-05 -4.21768e-05 -5.86848e-05 -7.53025e-05 -9.20103e-05
 -1.08789e-04 -1.25618e-04 -1.42478e-04 -1.59349e-04 -1.76211e-04 -1.93045e-04
 -2.09831e-04 -2.26549e-04 -2.43180e-04 -2.59704e-04 -2.76103e-04 -2.92356e-04
 -3.08446e-04 -3.24354e-04 -3.40062e-04 -3.55551e-04 -3.70804e-04 -3.85804e-04
 -4.00534e-04 -4.14976e-04 -4.29115e-04 -4.42936e-04 -4.56423e-04 -4.69560e-04
 -4.82335e-04 -4.94733e-04 -5.06740e-04 -5.18344e-04 -5.29532e-04 -5.40294e-04
 -5.50617e-04 -5.60490e-04 -5.69905e-04 -5.78851e-04 -5.87319e-04 -5.95302e-04
 -6.02792e-04 -6.09781e-04 -6.16263e-04 -6.22233e-04 -6.27686e-04 -6.32617e-04
 -6.37022e-04 -6.40898e-04 -6.44243e-04 -6.47054e-04 -6.49331e-04 -6.51072e-04
 -6.52278e-04 -6.52949e-04 -6.53087e-04 -6.52694e-04 -6.51772e-04 -6.50324e-04
 -6.48353e-04 -6.45865e-04 -6.42864e-04 -6.39355e-04 -6.35344e-04 -6.30837e-04
 -6.25842e-04 -6.20366e-04 -6.14417e-04 -6.08003e-04 -6.01134e-04 -5.93817e-04
 -5.86064e-04 -5.77885e-04 -5.69289e-04 -5.60288e-04 -5.50893e-04 -5.41114e-04
 -5.30965e-04 -5.20456e-04 -5.09601e-04 -4.98411e-04 -4.86900e-04 -4.75081e-04
 -4.62967e-04 -4.50571e-04 -4.37907e-04 -4.24988e-04 -4.11828e-04 -3.98440e-04
 -3.84838e-04 -3.71036e-04 -3.57047e-04 -3.42885e-04 -3.28564e-04 -3.14097e-04
 -2.99498e-04 -2.84780e-04 -2.69958e-04 -2.55043e-04 -2.40050e-04 -2.24991e-04
 -2.09878e-04 -1.94726e-04 -1.79545e-04 -1.64348e-04 -1.49147e-04 -1.33953e-04
 -1.18777e-04 -1.03630e-04 -8.85234e-05 -7.34675e-05 -5.84722e-05 -4.35477e-05
 -2.87034e-05 -1.39486e-05  7.07633e-07  1.52568e-05  2.96906e-05  4.40011e-05
  5.81807e-05  7.22222e-05  8.61188e-05  9.98640e-05  1.13452e-04  1.26876e-04
  1.40132e-04  1.53213e-04  1.66117e-04  1.78838e-04  1.91371e-04  2.03715e-04
  2.15865e-04  2.27817e-04  2.39570e-04  2.51121e-04  2.62468e-04  2.73608e-04
  2.84540e-04  2.95263e-04  3.05775e-04  3.16076e-04  3.26165e-04  3.36042e-04
  3.45707e-04  3.55161e-04  3.64403e-04  3.73434e-04  3.82255e-04  3.90867e-04
  3.99272e-04  4.07470e-04  4.15464e-04  4.23255e-04  4.30845e-04  4.38236e-04
  4.45430e-04  4.52430e-04  4.59238e-04  4.65858e-04  4.72291e-04  4.78541e-04
  4.84610e-04  4.90502e-04  4.96219e-04  5.01765e-04  5.07143e-04  5.12357e-04
  5.17410e-04  5.22306e-04  5.27048e-04  5.31640e-04  5.36087e-04  5.40391e-04
  5.44558e-04  5.48590e-04  5.52493e-04  5.56269e-04  5.59924e-04  5.63461e-04
  5.66885e-04  5.70200e-04  5.73410e-04  5.76519e-04  5.79533e-04  5.82455e-04
  5.85291e-04  5.88043e-04  5.90718e-04  5.93319e-04  5.95851e-04  5.98319e-04
  6.00728e-04  6.03081e-04  6.05384e-04  6.07641e-04  6.09857e-04  6.12037e-04
  6.14185e-04  6.16306e-04  6.18404e-04  6.20484e-04  6.22550e-04  6.24607e-04
  6.26659e-04  6.28711e-04  6.30767e-04  6.32831e-04  6.34907e-04  6.37000e-04
  6.39114e-04  6.41252e-04  6.43418e-04  6.45616e-04  6.47850e-04  6.50122e-04
  6.52436e-04  6.54795e-04  6.57201e-04  6.59658e-04  6.62168e-04  6.64733e-04
  6.67356e-04  6.70038e-04  6.72782e-04  6.75588e-04  6.78459e-04  6.81395e-04
  6.84397e-04  6.87466e-04  6.90601e-04  6.93803e-04  6.97071e-04  7.00405e-04
  7.03802e-04  7.07262e-04  7.10782e-04  7.14362e-04  7.17998e-04  7.21688e-04
  7.25428e-04  7.29217e-04  7.33049e-04  7.36922e-04  7.40830e-04  7.44770e-04
  7.48735e-04  7.52721e-04  7.56723e-04  7.60733e-04  7.64745e-04  7.68754e-04
  7.72751e-04  7.76731e-04  7.80683e-04  7.84602e-04  7.88479e-04  7.92306e-04
  7.96072e-04  7.99771e-04  8.03392e-04  8.06926e-04  8.10362e-04  8.13693e-04
  8.16907e-04  8.19994e-04  8.22943e-04  8.25745e-04  8.28388e-04  8.30862e-04
  8.33156e-04  8.35259e-04  8.37160e-04  8.38848e-04  8.40312e-04  8.41542e-04
  8.42525e-04  8.43252e-04  8.43711e-04  8.43892e-04  8.43784e-04  8.43376e-04
  8.42658e-04  8.41619e-04  8.40251e-04  8.38542e-04  8.36483e-04  8.34065e-04
  8.31278e-04  8.28115e-04  8.24565e-04  8.20622e-04  8.16277e-04  8.11523e-04
  8.06352e-04  8.00758e-04  7.94733e-04  7.88272e-04  7.81369e-04  7.74019e-04
  7.66218e-04  7.57960e-04  7.49243e-04  7.40063e-04  7.30417e-04  7.20302e-04
  7.09716e-04  6.98659e-04  6.87129e-04  6.75126e-04  6.62650e-04  6.49701e-04
  6.36281e-04  6.22392e-04  6.08035e-04  5.93214e-04  5.77931e-04  5.62192e-04
  5.45999e-04  5.29359e-04  5.12275e-04  4.94754e-04  4.76802e-04  4.58426e-04
  4.39633e-04  4.20431e-04  4.00829e-04  3.80834e-04  3.60455e-04  3.39703e-04
  3.18588e-04  2.97119e-04  2.75307e-04  2.53165e-04  2.30702e-04  2.07931e-04
  1.84865e-04  1.61516e-04  1.37897e-04  1.14020e-04  8.99010e-05  6.55519e-05
  4.09874e-05  1.62215e-05 -8.73108e-06 -3.38557e-05 -5.91376e-05 -8.45615e-05
 -1.10112e-04 -1.35775e-04 -1.61533e-04 -1.87372e-04 -2.13276e-04 -2.39229e-04
 -2.65215e-04 -2.91219e-04 -3.17224e-04 -3.43214e-04 -3.69174e-04 -3.95087e-04
 -4.20937e-04 -4.46709e-04 -4.72387e-04 -4.97955e-04 -5.23398e-04 -5.48701e-04
 -5.73848e-04 -5.98823e-04 -6.23613e-04 -6.48201e-04 -6.72575e-04 -6.96717e-04
 -7.20616e-04 -7.44256e-04 -7.67622e-04 -7.90703e-04 -8.13484e-04 -8.35951e-04
 -8.58093e-04 -8.79896e-04 -9.01347e-04 -9.22435e-04 -9.43148e-04 -9.63475e-04
 -9.83403e-04 -1.00292e-03 -1.02202e-03 -1.04070e-03 -1.05893e-03 -1.07671e-03
 -1.09404e-03 -1.11090e-03 -1.12729e-03 -1.14319e-03 -1.15861e-03 -1.17353e-03
 -1.18794e-03 -1.20185e-03 -1.21523e-03 -1.22810e-03 -1.24044e-03 -1.25225e-03
 -1.26352e-03 -1.27425e-03 -1.28444e-03 -1.29408e-03 -1.30317e-03 -1.31171e-03
 -1.31969e-03 -1.32712e-03 -1.33399e-03 -1.34031e-03 -1.34606e-03 -1.35126e-03
 -1.35591e-03 -1.35999e-03 -1.36353e-03 -1.36650e-03 -1.36893e-03 -1.37081e-03
 -1.37214e-03 -1.37293e-03 -1.37318e-03 -1.37290e-03 -1.37208e-03 -1.37073e-03
 -1.36887e-03 -1.36649e-03 -1.36359e-03 -1.36019e-03 -1.35629e-03 -1.35190e-03
 -1.34702e-03 -1.34166e-03 -1.33583e-03 -1.32953e-03 -1.32277e-03 -1.31557e-03
 -1.30792e-03 -1.29984e-03 -1.29134e-03 -1.28241e-03 -1.27308e-03 -1.26336e-03
 -1.25324e-03 -1.24274e-03 -1.23187e-03 -1.22063e-03 -1.20905e-03 -1.19712e-03
 -1.18486e-03 -1.17227e-03 -1.15938e-03 -1.14617e-03 -1.13267e-03 -1.11889e-03
 -1.10484e-03 -1.09051e-03 -1.07594e-03 -1.06112e-03 -1.04606e-03 -1.03077e-03
 -1.01527e-03 -9.99566e-04 -9.83660e-04 -9.67567e-04 -9.51294e-04 -9.34852e-04
 -9.18249e-04 -9.01494e-04 -8.84597e-04 -8.67565e-04 -8.50407e-04 -8.33132e-04
 -8.15748e-04 -7.98263e-04 -7.80685e-04 -7.63022e-04 -7.45282e-04 -7.27471e-04
 -7.09597e-04 -6.91668e-04 -6.73691e-04 -6.55672e-04 -6.37618e-04 -6.19536e-04
 -6.01432e-04 -5.83312e-04 -5.65183e-04 -5.47050e-04 -5.28918e-04 -5.10795e-04
 -4.92684e-04 -4.74592e-04 -4.56524e-04 -4.38484e-04 -4.20478e-04 -4.02510e-04
 -3.84585e-04 -3.66707e-04 -3.48881e-04 -3.31112e-04 -3.13402e-04 -2.95756e-04
 -2.78179e-04 -2.60673e-04 -2.43244e-04 -2.25894e-04 -2.08626e-04 -1.91446e-04
 -1.74355e-04 -1.57357e-04 -1.40457e-04 -1.23655e-04 -1.06957e-04 -9.03652e-05
 -7.38823e-05 -5.75114e-05 -4.12557e-05 -2.51180e-05 -9.10107e-06  6.79216e-06
  2.25590e-05  3.81967e-05  5.37027e-05  6.90743e-05  8.43091e-05  9.94044e-05
  1.14358e-04  1.29167e-04  1.43829e-04  1.58341e-04  1.72702e-04  1.86908e-04
  2.00958e-04  2.14850e-04  2.28580e-04  2.42147e-04  2.55550e-04  2.68784e-04
  2.81850e-04  2.94745e-04  3.07466e-04  3.20013e-04  3.32383e-04  3.44576e-04
  3.56589e-04  3.68420e-04  3.80069e-04  3.91534e-04  4.02813e-04  4.13906e-04
  4.24811e-04  4.35528e-04  4.46054e-04  4.56390e-04  4.66535e-04  4.76487e-04
  4.86247e-04  4.95813e-04  5.05185e-04  5.14363e-04  5.23346e-04  5.32135e-04
  5.40729e-04  5.49129e-04  5.57335e-04  5.65346e-04  5.73165e-04  5.80790e-04
  5.88223e-04  5.95464e-04  6.02515e-04  6.09375e-04  6.16047e-04  6.22530e-04
  6.28827e-04  6.34938e-04  6.40863e-04  6.46606e-04  6.52167e-04  6.57547e-04
  6.62748e-04  6.67771e-04  6.72619e-04  6.77293e-04  6.81795e-04  6.86127e-04
  6.90290e-04  6.94287e-04  6.98119e-04  7.01788e-04  7.05297e-04  7.08648e-04
  7.11842e-04  7.14881e-04  7.17768e-04  7.20505e-04  7.23094e-04  7.25536e-04
  7.27835e-04  7.29991e-04  7.32007e-04  7.33885e-04  7.35627e-04  7.37235e-04
  7.38711e-04  7.40056e-04  7.41272e-04  7.42362e-04  7.43327e-04  7.44169e-04
  7.44889e-04  7.45489e-04  7.45971e-04  7.46337e-04  7.46587e-04  7.46724e-04
  7.46749e-04  7.46662e-04  7.46466e-04  7.46162e-04  7.45750e-04  7.45232e-04
  7.44608e-04  7.43880e-04  7.43049e-04  7.42116e-04  7.41080e-04  7.39944e-04
  7.38708e-04  7.37372e-04  7.35938e-04  7.34406e-04  7.32777e-04  7.31051e-04
  7.29229e-04  7.27311e-04  7.25298e-04  7.23189e-04  7.20987e-04  7.18690e-04
  7.16299e-04  7.13814e-04  7.11236e-04  7.08565e-04  7.05801e-04  7.02945e-04
  6.99997e-04  6.96958e-04  6.93827e-04  6.90605e-04  6.87293e-04  6.83890e-04
  6.80398e-04  6.76816e-04  6.73146e-04  6.69388e-04  6.65542e-04  6.61610e-04
  6.57591e-04  6.53487e-04  6.49299e-04  6.45026e-04  6.40671e-04  6.36234e-04
  6.31716e-04  6.27118e-04  6.22441e-04  6.17686e-04  6.12855e-04  6.07949e-04
  6.02969e-04  5.97916e-04  5.92794e-04  5.87602e-04  5.82343e-04  5.77018e-04
  5.71630e-04  5.66180e-04  5.60670e-04  5.55103e-04  5.49480e-04  5.43805e-04
  5.38078e-04  5.32303e-04  5.26481e-04  5.20616e-04  5.14709e-04  5.08763e-04
  5.02782e-04  4.96766e-04  4.90720e-04  4.84645e-04  4.78544e-04  4.72421e-04
  4.66277e-04  4.60115e-04  4.53940e-04  4.47752e-04  4.41555e-04  4.35353e-04
  4.29147e-04  4.22941e-04  4.16739e-04  4.10542e-04  4.04353e-04  3.98176e-04
  3.92014e-04  3.85868e-04  3.79742e-04  3.73638e-04  3.67558e-04  3.61507e-04
  3.55485e-04  3.49495e-04  3.43540e-04  3.37621e-04  3.31741e-04  3.25902e-04
  3.20106e-04  3.14355e-04  3.08650e-04  3.02993e-04  2.97385e-04  2.91828e-04
  2.86324e-04  2.80873e-04  2.75477e-04  2.70136e-04  2.64852e-04  2.59625e-04
  2.54455e-04  2.49343e-04  2.44290e-04  2.39295e-04  2.34358e-04  2.29480e-04
  2.24660e-04  2.19898e-04  2.15192e-04  2.10543e-04  2.05950e-04  2.01412e-04
  1.96927e-04  1.92495e-04  1.88115e-04  1.83784e-04  1.79501e-04  1.75266e-04
  1.71075e-04  1.66927e-04  1.62820e-04  1.58753e-04  1.54722e-04  1.50725e-04
  1.46761e-04  1.42826e-04  1.38917e-04  1.35034e-04  1.31171e-04  1.27328e-04
  1.23500e-04  1.19686e-04  1.15881e-04  1.12085e-04  1.08292e-04  1.04501e-04
  1.00708e-04  9.69111e-05  9.31062e-05  8.92908e-05  8.54617e-05  8.16162e-05
  7.77512e-05  7.38638e-05  6.99512e-05  6.60106e-05  6.20391e-05  5.80341e-05
  5.39929e-05  4.99128e-05  4.57913e-05  4.16260e-05  3.74144e-05  3.31542e-05
  2.88430e-05  2.44788e-05  2.00594e-05  1.55828e-05  1.10472e-05  6.45069e-06
  1.79164e-06 -2.93155e-06 -7.72033e-06 -1.25760e-05 -1.74999e-05 -2.24930e-05
 -2.75564e-05 -3.26907e-05 -3.78969e-05 -4.31753e-05 -4.85266e-05 -5.39510e-05
 -5.94489e-05 -6.50202e-05 -7.06651e-05 -7.63834e-05 -8.21748e-05 -8.80391e-05
 -9.39759e-05 -9.99845e-05 -1.06064e-04 -1.12214e-04 -1.18434e-04 -1.24722e-04
 -1.31077e-04 -1.37499e-04 -1.43985e-04 -1.50534e-04 -1.57145e-04 -1.63816e-04
 -1.70545e-04 -1.77331e-04 -1.84171e-04 -1.91063e-04 -1.98005e-04 -2.04994e-04
 -2.12029e-04 -2.19106e-04 -2.26223e-04 -2.33378e-04 -2.40568e-04 -2.47789e-04
 -2.55040e-04 -2.62318e-04 -2.69619e-04 -2.76940e-04 -2.84279e-04 -2.91633e-04
 -2.98997e-04 -3.06370e-04 -3.13747e-04 -3.21126e-04 -3.28503e-04 -3.35874e-04
 -3.43236e-04 -3.50585e-04 -3.57918e-04 -3.65231e-04 -3.72521e-04 -3.79783e-04
 -3.87014e-04 -3.94211e-04 -4.01368e-04 -4.08484e-04 -4.15553e-04 -4.22571e-04
 -4.29536e-04 -4.36443e-04 -4.43288e-04 -4.50066e-04 -4.56775e-04 -4.63410e-04
 -4.69967e-04 -4.76442e-04 -4.82831e-04 -4.89130e-04 -4.95336e-04 -5.01443e-04
 -5.07449e-04 -5.13348e-04 -5.19138e-04 -5.24814e-04 -5.30373e-04 -5.35810e-04
 -5.41122e-04 -5.46305e-04 -5.51355e-04 -5.56268e-04 -5.61041e-04 -5.65671e-04
 -5.70152e-04 -5.74483e-04 -5.78658e-04 -5.82677e-04 -5.86533e-04 -5.90225e-04
 -5.93750e-04 -5.97103e-04 -6.00282e-04 -6.03285e-04 -6.06108e-04 -6.08748e-04
 -6.11203e-04 -6.13469e-04 -6.15546e-04 -6.17429e-04 -6.19118e-04 -6.20609e-04
 -6.21900e-04 -6.22991e-04 -6.23879e-04 -6.24561e-04 -6.25038e-04 -6.25307e-04
 -6.25366e-04 -6.25215e-04 -6.24853e-04 -6.24279e-04 -6.23492e-04 -6.22491e-04
 -6.21276e-04 -6.19848e-04 -6.18204e-04 -6.16347e-04 -6.14276e-04 -6.11990e-04
 -6.09491e-04 -6.06780e-04 -6.03856e-04 -6.00722e-04 -5.97377e-04 -5.93823e-04
 -5.90062e-04 -5.86095e-04 -5.81923e-04 -5.77550e-04 -5.72975e-04 -5.68203e-04
 -5.63235e-04 -5.58072e-04 -5.52719e-04 -5.47177e-04 -5.41450e-04 -5.35540e-04
 -5.29449e-04 -5.23182e-04 -5.16742e-04 -5.10132e-04 -5.03356e-04 -4.96416e-04
 -4.89318e-04 -4.82065e-04 -4.74660e-04 -4.67108e-04 -4.59413e-04 -4.51578e-04
 -4.43609e-04 -4.35509e-04 -4.27284e-04 -4.18936e-04 -4.10472e-04 -4.01895e-04
 -3.93209e-04 -3.84421e-04 -3.75534e-04 -3.66553e-04 -3.57482e-04 -3.48327e-04
 -3.39092e-04 -3.29782e-04 -3.20401e-04 -3.10955e-04 -3.01448e-04 -2.91884e-04
 -2.82269e-04 -2.72608e-04 -2.62904e-04 -2.53163e-04 -2.43390e-04 -2.33589e-04
 -2.23764e-04 -2.13920e-04 -2.04061e-04 -1.94192e-04 -1.84318e-04 -1.74442e-04
 -1.64569e-04 -1.54703e-04 -1.44849e-04 -1.35010e-04 -1.25190e-04 -1.15394e-04
 -1.05625e-04 -9.58871e-05 -8.61841e-05 -7.65194e-05 -6.68966e-05 -5.73192e-05
 -4.77908e-05 -3.83145e-05 -2.88937e-05 -1.95315e-05 -1.02311e-05 -9.95409e-07
  8.17265e-06  1.72703e-05  2.62948e-05  3.52434e-05  4.41137e-05  5.29032e-05
  6.16093e-05  7.02296e-05  7.87620e-05  8.72040e-05  9.55535e-05  1.03808e-04
  1.11966e-04  1.20026e-04  1.27985e-04  1.35841e-04  1.43593e-04  1.51239e-04
  1.58777e-04  1.66206e-04  1.73525e-04  1.80731e-04  1.87824e-04  1.94801e-04
  2.01662e-04  2.08405e-04  2.15030e-04  2.21534e-04  2.27917e-04  2.34176e-04
  2.40313e-04  2.46324e-04  2.52209e-04  2.57968e-04  2.63599e-04  2.69101e-04
  2.74473e-04  2.79714e-04  2.84824e-04  2.89802e-04  2.94647e-04  2.99358e-04
  3.03934e-04  3.08375e-04  3.12680e-04  3.16848e-04  3.20879e-04  3.24772e-04
  3.28526e-04  3.32142e-04  3.35617e-04  3.38953e-04  3.42148e-04  3.45202e-04
  3.48115e-04  3.50885e-04  3.53514e-04  3.56000e-04  3.58342e-04  3.60542e-04
  3.62599e-04  3.64512e-04  3.66282e-04  3.67908e-04  3.69391e-04  3.70730e-04
  3.71925e-04  3.72977e-04  3.73886e-04  3.74651e-04  3.75274e-04  3.75755e-04
  3.76093e-04  3.76290e-04  3.76345e-04  3.76260e-04  3.76035e-04  3.75671e-04
  3.75169e-04  3.74529e-04  3.73752e-04  3.72839e-04  3.71791e-04  3.70609e-04
  3.69295e-04  3.67849e-04  3.66273e-04  3.64568e-04  3.62736e-04  3.60777e-04
  3.58694e-04  3.56488e-04  3.54160e-04  3.51713e-04  3.49148e-04  3.46467e-04
  3.43672e-04  3.40765e-04  3.37748e-04  3.34623e-04  3.31392e-04  3.28057e-04
  3.24620e-04  3.21083e-04  3.17449e-04  3.13720e-04  3.09898e-04  3.05986e-04
  3.01986e-04  2.97900e-04  2.93732e-04  2.89483e-04  2.85156e-04  2.80754e-04
  2.76279e-04  2.71734e-04  2.67121e-04  2.62442e-04  2.57700e-04  2.52898e-04
  2.48038e-04  2.43122e-04  2.38153e-04  2.33133e-04  2.28065e-04  2.22952e-04
  2.17794e-04  2.12595e-04  2.07358e-04  2.02083e-04  1.96773e-04  1.91431e-04
  1.86059e-04  1.80657e-04  1.75229e-04  1.69776e-04  1.64301e-04  1.58804e-04
  1.53288e-04  1.47754e-04  1.42204e-04  1.36639e-04  1.31060e-04  1.25470e-04
  1.19868e-04  1.14257e-04  1.08637e-04  1.03009e-04  9.73736e-05  9.17327e-05
  8.60866e-05  8.04360e-05  7.47816e-05  6.91240e-05  6.34636e-05  5.78008e-05
  5.21360e-05  4.64694e-05  4.08011e-05  3.51314e-05  2.94602e-05  2.37875e-05
  1.81132e-05  1.24374e-05  6.75973e-06  1.08010e-06 -4.60173e-06 -1.02860e-05
 -1.59731e-05 -2.16632e-05 -2.73569e-05 -3.30543e-05 -3.87560e-05 -4.44623e-05
 -5.01735e-05 -5.58901e-05 -6.16122e-05 -6.73405e-05 -7.30751e-05 -7.88163e-05
 -8.45645e-05 -9.03200e-05 -9.60830e-05 -1.01854e-04 -1.07633e-04 -1.13419e-04
 -1.19214e-04 -1.25017e-04 -1.30828e-04 -1.36646e-04 -1.42472e-04 -1.48304e-04
 -1.54142e-04 -1.59986e-04 -1.65835e-04 -1.71687e-04 -1.77543e-04 -1.83401e-04
 -1.89259e-04 -1.95117e-04 -2.00973e-04 -2.06826e-04 -2.12673e-04 -2.18514e-04
 -2.24345e-04 -2.30164e-04 -2.35970e-04 -2.41760e-04 -2.47530e-04 -2.53279e-04
 -2.59004e-04 -2.64701e-04 -2.70367e-04 -2.75999e-04 -2.81571e-04 -2.86980e-04
 -2.91988e-04 -2.96176e-04 -2.98946e-04 -2.99555e-04 -2.97198e-04 -2.91118e-04
 -2.80735e-04 -2.65776e-04 -2.46366e-04 -2.23034e-04 -1.96674e-04 -1.68447e-04
 -1.39667e-04 -1.11677e-04 -8.57172e-05 -6.28039e-05 -4.36245e-05 -2.84757e-05
 -1.72595e-05 -9.54671e-06 -4.68938e-06 -1.94925e-06 -6.14257e-07 -8.76183e-08
  5.88983e-08  7.60811e-08  7.23238e-08  7.33377e-08  7.61529e-08  7.74765e-08
  7.84006e-08  8.01099e-08  8.18411e-08  8.27864e-08  8.39937e-08  8.65446e-08
  8.75765e-08  8.42002e-08  7.66359e-08  6.55354e-08  5.21619e-08  3.80476e-08
  2.42517e-08  1.18200e-08  3.06501e-09  0.00000e+00  0.00000e+00  0.00000e+00
  0.00000e+00  0.00000e+00  0.00000e+00  0.00000e+00  0.00000e+00  0.00000e+00
  0.00000e+00  0.00000e+00  0.00000e+00  0.00000e+00  0.00000e+00  0.00000e+00
  0.00000e+00  0.00000e+00  0.00000e+00  0.00000e+00  0.00000e+00  0.00000e+00
  0.00000e+00  0.00000e+00  0.00000e+00  0.00000e+00  0.00000e+00  0.00000e+00
  0.00000e+00  0.00000e+00  0.00000e+00  0.00000e+00  0.00000e+00  0.00000e+00
  0.00000e+00  0.00000e+00  0.00000e+00  0.00000e+00  0.00000e+00  0.00000e+00
  0.00000e+00  0.00000e+00  0.00000e+00  0.00000e+00  0.00000e+00  0.00000e+00
  0.00000e+00  0.00000e+00  0.00000e+00  0.00000e+00  0.00000e+00  0.00000e+00
  0.00000e+00  0.00000e+00  0.00000e+00  0.00000e+00  0.00000e+00  0.00000e+00
  0.00000e+00  0.00000e+00  0.00000e+00  0.00000e+00  0.00000e+00  0.00000e+00
  0.00000e+00  0.00000e+00  0.00000e+00  0.00000e+00  0.00000e+00  0.00000e+00
  0.00000e+00  0.00000e+00  0.00000e+00  0.00000e+00  0.00000e+00  0.00000e+00
  0.00000e+00  0.00000e+00  0.00000e+00  0.00000e+00  0.00000e+00  0.00000e+00
  0.00000e+00  0.00000e+00  0.00000e+00  0.00000e+00  0.00000e+00  0.00000e+00
  0.00000e+00  0.00000e+00  0.00000e+00  0.00000e+00  0.00000e+00  0.00000e+00
  0.00000e+00  0.00000e+00  0.00000e+00  0.00000e+00  0.00000e+00  0.00000e+00
  0.00000e+00  0.00000e+00  0.00000e+00  0.00000e+00  0.00000e+00  0.00000e+00
  0.00000e+00  0.00000e+00  0.00000e+00  0.00000e+00  0.00000e+00  0.00000e+00
  0.00000e+00  0.00000e+00  0.00000e+00  0.00000e+00  0.00000e+00  0.00000e+00
  0.00000e+00  0.00000e+00  0.00000e+00  0.00000e+00  0.00000e+00  0.00000e+00
  0.00000e+00  0.00000e+00  0.00000e+00  0.00000e+00  0.00000e+00  0.00000e+00
  0.00000e+00  0.00000e+00  0.00000e+00  0.00000e+00  0.00000e+00  0.00000e+00
  0.00000e+00  0.00000e+00  0.00000e+00  0.00000e+00  0.00000e+00  0.00000e+00
  0.00000e+00  0.00000e+00  0.00000e+00  0.00000e+00  0.00000e+00  0.00000e+00
  0.00000e+00  0.00000e+00  0.00000e+00  0.00000e+00  0.00000e+00  0.00000e+00
  0.00000e+00  0.00000e+00  0.00000e+00  0.00000e+00  0.00000e+00  0.00000e+00
  0.00000e+00  0.00000e+00  0.00000e+00  0.00000e+00  0.00000e+00  0.00000e+00
  0.00000e+00  0.00000e+00  0.00000e+00  0.00000e+00  0.00000e+00  0.00000e+00
  0.00000e+00  0.00000e+00  0.00000e+00  0.00000e+00  0.00000e+00  0.00000e+00
  0.00000e+00  0.00000e+00  0.00000e+00  0.00000e+00  0.00000e+00  0.00000e+00
  0.00000e+00  0.00000e+00  0.00000e+00  0.00000e+00  0.00000e+00  0.00000e+00
  0.00000e+00  0.00000e+00  0.00000e+00  0.00000e+00  0.00000e+00  0.00000e+00
  0.00000e+00  0.00000e+00  0.00000e+00  0.00000e+00  0.00000e+00  0.00000e+00
  0.00000e+00  0.00000e+00  0.00000e+00  0.00000e+00  0.00000e+00  0.00000e+00
  0.00000e+00  0.00000e+00  0.00000e+00  0.00000e+00  0.00000e+00  0.00000e+00
  0.00000e+00  0.00000e+00  0.00000e+00  0.00000e+00  0.00000e+00  0.00000e+00
  0.00000e+00  0.00000e+00  0.00000e+00  0.00000e+00  0.00000e+00  0.00000e+00
  0.00000e+00  0.00000e+00  0.00000e+00  0.00000e+00  0.00000e+00  0.00000e+00
  0.00000e+00  0.00000e+00  0.00000e+00  0.00000e+00  0.00000e+00  0.00000e+00
  0.00000e+00  0.00000e+00  0.00000e+00  0.00000e+00  0.00000e+00  0.00000e+00
  0.00000e+00  0.00000e+00  0.00000e+00  0.00000e+00  0.00000e+00  0.00000e+00
  0.00000e+00  0.00000e+00  0.00000e+00  0.00000e+00  0.00000e+00  0.00000e+00
  0.00000e+00  0.00000e+00  0.00000e+00  0.00000e+00  0.00000e+00  0.00000e+00
  0.00000e+00  0.00000e+00  0.00000e+00  0.00000e+00  0.00000e+00  0.00000e+00
  0.00000e+00  0.00000e+00  0.00000e+00  0.00000e+00  0.00000e+00  0.00000e+00
  0.00000e+00  0.00000e+00  0.00000e+00  0.00000e+00  0.00000e+00  0.00000e+00
  0.00000e+00  0.00000e+00  0.00000e+00  0.00000e+00  0.00000e+00  0.00000e+00
  0.00000e+00  0.00000e+00  0.00000e+00  0.00000e+00  0.00000e+00  0.00000e+00
  0.00000e+00  0.00000e+00  0.00000e+00  0.00000e+00  0.00000e+00  0.00000e+00
  0.00000e+00  0.00000e+00  0.00000e+00  0.00000e+00  0.00000e+00  0.00000e+00
  0.00000e+00  0.00000e+00  0.00000e+00  0.00000e+00  0.00000e+00  0.00000e+00
  0.00000e+00  0.00000e+00  0.00000e+00  0.00000e+00  0.00000e+00  0.00000e+00
  0.00000e+00  0.00000e+00  0.00000e+00  0.00000e+00  0.00000e+00  0.00000e+00
  0.00000e+00  0.00000e+00  0.00000e+00  0.00000e+00  0.00000e+00  0.00000e+00
  0.00000e+00  0.00000e+00  0.00000e+00  0.00000e+00  0.00000e+00  0.00000e+00
  0.00000e+00  0.00000e+00  0.00000e+00  0.00000e+00  0.00000e+00  0.00000e+00
  0.00000e+00  0.00000e+00  0.00000e+00  0.00000e+00  0.00000e+00  0.00000e+00
  0.00000e+00  0.00000e+00  0.00000e+00  0.00000e+00  0.00000e+00  0.00000e+00
  0.00000e+00  0.00000e+00  0.00000e+00  0.00000e+00  0.00000e+00  0.00000e+00
  0.00000e+00  0.00000e+00  0.00000e+00  0.00000e+00  0.00000e+00  0.00000e+00
  0.00000e+00  0.00000e+00  0.00000e+00  0.00000e+00  0.00000e+00  0.00000e+00
  0.00000e+00  0.00000e+00  0.00000e+00  0.00000e+00  0.00000e+00  0.00000e+00
  0.00000e+00  0.00000e+00  0.00000e+00  0.00000e+00  0.00000e+00  0.00000e+00
  0.00000e+00  0.00000e+00  0.00000e+00  0.00000e+00  0.00000e+00  0.00000e+00
  0.00000e+00  0.00000e+00  0.00000e+00  0.00000e+00  0.00000e+00  0.00000e+00
  0.00000e+00  0.00000e+00  0.00000e+00  0.00000e+00  0.00000e+00  0.00000e+00
  0.00000e+00  0.00000e+00  0.00000e+00  0.00000e+00  0.00000e+00  0.00000e+00
  0.00000e+00  0.00000e+00  0.00000e+00  0.00000e+00  0.00000e+00  0.00000e+00
  0.00000e+00  0.00000e+00  0.00000e+00  0.00000e+00  0.00000e+00  0.00000e+00
  0.00000e+00  0.00000e+00  0.00000e+00  0.00000e+00  0.00000e+00  0.00000e+00
  0.00000e+00  0.00000e+00  0.00000e+00  0.00000e+00  0.00000e+00  0.00000e+00
  0.00000e+00  0.00000e+00  0.00000e+00  0.00000e+00  0.00000e+00  0.00000e+00
  0.00000e+00  0.00000e+00  0.00000e+00  0.00000e+00  0.00000e+00  0.00000e+00
  0.00000e+00  0.00000e+00  0.00000e+00  0.00000e+00  0.00000e+00  0.00000e+00
  0.00000e+00  0.00000e+00  0.00000e+00  0.00000e+00  0.00000e+00  0.00000e+00
  0.00000e+00  0.00000e+00  0.00000e+00  0.00000e+00  0.00000e+00  0.00000e+00
  0.00000e+00  0.00000e+00  0.00000e+00  0.00000e+00  0.00000e+00  0.00000e+00
  0.00000e+00  0.00000e+00  0.00000e+00  0.00000e+00  0.00000e+00  0.00000e+00
  0.00000e+00  0.00000e+00  0.00000e+00  0.00000e+00  0.00000e+00  0.00000e+00
  0.00000e+00  0.00000e+00  0.00000e+00  0.00000e+00  0.00000e+00  0.00000e+00
  0.00000e+00  0.00000e+00  0.00000e+00  0.00000e+00  0.00000e+00  0.00000e+00
  0.00000e+00  0.00000e+00  0.00000e+00  0.00000e+00  0.00000e+00  0.00000e+00
  0.00000e+00  0.00000e+00  0.00000e+00  0.00000e+00  0.00000e+00  0.00000e+00
  0.00000e+00  0.00000e+00  0.00000e+00  0.00000e+00  0.00000e+00  0.00000e+00
  0.00000e+00  0.00000e+00  0.00000e+00  0.00000e+00  0.00000e+00  0.00000e+00
  0.00000e+00  0.00000e+00  0.00000e+00  0.00000e+00  0.00000e+00  0.00000e+00
  0.00000e+00  0.00000e+00  0.00000e+00  0.00000e+00  0.00000e+00  0.00000e+00
  0.00000e+00  0.00000e+00  0.00000e+00  0.00000e+00  0.00000e+00  0.00000e+00
  0.00000e+00  0.00000e+00  0.00000e+00  0.00000e+00  0.00000e+00  0.00000e+00
  0.00000e+00  0.00000e+00  0.00000e+00  0.00000e+00  0.00000e+00  0.00000e+00
  0.00000e+00  0.00000e+00  0.00000e+00  0.00000e+00  0.00000e+00  0.00000e+00
  0.00000e+00  0.00000e+00  0.00000e+00  0.00000e+00  0.00000e+00  0.00000e+00
  0.00000e+00  0.00000e+00  0.00000e+00  0.00000e+00  0.00000e+00  0.00000e+00
