AZ_TRO     090 TITLE
6000  5.00000e-03 0 0  0.00000e+00  0.00000e+00  0.00000e+00  0.00000e+00
 -8.16074e-06 -9.11684e-06 -1.01401e-05 -1.12310e-05 -1.23896e-05 -1.36154e-05
 -1.49079e-05 -1.62658e-05 -1.76878e-05 -1.91719e-05 -2.07158e-05 -2.23167e-05
 -2.39716e-05 -2.56769e-05 -2.74286e-05 -2.92223e-05 -3.10532e-05 -3.29160e-05
 -3.48051e-05 -3.67144e-05 -3.86374e-05 -4.05673e-05 -4.24967e-05 -4.44179e-05
 -4.63230e-05 -4.82034e-05 -5.00503e-05 -5.18547e-05 -5.36069e-05 -5.52973e-05
 -5.69157e-05 -5.84516e-05 -5.98945e-05 -6.12333e-05 -6.24569e-05 -6.35539e-05
 -6.45127e-05 -6.53215e-05 -6.59685e-05 -6.64415e-05 -6.67285e-05 -6.68171e-05
 -6.66951e-05 -6.63503e-05 -6.57702e-05 -6.49426e-05 -6.38551e-05 -6.24958e-05
 -6.08524e-05 -5.89130e-05 -5.66659e-05 -5.40995e-05 -5.12022e-05 -4.79631e-05
 -4.43712e-05 -4.04157e-05 -3.60865e-05 -3.13735e-05 -2.62670e-05 -2.07579e-05
 -1.48372e-05 -8.49658e-06 -1.72797e-06  5.47611e-06  1.31227e-05  2.12182e-05
  2.97686e-05  3.87792e-05  4.82548e-05  5.81995e-05  6.86168e-05  7.95096e-05
  9.08798e-05  1.02729e-04  1.15058e-04  1.27866e-04  1.41152e-04  1.54916e-04
  1.69153e-04  1.83861e-04  1.99036e-04  2.14672e-04  2.30763e-04  2.47303e-04
  2.64282e-04  2.81693e-04  2.99525e-04  3.17768e-04  3.36410e-04  3.55438e-04
  3.74838e-04  3.94595e-04  4.14694e-04  4.35117e-04  4.55848e-04  4.76866e-04
  4.98152e-04  5.19686e-04  5.41444e-04  5.63405e-04  5.85544e-04  6.07836e-04
  6.30255e-04  6.52774e-04  6.75366e-04  6.98001e-04  7.20649e-04  7.43281e-04
  7.65863e-04  7.88364e-04  8.10750e-04  8.32986e-04  8.55039e-04  8.76873e-04
  8.98450e-04  9.19734e-04  9.40687e-04  9.61270e-04  9.81446e-04  1.00117e-03
  1.02041e-03  1.03912e-03  1.05727e-03  1.07480e-03  1.09168e-03  1.10787e-03
  1.12333e-03  1.13801e-03  1.15187e-03  1.16488e-03  1.17698e-03  1.18814e-03
  1.19832e-03  1.20747e-03  1.21556e-03  1.22255e-03  1.22839e-03  1.23305e-03
  1.23648e-03  1.23866e-03  1.23955e-03  1.23910e-03  1.23728e-03  1.23407e-03
  1.22942e-03  1.22331e-03  1.21570e-03  1.20657e-03  1.19589e-03  1.18362e-03
  1.16976e-03  1.15427e-03  1.13713e-03  1.11832e-03  1.09783e-03  1.07564e-03
  1.05172e-03  1.02608e-03  9.98706e-04  9.69581e-04  9.38703e-04  9.06068e-04
  8.71676e-04  8.35526e-04  7.97622e-04  7.57968e-04  7.16573e-04  6.73444e-04
  6.28595e-04  5.82037e-04  5.33788e-04  4.83864e-04  4.32283e-04  3.79066e-04
  3.24232e-04  2.67805e-04  2.09806e-04  1.50259e-04  8.91885e-05  2.66184e-05
 -3.74265e-05 -1.02922e-04 -1.69842e-04 -2.38163e-04 -3.07859e-04 -3.78906e-04
 -4.51280e-04 -5.24955e-04 -5.99907e-04 -6.76109e-04 -7.53538e-04 -8.32166e-04
 -9.11966e-04 -9.92911e-04 -1.07497e-03 -1.15812e-03 -1.24232e-03 -1.32754e-03
 -1.41375e-03 -1.50091e-03 -1.58898e-03 -1.67792e-03 -1.76768e-03 -1.85821e-03
 -1.94948e-03 -2.04141e-03 -2.13397e-03 -2.22708e-03 -2.32068e-03 -2.41472e-03
 -2.50912e-03 -2.60380e-03 -2.69869e-03 -2.79372e-03 -2.88879e-03 -2.98382e-03
 -3.07872e-03 -3.17340e-03 -3.26776e-03 -3.36169e-03 -3.45509e-03 -3.54786e-03
 -3.63988e-03 -3.73104e-03 -3.82121e-03 -3.91028e-03 -3.99812e-03 -4.08461e-03
 -4.16960e-03 -4.25298e-03 -4.33461e-03 -4.41434e-03 -4.49203e-03 -4.56755e-03
 -4.64075e-03 -4.71148e-03 -4.77959e-03 -4.84494e-03 -4.90737e-03 -4.96673e-03
 -5.02286e-03 -5.07563e-03 -5.12486e-03 -5.17041e-03 -5.21213e-03 -5.24985e-03
 -5.28343e-03 -5.31272e-03 -5.33756e-03 -5.35781e-03 -5.37331e-03 -5.38391e-03
 -5.38948e-03 -5.38987e-03 -5.38493e-03 -5.37454e-03 -5.35856e-03 -5.33685e-03
 -5.30928e-03 -5.27573e-03 -5.23608e-03 -5.19021e-03 -5.13800e-03 -5.07934e-03
 -5.01414e-03 -4.94228e-03 -4.86368e-03 -4.77824e-03 -4.68588e-03 -4.58651e-03
 -4.48006e-03 -4.36645e-03 -4.24563e-03 -4.11753e-03 -3.98210e-03 -3.83930e-03
 -3.68909e-03 -3.53143e-03 -3.36631e-03 -3.19370e-03 -3.01358e-03 -2.82597e-03
 -2.63085e-03 -2.42824e-03 -2.21817e-03 -2.00065e-03 -1.77573e-03 -1.54345e-03
 -1.30386e-03 -1.05701e-03 -8.02984e-04 -5.41847e-04 -2.73690e-04  1.39364e-06
  2.83297e-04  5.71906e-04  8.67098e-04  1.16874e-03  1.47669e-03  1.79080e-03
  2.11091e-03  2.43683e-03  2.76841e-03  3.10543e-03  3.44771e-03  3.79502e-03
  4.14715e-03  4.50387e-03  4.86494e-03  5.23010e-03  5.59909e-03  5.97163e-03
  6.34745e-03  6.72624e-03  7.10770e-03  7.49151e-03  7.87736e-03  8.26489e-03
  8.65378e-03  9.04365e-03  9.43416e-03  9.82491e-03  1.02155e-02  1.06056e-02
  1.09947e-02  1.13825e-02  1.17685e-02  1.21523e-02  1.25334e-02  1.29114e-02
  1.32859e-02  1.36563e-02  1.40222e-02  1.43831e-02  1.47385e-02  1.50880e-02
  1.54309e-02  1.57669e-02  1.60953e-02  1.64158e-02  1.67276e-02  1.70304e-02
  1.73235e-02  1.76065e-02  1.78788e-02  1.81398e-02  1.83889e-02  1.86258e-02
  1.88497e-02  1.90602e-02  1.92567e-02  1.94386e-02  1.96054e-02  1.97565e-02
  1.98914e-02  2.00096e-02  2.01104e-02  2.01934e-02  2.02580e-02  2.03037e-02
  2.03300e-02  2.03364e-02  2.03223e-02  2.02873e-02  2.02308e-02  2.01524e-02
  2.00516e-02  1.99280e-02  1.97811e-02  1.96104e-02  1.94156e-02  1.91963e-02
  1.89520e-02  1.86824e-02  1.83871e-02  1.80658e-02  1.77182e-02  1.73440e-02
  1.69429e-02  1.65147e-02  1.60590e-02  1.55758e-02  1.50648e-02  1.45258e-02
  1.39587e-02  1.33634e-02  1.27399e-02  1.20880e-02  1.14078e-02  1.06992e-02
  9.96228e-03  9.19707e-03  8.40366e-03  7.58219e-03  6.73281e-03  5.85570e-03
  4.95112e-03  4.01930e-03  3.06056e-03  2.07521e-03  1.06361e-03  2.61412e-05
 -1.03674e-03 -2.12457e-03 -3.23682e-03 -4.37294e-03 -5.53235e-03 -6.71441e-03
 -7.91845e-03 -9.14377e-03 -1.03896e-02 -1.16552e-02 -1.29397e-02 -1.42422e-02
 -1.55618e-02 -1.68977e-02 -1.82487e-02 -1.96138e-02 -2.09920e-02 -2.23821e-02
 -2.37831e-02 -2.51936e-02 -2.66124e-02 -2.80383e-02 -2.94699e-02 -3.09059e-02
 -3.23448e-02 -3.37852e-02 -3.52256e-02 -3.66644e-02 -3.81002e-02 -3.95313e-02
 -4.09561e-02 -4.23727e-02 -4.37797e-02 -4.51751e-02 -4.65573e-02 -4.79243e-02
 -4.92743e-02 -5.06054e-02 -5.19156e-02 -5.32031e-02 -5.44658e-02 -5.57017e-02
 -5.69087e-02 -5.80848e-02 -5.92278e-02 -6.03357e-02 -6.14062e-02 -6.24373e-02
 -6.34267e-02 -6.43722e-02 -6.52715e-02 -6.61225e-02 -6.69227e-02 -6.76700e-02
 -6.83620e-02 -6.89965e-02 -6.95711e-02 -7.00835e-02 -7.05315e-02 -7.09126e-02
 -7.12245e-02 -7.14651e-02 -7.16318e-02 -7.17224e-02 -7.17347e-02 -7.16662e-02
 -7.15149e-02 -7.12783e-02 -7.09543e-02 -7.05407e-02 -7.00352e-02 -6.94357e-02
 -6.87399e-02 -6.79459e-02 -6.70515e-02 -6.60546e-02 -6.49533e-02 -6.37456e-02
 -6.24296e-02 -6.10033e-02 -5.94649e-02 -5.78128e-02 -5.60450e-02 -5.41600e-02
 -5.21562e-02 -5.00320e-02 -4.77859e-02 -4.54165e-02 -4.29224e-02 -4.03024e-02
 -3.75553e-02 -3.46798e-02 -3.16750e-02 -2.85399e-02 -2.52736e-02 -2.18753e-02
 -1.83443e-02 -1.46800e-02 -1.08817e-02 -6.94904e-03 -2.88172e-03  1.32051e-03
  5.65778e-03  1.01301e-02  1.47376e-02  1.94799e-02  2.43568e-02  2.93680e-02
  3.45130e-02  3.97911e-02  4.52017e-02  5.07440e-02  5.64170e-02  6.22197e-02
  6.81508e-02  7.42091e-02  8.03932e-02  8.67016e-02  9.31327e-02  9.96847e-02
  1.06356e-01  1.13144e-01  1.20047e-01  1.27062e-01  1.34188e-01  1.41422e-01
  1.48761e-01  1.56203e-01  1.63745e-01  1.71384e-01  1.79116e-01  1.86940e-01
  1.94851e-01  2.02846e-01  2.10922e-01  2.19075e-01  2.27302e-01  2.35599e-01
  2.43961e-01  2.52386e-01  2.60869e-01  2.69406e-01  2.77993e-01  2.86625e-01
  2.95298e-01  3.04008e-01  3.12750e-01  3.21520e-01  3.30313e-01  3.39124e-01
  3.47950e-01  3.56784e-01  3.65622e-01  3.74460e-01  3.83292e-01  3.92114e-01
  4.00920e-01  4.09706e-01  4.18466e-01  4.27196e-01  4.35891e-01  4.44545e-01
  4.53154e-01  4.61712e-01  4.70215e-01  4.78658e-01  4.87035e-01  4.95343e-01
  5.03575e-01  5.11727e-01  5.19795e-01  5.27773e-01  5.35657e-01  5.43443e-01
  5.51125e-01  5.58699e-01  5.66161e-01  5.73507e-01  5.80731e-01  5.87831e-01
  5.94801e-01  6.01638e-01  6.08339e-01  6.14899e-01  6.21315e-01  6.27582e-01
  6.33698e-01  6.39660e-01  6.45464e-01  6.51106e-01  6.56584e-01  6.61895e-01
  6.67036e-01  6.72005e-01  6.76799e-01  6.81415e-01  6.85852e-01  6.90107e-01
  6.94178e-01  6.98063e-01  7.01760e-01  7.05268e-01  7.08586e-01  7.11711e-01
  7.14642e-01  7.17379e-01  7.19920e-01  7.22263e-01  7.24408e-01  7.26355e-01
  7.28102e-01  7.29649e-01  7.30995e-01  7.32140e-01  7.33083e-01  7.33825e-01
  7.34365e-01  7.34703e-01  7.34838e-01  7.34772e-01  7.34504e-01  7.34035e-01
  7.33364e-01  7.32493e-01  7.31421e-01  7.30148e-01  7.28676e-01  7.27006e-01
  7.25137e-01  7.23072e-01  7.20810e-01  7.18352e-01  7.15701e-01  7.12855e-01
  7.09818e-01  7.06590e-01  7.03173e-01  6.99569e-01  6.95777e-01  6.91801e-01
  6.87641e-01  6.83300e-01  6.78779e-01  6.74080e-01  6.69206e-01  6.64158e-01
  6.58938e-01  6.53550e-01  6.47995e-01  6.42277e-01  6.36396e-01  6.30357e-01
  6.24162e-01  6.17815e-01  6.11318e-01  6.04674e-01  5.97887e-01  5.90959e-01
  5.83895e-01  5.76697e-01  5.69370e-01  5.61919e-01  5.54346e-01  5.46656e-01
  5.38852e-01  5.30940e-01  5.22924e-01  5.14808e-01  5.06595e-01  4.98292e-01
  4.89903e-01  4.81432e-01  4.72886e-01  4.64268e-01  4.55584e-01  4.46839e-01
  4.38039e-01  4.29188e-01  4.20292e-01  4.11357e-01  4.02388e-01  3.93390e-01
  3.84370e-01  3.75332e-01  3.66282e-01  3.57226e-01  3.48170e-01  3.39118e-01
  3.30077e-01  3.21054e-01  3.12052e-01  3.03079e-01  2.94139e-01  2.85238e-01
  2.76382e-01  2.67576e-01  2.58825e-01  2.50136e-01  2.41513e-01  2.32962e-01
  2.24488e-01  2.16096e-01  2.07791e-01  1.99577e-01  1.91461e-01  1.83447e-01
  1.75539e-01  1.67743e-01  1.60063e-01  1.52502e-01  1.45065e-01  1.37756e-01
  1.30580e-01  1.23539e-01  1.16639e-01  1.09882e-01  1.03272e-01  9.68116e-02
  9.05044e-02  8.43534e-02  7.83616e-02  7.25318e-02  6.68665e-02  6.13682e-02
  5.60388e-02  5.08806e-02  4.58954e-02  4.10849e-02  3.64511e-02  3.19954e-02
  2.77193e-02  2.36239e-02  1.97102e-02  1.59791e-02  1.24313e-02  9.06739e-03
  5.88782e-03  2.89271e-03  8.20644e-05 -2.54396e-03 -4.98515e-03 -7.24138e-03
 -9.31291e-03 -1.12004e-02 -1.29049e-02 -1.44279e-02 -1.57702e-02 -1.69328e-02
 -1.79163e-02 -1.87214e-02 -1.93494e-02 -1.98018e-02 -2.00805e-02 -2.01875e-02
 -2.01244e-02 -1.98929e-02 -1.94945e-02 -1.89312e-02 -1.82054e-02 -1.73196e-02
 -1.62764e-02 -1.50780e-02 -1.37264e-02 -1.22235e-02 -1.05715e-02 -8.77287e-03
 -6.83022e-03 -4.74645e-03 -2.52444e-03 -1.67053e-04  2.32290e-03  4.94274e-03
  7.68998e-03  1.05623e-02  1.35573e-02  1.66723e-02  1.99044e-02  2.32506e-02
  2.67077e-02  3.02730e-02  3.39439e-02  3.77180e-02  4.15930e-02  4.55664e-02
  4.96356e-02  5.37976e-02  5.80499e-02  6.23900e-02  6.68159e-02  7.13253e-02
  7.59163e-02  8.05865e-02  8.53335e-02  9.01553e-02  9.50498e-02  1.00015e-01
  1.05050e-01  1.10152e-01  1.15321e-01  1.20553e-01  1.25850e-01  1.31208e-01
  1.36627e-01  1.42105e-01  1.47642e-01  1.53235e-01  1.58885e-01  1.64591e-01
  1.70352e-01  1.76169e-01  1.82040e-01  1.87966e-01  1.93947e-01  1.99980e-01
  2.06068e-01  2.12211e-01  2.18409e-01  2.24664e-01  2.30974e-01  2.37340e-01
  2.43763e-01  2.50243e-01  2.56782e-01  2.63381e-01  2.70041e-01  2.76765e-01
  2.83551e-01  2.90403e-01  2.97321e-01  3.04307e-01  3.11363e-01  3.18490e-01
  3.25689e-01  3.32962e-01  3.40311e-01  3.47738e-01  3.55244e-01  3.62831e-01
  3.70502e-01  3.78258e-01  3.86100e-01  3.94029e-01  4.02048e-01  4.10159e-01
  4.18364e-01  4.26663e-01  4.35059e-01  4.43552e-01  4.52143e-01  4.60833e-01
  4.69625e-01  4.78520e-01  4.87517e-01  4.96619e-01  5.05824e-01  5.15134e-01
  5.24549e-01  5.34068e-01  5.43693e-01  5.53422e-01  5.63255e-01  5.73192e-01
  5.83232e-01  5.93373e-01  6.03614e-01  6.13952e-01  6.24386e-01  6.34914e-01
  6.45534e-01  6.56243e-01  6.67038e-01  6.77917e-01  6.88875e-01  6.99909e-01
  7.11013e-01  7.22184e-01  7.33416e-01  7.44706e-01  7.56047e-01  7.67434e-01
  7.78860e-01  7.90319e-01  8.01803e-01  8.13307e-01  8.24823e-01  8.36342e-01
  8.47857e-01  8.59358e-01  8.70837e-01  8.82283e-01  8.93689e-01  9.05044e-01
  9.16339e-01  9.27561e-01  9.38701e-01  9.49746e-01  9.60686e-01  9.71508e-01
  9.82199e-01  9.92748e-01  1.00314e+00  1.01336e+00  1.02340e+00  1.03325e+00
  1.04288e+00  1.05229e+00  1.06146e+00  1.07038e+00  1.07902e+00  1.08738e+00
  1.09544e+00  1.10319e+00  1.11060e+00  1.11766e+00  1.12436e+00  1.13067e+00
  1.13659e+00  1.14210e+00  1.14717e+00  1.15179e+00  1.15594e+00  1.15962e+00
  1.16279e+00  1.16545e+00  1.16757e+00  1.16914e+00  1.17015e+00  1.17056e+00
  1.17038e+00  1.16958e+00  1.16814e+00  1.16605e+00  1.16329e+00  1.15985e+00
  1.15571e+00  1.15085e+00  1.14526e+00  1.13892e+00  1.13182e+00  1.12395e+00
  1.11528e+00  1.10582e+00  1.09553e+00  1.08442e+00  1.07247e+00  1.05966e+00
  1.04598e+00  1.03143e+00  1.01599e+00  9.99660e-01  9.82422e-01  9.64270e-01
  9.45196e-01  9.25192e-01  9.04252e-01  8.82370e-01  8.59542e-01  8.35763e-01
  8.11030e-01  7.85339e-01  7.58690e-01  7.31080e-01  7.02510e-01  6.72980e-01
  6.42491e-01  6.11045e-01  5.78648e-01  5.45302e-01  5.11015e-01  4.75791e-01
  4.39636e-01  4.02560e-01  3.64570e-01  3.25679e-01  2.85897e-01  2.45236e-01
  2.03711e-01  1.61335e-01  1.18123e-01  7.40931e-02  2.92618e-02 -1.63522e-02
 -6.27292e-02 -1.09849e-01 -1.57691e-01 -2.06230e-01 -2.55444e-01 -3.05306e-01
 -3.55791e-01 -4.06873e-01 -4.58522e-01 -5.10711e-01 -5.63408e-01 -6.16583e-01
 -6.70204e-01 -7.24238e-01 -7.78652e-01 -8.33410e-01 -8.88477e-01 -9.43817e-01
 -9.99392e-01 -1.05516e+00 -1.11109e+00 -1.16714e+00 -1.22327e+00 -1.27943e+00
 -1.33559e+00 -1.39170e+00 -1.44771e+00 -1.50360e+00 -1.55931e+00 -1.61479e+00
 -1.67001e+00 -1.72491e+00 -1.77945e+00 -1.83360e+00 -1.88729e+00 -1.94048e+00
 -1.99313e+00 -2.04519e+00 -2.09661e+00 -2.14735e+00 -2.19736e+00 -2.24659e+00
 -2.29500e+00 -2.34254e+00 -2.38916e+00 -2.43482e+00 -2.47948e+00 -2.52309e+00
 -2.56561e+00 -2.60699e+00 -2.64718e+00 -2.68616e+00 -2.72387e+00 -2.76027e+00
 -2.79533e+00 -2.82901e+00 -2.86127e+00 -2.89207e+00 -2.92137e+00 -2.94915e+00
 -2.97537e+00 -3.00000e+00 -3.02300e+00 -3.04435e+00 -3.06403e+00 -3.08199e+00
 -3.09822e+00 -3.11270e+00 -3.12540e+00 -3.13631e+00 -3.14540e+00 -3.15267e+00
 -3.15808e+00 -3.16165e+00 -3.16334e+00 -3.16315e+00 -3.16108e+00 -3.15713e+00
 -3.15128e+00 -3.14354e+00 -3.13390e+00 -3.12238e+00 -3.10897e+00 -3.09368e+00
 -3.07652e+00 -3.05751e+00 -3.03665e+00 -3.01396e+00 -2.98946e+00 -2.96316e+00
 -2.93509e+00 -2.90528e+00 -2.87374e+00 -2.84050e+00 -2.80560e+00 -2.76906e+00
 -2.73091e+00 -2.69119e+00 -2.64994e+00 -2.60720e+00 -2.56299e+00 -2.51737e+00
 -2.47037e+00 -2.42205e+00 -2.37244e+00 -2.32160e+00 -2.26956e+00 -2.21639e+00
 -2.16212e+00 -2.10682e+00 -2.05053e+00 -1.99331e+00 -1.93521e+00 -1.87629e+00
 -1.81660e+00 -1.75620e+00 -1.69515e+00 -1.63349e+00 -1.57130e+00 -1.50863e+00
 -1.44554e+00 -1.38208e+00 -1.31831e+00 -1.25429e+00 -1.19008e+00 -1.12575e+00
 -1.06133e+00 -9.96902e-01 -9.32508e-01 -8.68210e-01 -8.04063e-01 -7.40122e-01
 -6.76442e-01 -6.13074e-01 -5.50073e-01 -4.87489e-01 -4.25375e-01 -3.63780e-01
 -3.02752e-01 -2.42337e-01 -1.82582e-01 -1.23530e-01 -6.52298e-02 -7.72202e-03
  4.89529e-02  1.04757e-01  1.59653e-01  2.13604e-01  2.66573e-01  3.18527e-01
  3.69432e-01  4.19261e-01  4.67984e-01  5.15573e-01  5.62003e-01  6.07250e-01
  6.51290e-01  6.94103e-01  7.35671e-01  7.75976e-01  8.15001e-01  8.52732e-01
  8.89156e-01  9.24261e-01  9.58039e-01  9.90481e-01  1.02158e+00  1.05133e+00
  1.07973e+00  1.10677e+00  1.13245e+00  1.15678e+00  1.17975e+00  1.20137e+00
  1.22165e+00  1.24058e+00  1.25818e+00  1.27445e+00  1.28941e+00  1.30305e+00
  1.31540e+00  1.32645e+00  1.33624e+00  1.34476e+00  1.35205e+00  1.35810e+00
  1.36295e+00  1.36660e+00  1.36907e+00  1.37038e+00  1.37056e+00  1.36962e+00
  1.36757e+00  1.36446e+00  1.36028e+00  1.35508e+00  1.34886e+00  1.34166e+00
  1.33349e+00  1.32438e+00  1.31435e+00  1.30344e+00  1.29165e+00  1.27902e+00
  1.26558e+00  1.25134e+00  1.23634e+00  1.22059e+00  1.20413e+00  1.18698e+00
  1.16916e+00  1.15070e+00  1.13162e+00  1.11196e+00  1.09174e+00  1.07098e+00
  1.04970e+00  1.02794e+00  1.00572e+00  9.83069e-01  9.60005e-01  9.36554e-01
  9.12740e-01  8.88589e-01  8.64126e-01  8.39377e-01  8.14365e-01  7.89112e-01
  7.63642e-01  7.37978e-01  7.12143e-01  6.86160e-01  6.60054e-01  6.33844e-01
  6.07554e-01  5.81204e-01  5.54816e-01  5.28410e-01  5.02008e-01  4.75629e-01
  4.49295e-01  4.23024e-01  3.96837e-01  3.70753e-01  3.44789e-01  3.18964e-01
  2.93295e-01  2.67801e-01  2.42498e-01  2.17404e-01  1.92535e-01  1.67907e-01
  1.43535e-01  1.19434e-01  9.56199e-02  7.21055e-02  4.89050e-02  2.60318e-02
  3.49864e-03 -1.86817e-02 -4.04972e-02 -6.19360e-02 -8.29869e-02 -1.03639e-01
 -1.23883e-01 -1.43709e-01 -1.63107e-01 -1.82070e-01 -2.00588e-01 -2.18653e-01
 -2.36258e-01 -2.53397e-01 -2.70062e-01 -2.86247e-01 -3.01947e-01 -3.17158e-01
 -3.31875e-01 -3.46096e-01 -3.59816e-01 -3.73033e-01 -3.85744e-01 -3.97944e-01
 -4.09634e-01 -4.20813e-01 -4.31480e-01 -4.41635e-01 -4.51278e-01 -4.60410e-01
 -4.69033e-01 -4.77147e-01 -4.84755e-01 -4.91861e-01 -4.98465e-01 -5.04573e-01
 -5.10186e-01 -5.15311e-01 -5.19952e-01 -5.24113e-01 -5.27801e-01 -5.31021e-01
 -5.33777e-01 -5.36075e-01 -5.37924e-01 -5.39329e-01 -5.40301e-01 -5.40847e-01
 -5.40973e-01 -5.40688e-01 -5.39999e-01 -5.38915e-01 -5.37446e-01 -5.35601e-01
 -5.33388e-01 -5.30818e-01 -5.27902e-01 -5.24649e-01 -5.21070e-01 -5.17175e-01
 -5.12973e-01 -5.08475e-01 -5.03692e-01 -4.98634e-01 -4.93313e-01 -4.87739e-01
 -4.81922e-01 -4.75874e-01 -4.69606e-01 -4.63131e-01 -4.56458e-01 -4.49597e-01
 -4.42558e-01 -4.35355e-01 -4.27997e-01 -4.20496e-01 -4.12862e-01 -4.05106e-01
 -3.97237e-01 -3.89266e-01 -3.81204e-01 -3.73060e-01 -3.64843e-01 -3.56563e-01
 -3.48231e-01 -3.39857e-01 -3.31451e-01 -3.23020e-01 -3.14574e-01 -3.06121e-01
 -2.97668e-01 -2.89224e-01 -2.80796e-01 -2.72393e-01 -2.64022e-01 -2.55691e-01
 -2.47405e-01 -2.39171e-01 -2.30995e-01 -2.22885e-01 -2.14846e-01 -2.06886e-01
 -1.99008e-01 -1.91217e-01 -1.83516e-01 -1.75911e-01 -1.68406e-01 -1.61005e-01
 -1.53711e-01 -1.46527e-01 -1.39456e-01 -1.32501e-01 -1.25665e-01 -1.18951e-01
 -1.12361e-01 -1.05897e-01 -9.95594e-02 -9.33498e-02 -8.72686e-02 -8.13157e-02
 -7.54911e-02 -6.97950e-02 -6.42281e-02 -5.87911e-02 -5.34844e-02 -4.83070e-02
 -4.32572e-02 -3.83331e-02 -3.35336e-02 -2.88576e-02 -2.43037e-02 -1.98694e-02
 -1.55520e-02 -1.13496e-02 -7.26071e-03 -3.28369e-03  5.84275e-04  4.34679e-03
  8.00724e-03  1.15684e-02  1.50327e-02  1.84035e-02  2.16849e-02  2.48808e-02
  2.79946e-02  3.10285e-02  3.39853e-02  3.68688e-02  3.96836e-02  4.24345e-02
  4.51253e-02  4.77592e-02  5.03393e-02  5.28692e-02  5.53538e-02  5.77975e-02
  6.02042e-02  6.25769e-02  6.49185e-02  6.72329e-02  6.95244e-02  7.17975e-02
  7.40562e-02  7.63034e-02  7.85420e-02  8.07749e-02  8.30060e-02  8.52393e-02
  8.74784e-02  8.97259e-02  9.19838e-02  9.42549e-02  9.65427e-02  9.88510e-02
  1.01183e-01  1.03540e-01  1.05923e-01  1.08336e-01  1.10780e-01  1.13260e-01
  1.15777e-01  1.18332e-01  1.20926e-01  1.23560e-01  1.26236e-01  1.28958e-01
  1.31725e-01  1.34540e-01  1.37401e-01  1.40311e-01  1.43271e-01  1.46279e-01
  1.49338e-01  1.52447e-01  1.55606e-01  1.58816e-01  1.62078e-01  1.65393e-01
  1.68759e-01  1.72177e-01  1.75645e-01  1.79162e-01  1.82728e-01  1.86342e-01
  1.90003e-01  1.93711e-01  1.97464e-01  2.01263e-01  2.05106e-01  2.08991e-01
  2.12916e-01  2.16881e-01  2.20884e-01  2.24922e-01  2.28994e-01  2.33098e-01
  2.37234e-01  2.41398e-01  2.45588e-01  2.49803e-01  2.54039e-01  2.58295e-01
  2.62569e-01  2.66858e-01  2.71159e-01  2.75471e-01  2.79789e-01  2.84112e-01
  2.88437e-01  2.92760e-01  2.97079e-01  3.01391e-01  3.05693e-01  3.09983e-01
  3.14257e-01  3.18511e-01  3.22744e-01  3.26950e-01  3.31128e-01  3.35274e-01
  3.39386e-01  3.43461e-01  3.47494e-01  3.51483e-01  3.55422e-01  3.59309e-01
  3.63140e-01  3.66913e-01  3.70624e-01  3.74271e-01  3.77850e-01  3.81357e-01
  3.84790e-01  3.88145e-01  3.91419e-01  3.94608e-01  3.97708e-01  4.00718e-01
  4.03636e-01  4.06458e-01  4.09181e-01  4.11802e-01  4.14318e-01  4.16727e-01
  4.19026e-01  4.21213e-01  4.23285e-01  4.25240e-01  4.27075e-01  4.28790e-01
  4.30382e-01  4.31850e-01  4.33191e-01  4.34403e-01  4.35485e-01  4.36436e-01
  4.37255e-01  4.37942e-01  4.38495e-01  4.38913e-01  4.39195e-01  4.39341e-01
  4.39351e-01  4.39225e-01  4.38963e-01  4.38563e-01  4.38027e-01  4.37355e-01
  4.36547e-01  4.35604e-01  4.34527e-01  4.33317e-01  4.31975e-01  4.30504e-01
  4.28904e-01  4.27177e-01  4.25324e-01  4.23347e-01  4.21246e-01  4.19025e-01
  4.16686e-01  4.14232e-01  4.11667e-01  4.08992e-01  4.06209e-01  4.03321e-01
  4.00331e-01  3.97243e-01  3.94059e-01  3.90783e-01  3.87418e-01  3.83968e-01
  3.80435e-01  3.76823e-01  3.73136e-01  3.69379e-01  3.65554e-01  3.61665e-01
  3.57717e-01  3.53713e-01  3.49657e-01  3.45554e-01  3.41406e-01  3.37218e-01
  3.32994e-01  3.28737e-01  3.24453e-01  3.20144e-01  3.15814e-01  3.11469e-01
  3.07110e-01  3.02743e-01  2.98372e-01  2.93999e-01  2.89629e-01  2.85264e-01
  2.80909e-01  2.76567e-01  2.72242e-01  2.67937e-01  2.63657e-01  2.59403e-01
  2.55179e-01  2.50986e-01  2.46828e-01  2.42709e-01  2.38631e-01  2.34596e-01
  2.30607e-01  2.26666e-01  2.22775e-01  2.18937e-01  2.15153e-01  2.11427e-01
  2.07758e-01  2.04149e-01  2.00601e-01  1.97116e-01  1.93695e-01  1.90339e-01
  1.87049e-01  1.83826e-01  1.80670e-01  1.77582e-01  1.74564e-01  1.71615e-01
  1.68737e-01  1.65928e-01  1.63189e-01  1.60520e-01  1.57921e-01  1.55392e-01
  1.52932e-01  1.50540e-01  1.48218e-01  1.45963e-01  1.43777e-01  1.41658e-01
  1.39604e-01  1.37613e-01  1.35685e-01  1.33819e-01  1.32016e-01  1.30273e-01
  1.28589e-01  1.26962e-01  1.25392e-01  1.23876e-01  1.22413e-01  1.21002e-01
  1.19641e-01  1.18326e-01  1.17057e-01  1.15833e-01  1.14651e-01  1.13511e-01
  1.12410e-01  1.11345e-01  1.10316e-01  1.09319e-01  1.08354e-01  1.07418e-01
  1.06507e-01  1.05621e-01  1.04756e-01  1.03913e-01  1.03090e-01  1.02282e-01
  1.01489e-01  1.00707e-01  9.99335e-02  9.91682e-02  9.84088e-02  9.76528e-02
  9.68978e-02  9.61412e-02  9.53810e-02  9.46151e-02  9.38417e-02  9.30592e-02
  9.22654e-02  9.14581e-02  9.06350e-02  8.97941e-02  8.89343e-02  8.80541e-02
  8.71511e-02  8.62225e-02  8.52659e-02  8.42798e-02  8.32631e-02  8.22150e-02
  8.11336e-02  8.00167e-02  7.88623e-02  7.76687e-02  7.64348e-02  7.51598e-02
  7.38427e-02  7.24820e-02  7.10762e-02  6.96238e-02  6.81237e-02  6.65748e-02
  6.49762e-02  6.33267e-02  6.16255e-02  5.98718e-02  5.80652e-02  5.62049e-02
  5.42904e-02  5.23211e-02  5.02966e-02  4.82169e-02  4.60811e-02  4.38884e-02
  4.16385e-02  3.93314e-02  3.69678e-02  3.45483e-02  3.20729e-02  2.95415e-02
  2.69541e-02  2.43109e-02  2.16124e-02  1.88587e-02  1.60502e-02  1.31877e-02
  1.02723e-02  7.30528e-03  4.28752e-03  1.21955e-03 -1.89796e-03 -5.06370e-03
 -8.27577e-03 -1.15324e-02 -1.48323e-02 -1.81750e-02 -2.15595e-02 -2.49842e-02
 -2.84467e-02 -3.19446e-02 -3.54762e-02 -3.90402e-02 -4.26350e-02 -4.62582e-02
 -4.99070e-02 -5.35789e-02 -5.72714e-02 -6.09826e-02 -6.47104e-02 -6.84527e-02
 -7.22066e-02 -7.59694e-02 -7.97385e-02 -8.35111e-02 -8.72843e-02 -9.10553e-02
 -9.48207e-02 -9.85776e-02 -1.02323e-01 -1.06055e-01 -1.09770e-01 -1.13464e-01
 -1.17135e-01 -1.20779e-01 -1.24394e-01 -1.27975e-01 -1.31520e-01 -1.35026e-01
 -1.38488e-01 -1.41905e-01 -1.45272e-01 -1.48586e-01 -1.51845e-01 -1.55045e-01
 -1.58182e-01 -1.61254e-01 -1.64257e-01 -1.67190e-01 -1.70049e-01 -1.72829e-01
 -1.75529e-01 -1.78145e-01 -1.80675e-01 -1.83116e-01 -1.85466e-01 -1.87721e-01
 -1.89879e-01 -1.91937e-01 -1.93893e-01 -1.95744e-01 -1.97489e-01 -1.99125e-01
 -2.00652e-01 -2.02066e-01 -2.03366e-01 -2.04550e-01 -2.05615e-01 -2.06562e-01
 -2.07387e-01 -2.08091e-01 -2.08671e-01 -2.09127e-01 -2.09458e-01 -2.09663e-01
 -2.09743e-01 -2.09697e-01 -2.09525e-01 -2.09225e-01 -2.08799e-01 -2.08247e-01
 -2.07567e-01 -2.06761e-01 -2.05830e-01 -2.04773e-01 -2.03594e-01 -2.02291e-01
 -2.00868e-01 -1.99323e-01 -1.97659e-01 -1.95878e-01 -1.93982e-01 -1.91972e-01
 -1.89850e-01 -1.87618e-01 -1.85278e-01 -1.82835e-01 -1.80290e-01 -1.77646e-01
 -1.74904e-01 -1.72067e-01 -1.69139e-01 -1.66124e-01 -1.63025e-01 -1.59846e-01
 -1.56590e-01 -1.53259e-01 -1.49857e-01 -1.46389e-01 -1.42858e-01 -1.39268e-01
 -1.35622e-01 -1.31923e-01 -1.28178e-01 -1.24389e-01 -1.20561e-01 -1.16698e-01
 -1.12804e-01 -1.08882e-01 -1.04937e-01 -1.00973e-01 -9.69943e-02 -9.30051e-02
 -8.90093e-02 -8.50108e-02 -8.10135e-02 -7.70212e-02 -7.30382e-02 -6.90684e-02
 -6.51154e-02 -6.11827e-02 -5.72735e-02 -5.33916e-02 -4.95407e-02 -4.57246e-02
 -4.19463e-02 -3.82089e-02 -3.45154e-02 -3.08688e-02 -2.72722e-02 -2.37281e-02
 -2.02387e-02 -1.68060e-02 -1.34327e-02 -1.01216e-02 -6.87496e-03 -3.69428e-03
 -5.80618e-04  2.46468e-03  5.43967e-03  8.34233e-03  1.11712e-02  1.39256e-02
  1.66049e-02  1.92084e-02  2.17351e-02  2.41845e-02  2.65563e-02  2.88506e-02
  3.10674e-02  3.32063e-02  3.52673e-02  3.72510e-02  3.91582e-02  4.09896e-02
  4.27456e-02  4.44265e-02  4.60329e-02  4.75662e-02  4.90280e-02  5.04199e-02
  5.17427e-02  5.29968e-02  5.41830e-02  5.53033e-02  5.63601e-02  5.73556e-02
  5.82913e-02  5.91682e-02  5.99880e-02  6.07533e-02  6.14666e-02  6.21299e-02
  6.27442e-02  6.33107e-02  6.38315e-02  6.43091e-02  6.47460e-02  6.51444e-02
  6.55061e-02  6.58329e-02  6.61270e-02  6.63902e-02  6.66246e-02  6.68321e-02
  6.70147e-02  6.71745e-02  6.73133e-02  6.74331e-02  6.75358e-02  6.76230e-02
  6.76963e-02  6.77571e-02  6.78068e-02  6.78472e-02  6.78800e-02  6.79068e-02
  6.79292e-02  6.79483e-02  6.79651e-02  6.79806e-02  6.79960e-02  6.80124e-02
  6.80310e-02  6.80527e-02  6.80780e-02  6.81078e-02  6.81426e-02  6.81835e-02
  6.82309e-02  6.82852e-02  6.83467e-02  6.84155e-02  6.84919e-02  6.85761e-02
  6.86679e-02  6.87675e-02  6.88748e-02  6.89900e-02  6.91129e-02  6.92435e-02
  6.93817e-02  6.95273e-02  6.96799e-02  6.98386e-02  7.00023e-02  7.01702e-02
  7.03421e-02  7.05178e-02  7.06968e-02  7.08783e-02  7.10617e-02  7.12461e-02
  7.14309e-02  7.16151e-02  7.17975e-02  7.19769e-02  7.21524e-02  7.23234e-02
  7.24890e-02  7.26484e-02  7.28002e-02  7.29431e-02  7.30761e-02  7.31981e-02
  7.33085e-02  7.34063e-02  7.34904e-02  7.35598e-02  7.36132e-02  7.36493e-02
  7.36669e-02  7.36653e-02  7.36434e-02  7.36000e-02  7.35341e-02  7.34445e-02
  7.33301e-02  7.31901e-02  7.30238e-02  7.28297e-02  7.26066e-02  7.23533e-02
  7.20690e-02  7.17535e-02  7.14064e-02  7.10267e-02  7.06126e-02  7.01628e-02
  6.96766e-02  6.91539e-02  6.85943e-02  6.79968e-02  6.73604e-02  6.66845e-02
  6.59687e-02  6.52127e-02  6.44158e-02  6.35773e-02  6.26966e-02  6.17736e-02
  6.08080e-02  5.97995e-02  5.87472e-02  5.76506e-02  5.65099e-02  5.53254e-02
  5.40974e-02  5.28255e-02  5.15092e-02  5.01485e-02  4.87440e-02  4.72964e-02
  4.58060e-02  4.42730e-02  4.26974e-02  4.10792e-02  3.94191e-02  3.77176e-02
  3.59753e-02  3.41928e-02  3.23707e-02  3.05100e-02  2.86119e-02  2.66772e-02
  2.47070e-02  2.27022e-02  2.06640e-02  1.85934e-02  1.64917e-02  1.43599e-02
  1.21992e-02  1.00108e-02  7.79643e-03  5.55773e-03  3.29641e-03  1.01393e-03
 -1.28833e-03 -3.60895e-03 -5.94630e-03 -8.29842e-03 -1.06633e-02 -1.30390e-02
 -1.54239e-02 -1.78162e-02 -2.02142e-02 -2.26159e-02 -2.50195e-02 -2.74231e-02
 -2.98250e-02 -3.22234e-02 -3.46160e-02 -3.70004e-02 -3.93743e-02 -4.17359e-02
 -4.40836e-02 -4.64157e-02 -4.87306e-02 -5.10262e-02 -5.33005e-02 -5.55515e-02
 -5.77773e-02 -5.99761e-02 -6.21458e-02 -6.42846e-02 -6.63907e-02 -6.84628e-02
 -7.04997e-02 -7.24998e-02 -7.44615e-02 -7.63831e-02 -7.82631e-02 -8.01003e-02
 -8.18930e-02 -8.36397e-02 -8.53388e-02 -8.69894e-02 -8.85911e-02 -9.01429e-02
 -9.16439e-02 -9.30927e-02 -9.44882e-02 -9.58297e-02 -9.71169e-02 -9.83492e-02
 -9.95260e-02 -1.00647e-01 -1.01711e-01 -1.02719e-01 -1.03670e-01 -1.04564e-01
 -1.05401e-01 -1.06180e-01 -1.06900e-01 -1.07563e-01 -1.08169e-01 -1.08718e-01
 -1.09210e-01 -1.09645e-01 -1.10024e-01 -1.10348e-01 -1.10617e-01 -1.10831e-01
 -1.10991e-01 -1.11098e-01 -1.11153e-01 -1.11156e-01 -1.11110e-01 -1.11013e-01
 -1.10867e-01 -1.10672e-01 -1.10429e-01 -1.10139e-01 -1.09805e-01 -1.09427e-01
 -1.09007e-01 -1.08545e-01 -1.08042e-01 -1.07501e-01 -1.06921e-01 -1.06305e-01
 -1.05654e-01 -1.04967e-01 -1.04247e-01 -1.03495e-01 -1.02713e-01 -1.01902e-01
 -1.01063e-01 -1.00197e-01 -9.93057e-02 -9.83901e-02 -9.74516e-02 -9.64917e-02
 -9.55118e-02 -9.45133e-02 -9.34973e-02 -9.24649e-02 -9.14171e-02 -9.03552e-02
 -8.92802e-02 -8.81936e-02 -8.70962e-02 -8.59890e-02 -8.48732e-02 -8.37500e-02
 -8.26209e-02 -8.14871e-02 -8.03493e-02 -7.92079e-02 -7.80639e-02 -7.69181e-02
 -7.57716e-02 -7.46254e-02 -7.34802e-02 -7.23370e-02 -7.11961e-02 -7.00581e-02
 -6.89237e-02 -6.77940e-02 -6.66697e-02 -6.55515e-02 -6.44395e-02 -6.33338e-02
 -6.22352e-02 -6.11447e-02 -6.00631e-02 -5.89908e-02 -5.79274e-02 -5.68730e-02
 -5.58283e-02 -5.47940e-02 -5.37706e-02 -5.27583e-02 -5.17568e-02 -5.07660e-02
 -4.97859e-02 -4.88168e-02 -4.78589e-02 -4.69125e-02 -4.59778e-02 -4.50548e-02
 -4.41433e-02 -4.32434e-02 -4.23549e-02 -4.14773e-02 -4.06104e-02 -3.97539e-02
 -3.89080e-02 -3.80726e-02 -3.72474e-02 -3.64319e-02 -3.56259e-02 -3.48292e-02
 -3.40421e-02 -3.32642e-02 -3.24947e-02 -3.17324e-02 -3.09770e-02 -3.02285e-02
 -2.94871e-02 -2.87524e-02 -2.80237e-02 -2.72998e-02 -2.65800e-02 -2.58636e-02
 -2.51504e-02 -2.44403e-02 -2.37327e-02 -2.30267e-02 -2.23216e-02 -2.16170e-02
 -2.09126e-02 -2.02079e-02 -1.95024e-02 -1.87950e-02 -1.80847e-02 -1.73710e-02
 -1.66536e-02 -1.59321e-02 -1.52063e-02 -1.44752e-02 -1.37376e-02 -1.29928e-02
 -1.22404e-02 -1.14803e-02 -1.07123e-02 -9.93549e-03 -9.14879e-03 -8.35130e-03
 -7.54268e-03 -6.72311e-03 -5.89254e-03 -5.05053e-03 -4.19623e-03 -3.32900e-03
 -2.44859e-03 -1.55491e-03 -6.47690e-04  2.73690e-04  1.20991e-03  2.16132e-03
  3.12787e-03  4.10940e-03  5.10608e-03  6.11838e-03  7.14675e-03  8.19120e-03
  9.25145e-03  1.03272e-02  1.14184e-02  1.25254e-02  1.36481e-02  1.47860e-02
  1.59385e-02  1.71057e-02  1.82879e-02  1.94856e-02  2.06986e-02  2.19263e-02
  2.31675e-02  2.44218e-02  2.56890e-02  2.69691e-02  2.82618e-02  2.95660e-02
  3.08809e-02  3.22057e-02  3.35403e-02  3.48849e-02  3.62390e-02  3.76016e-02
  3.89713e-02  4.03469e-02  4.17281e-02  4.31148e-02  4.45067e-02  4.59028e-02
  4.73017e-02  4.87022e-02  5.01039e-02  5.15064e-02  5.29091e-02  5.43105e-02
  5.57094e-02  5.71046e-02  5.84955e-02  5.98815e-02  6.12616e-02  6.26347e-02
  6.39998e-02  6.53562e-02  6.67035e-02  6.80407e-02  6.93664e-02  7.06791e-02
  7.19778e-02  7.32616e-02  7.45302e-02  7.57827e-02  7.70180e-02  7.82350e-02
  7.94326e-02  8.06099e-02  8.17661e-02  8.29006e-02  8.40125e-02  8.51011e-02
  8.61653e-02  8.72040e-02  8.82162e-02  8.92013e-02  9.01587e-02  9.10877e-02
  9.19875e-02  9.28572e-02  9.36957e-02  9.45025e-02  9.52769e-02  9.60185e-02
  9.67267e-02  9.74005e-02  9.80393e-02  9.86427e-02  9.92101e-02  9.97410e-02
  1.00234e-01  1.00690e-01  1.01107e-01  1.01484e-01  1.01823e-01  1.02123e-01
  1.02382e-01  1.02601e-01  1.02778e-01  1.02913e-01  1.03006e-01  1.03058e-01
  1.03067e-01  1.03034e-01  1.02957e-01  1.02837e-01  1.02674e-01  1.02468e-01
  1.02218e-01  1.01924e-01  1.01585e-01  1.01202e-01  1.00774e-01  1.00303e-01
  9.97874e-02  9.92269e-02  9.86214e-02  9.79711e-02  9.72770e-02  9.65395e-02
  9.57586e-02  9.49340e-02  9.40655e-02  9.31536e-02  9.21989e-02  9.12021e-02
  9.01631e-02  8.90819e-02  8.79587e-02  8.67942e-02  8.55893e-02  8.43445e-02
  8.30601e-02  8.17366e-02  8.03747e-02  7.89755e-02  7.75397e-02  7.60674e-02
  7.45593e-02  7.30161e-02  7.14390e-02  6.98294e-02  6.81882e-02  6.65160e-02
  6.48133e-02  6.30808e-02  6.13196e-02  5.95310e-02  5.77166e-02  5.58777e-02
  5.40153e-02  5.21303e-02  5.02237e-02  4.82966e-02  4.63505e-02  4.43868e-02
  4.24067e-02  4.04112e-02  3.84013e-02  3.63781e-02  3.43431e-02  3.22978e-02
  3.02437e-02  2.81824e-02  2.61148e-02  2.40422e-02  2.19658e-02  1.98870e-02
  1.78072e-02  1.57278e-02  1.36498e-02  1.15744e-02  9.50292e-03  7.43658e-03
  5.37676e-03  3.32464e-03  1.28114e-03 -7.52745e-04 -2.77590e-03 -4.78706e-03
 -6.78508e-03 -8.76904e-03 -1.07382e-02 -1.26915e-02 -1.46280e-02 -1.65463e-02
 -1.84458e-02 -2.03260e-02 -2.21865e-02 -2.40268e-02 -2.58458e-02 -2.76424e-02
 -2.94158e-02 -3.11660e-02 -3.28926e-02 -3.45952e-02 -3.62733e-02 -3.79265e-02
 -3.95543e-02 -4.11568e-02 -4.27339e-02 -4.42853e-02 -4.58108e-02 -4.73103e-02
 -4.87834e-02 -5.02302e-02 -5.16506e-02 -5.30447e-02 -5.44129e-02 -5.57552e-02
 -5.70716e-02 -5.83619e-02 -5.96259e-02 -6.08642e-02 -6.20773e-02 -6.32658e-02
 -6.44298e-02 -6.55696e-02 -6.66852e-02 -6.77769e-02 -6.88450e-02 -6.98901e-02
 -7.09124e-02 -7.19121e-02 -7.28896e-02 -7.38452e-02 -7.47797e-02 -7.56933e-02
 -7.65866e-02 -7.74595e-02 -7.83123e-02 -7.91456e-02 -7.99598e-02 -8.07554e-02
 -8.15327e-02 -8.22919e-02 -8.30330e-02 -8.37563e-02 -8.44620e-02 -8.51505e-02
 -8.58220e-02 -8.64768e-02 -8.71149e-02 -8.77365e-02 -8.83417e-02 -8.89309e-02
 -8.95044e-02 -9.00624e-02 -9.06047e-02 -9.11310e-02 -9.16409e-02 -9.21342e-02
 -9.26113e-02 -9.30724e-02 -9.35177e-02 -9.39470e-02 -9.43600e-02 -9.47565e-02
 -9.51362e-02 -9.54990e-02 -9.58446e-02 -9.61727e-02 -9.64829e-02 -9.67749e-02
 -9.70485e-02 -9.73037e-02 -9.75401e-02 -9.77572e-02 -9.79545e-02 -9.81320e-02
 -9.82895e-02 -9.84265e-02 -9.85423e-02 -9.86361e-02 -9.87075e-02 -9.87566e-02
 -9.87833e-02 -9.87872e-02 -9.87678e-02 -9.87243e-02 -9.86561e-02 -9.85630e-02
 -9.84445e-02 -9.83005e-02 -9.81308e-02 -9.79350e-02 -9.77126e-02 -9.74629e-02
 -9.71854e-02 -9.68800e-02 -9.65465e-02 -9.61848e-02 -9.57942e-02 -9.53744e-02
 -9.49248e-02 -9.44452e-02 -9.39356e-02 -9.33963e-02 -9.28271e-02 -9.22275e-02
 -9.15969e-02 -9.09348e-02 -9.02413e-02 -8.95167e-02 -8.87613e-02 -8.79750e-02
 -8.71576e-02 -8.63086e-02 -8.54280e-02 -8.45159e-02 -8.35723e-02 -8.25972e-02
 -8.15906e-02 -8.05525e-02 -7.94830e-02 -7.83826e-02 -7.72516e-02 -7.60903e-02
 -7.48988e-02 -7.36770e-02 -7.24249e-02 -7.11426e-02 -6.98308e-02 -6.84900e-02
 -6.71207e-02 -6.57232e-02 -6.42975e-02 -6.28441e-02 -6.13635e-02 -5.98561e-02
 -5.83226e-02 -5.67631e-02 -5.51780e-02 -5.35680e-02 -5.19338e-02 -5.02761e-02
 -4.85954e-02 -4.68920e-02 -4.51667e-02 -4.34200e-02 -4.16530e-02 -3.98662e-02
 -3.80602e-02 -3.62354e-02 -3.43925e-02 -3.25325e-02 -3.06564e-02 -2.87650e-02
 -2.68587e-02 -2.49382e-02 -2.30042e-02 -2.10578e-02 -1.91003e-02 -1.71331e-02
 -1.51567e-02 -1.31715e-02 -1.11780e-02 -9.17739e-03 -7.17106e-03 -5.16024e-03
 -3.14564e-03 -1.12780e-03  8.92412e-04  2.91376e-03  4.93489e-03  6.95475e-03
  8.97255e-03  1.09874e-02  1.29984e-02  1.50042e-02  1.70040e-02  1.89968e-02
  2.09814e-02  2.29566e-02  2.49211e-02  2.68741e-02  2.88143e-02  3.07407e-02
  3.26521e-02  3.45472e-02  3.64253e-02  3.82856e-02  4.01272e-02  4.19491e-02
  4.37503e-02  4.55293e-02  4.72851e-02  4.90164e-02  5.07223e-02  5.24019e-02
  5.40540e-02  5.56776e-02  5.72713e-02  5.88344e-02  6.03660e-02  6.18653e-02
  6.33312e-02  6.47627e-02  6.61591e-02  6.75198e-02  6.88439e-02  7.01304e-02
  7.13780e-02  7.25857e-02  7.37527e-02  7.48783e-02  7.59619e-02  7.70026e-02
  7.80000e-02  7.89535e-02  7.98625e-02  8.07261e-02  8.15436e-02  8.23141e-02
  8.30372e-02  8.37126e-02  8.43397e-02  8.49180e-02  8.54472e-02  8.59269e-02
  8.63569e-02  8.67365e-02  8.70652e-02  8.73426e-02  8.75685e-02  8.77430e-02
  8.78659e-02  8.79370e-02  8.79564e-02  8.79240e-02  8.78401e-02  8.77045e-02
  8.75170e-02  8.72775e-02  8.69862e-02  8.66432e-02  8.62488e-02  8.58033e-02
  8.53072e-02  8.47610e-02  8.41650e-02  8.35196e-02  8.28250e-02  8.20816e-02
  8.12898e-02  8.04503e-02  7.95637e-02  7.86309e-02  7.76523e-02  7.66288e-02
  7.55610e-02  7.44499e-02  7.32964e-02  7.21015e-02  7.08657e-02  6.95900e-02
  6.82750e-02  6.69220e-02  6.55323e-02  6.41069e-02  6.26470e-02  6.11534e-02
  5.96272e-02  5.80698e-02  5.64824e-02  5.48662e-02  5.32224e-02  5.15524e-02
  4.98576e-02  4.81394e-02  4.63993e-02  4.46384e-02  4.28580e-02  4.10597e-02
  3.92448e-02  3.74150e-02  3.55716e-02  3.37158e-02  3.18493e-02  2.99738e-02
  2.80909e-02  2.62022e-02  2.43090e-02  2.24127e-02  2.05148e-02  1.86173e-02
  1.67219e-02  1.48302e-02  1.29435e-02  1.10630e-02  9.19030e-03  7.32731e-03
  5.47591e-03  3.63762e-03  1.81374e-03  5.54882e-06 -1.78543e-03 -3.55756e-03
 -5.30925e-03 -7.03911e-03 -8.74575e-03 -1.04276e-02 -1.20828e-02 -1.37101e-02
 -1.53083e-02 -1.68763e-02 -1.84127e-02 -1.99159e-02 -2.13839e-02 -2.28154e-02
 -2.42093e-02 -2.55651e-02 -2.68817e-02 -2.81578e-02 -2.93918e-02 -3.05828e-02
 -3.17298e-02 -3.28318e-02 -3.38876e-02 -3.48959e-02 -3.58557e-02 -3.67661e-02
 -3.76268e-02 -3.84370e-02 -3.91959e-02 -3.99024e-02 -4.05557e-02 -4.11551e-02
 -4.17000e-02 -4.21901e-02 -4.26250e-02 -4.30041e-02 -4.33269e-02 -4.35930e-02
 -4.38019e-02 -4.39533e-02 -4.40471e-02 -4.40832e-02 -4.40614e-02 -4.39816e-02
 -4.38435e-02 -4.36470e-02 -4.33919e-02 -4.30784e-02 -4.27068e-02 -4.22777e-02
 -4.17912e-02 -4.12474e-02 -4.06464e-02 -3.99885e-02 -3.92742e-02 -3.85040e-02
 -3.76785e-02 -3.67981e-02 -3.58634e-02 -3.48751e-02 -3.38340e-02 -3.27409e-02
 -3.15964e-02 -3.04015e-02 -2.91571e-02 -2.78639e-02 -2.65229e-02 -2.51351e-02
 -2.37013e-02 -2.22227e-02 -2.07008e-02 -1.91368e-02 -1.75320e-02 -1.58875e-02
 -1.42048e-02 -1.24853e-02 -1.07307e-02 -8.94224e-03 -7.12121e-03 -5.26866e-03
 -3.38602e-03 -1.47514e-03  4.61929e-04  2.42324e-03  4.40713e-03  6.41187e-03
  8.43582e-03  1.04772e-02  1.25344e-02  1.46055e-02  1.66886e-02  1.87817e-02
  2.08826e-02  2.29896e-02  2.51009e-02  2.72146e-02  2.93284e-02  3.14400e-02
  3.35470e-02  3.56474e-02  3.77396e-02  3.98213e-02  4.18904e-02  4.39445e-02
  4.59816e-02  4.79997e-02  4.99968e-02  5.19706e-02  5.39188e-02  5.58392e-02
  5.77295e-02  5.95878e-02  6.14119e-02  6.31994e-02  6.49484e-02  6.66565e-02
  6.83220e-02  6.99430e-02  7.15172e-02  7.30424e-02  7.45163e-02  7.59370e-02
  7.73032e-02  7.86135e-02  7.98658e-02  8.10577e-02  8.21870e-02  8.32519e-02
  8.42511e-02  8.51835e-02  8.60475e-02  8.68411e-02  8.75626e-02  8.82106e-02
  8.87840e-02  8.92818e-02  8.97029e-02  9.00460e-02  9.03097e-02  9.04926e-02
  9.05938e-02  9.06123e-02  9.05477e-02  9.03994e-02  9.01669e-02  8.98495e-02
  8.94465e-02  8.89575e-02  8.83824e-02  8.77214e-02  8.69742e-02  8.61407e-02
  8.52207e-02  8.42144e-02  8.31221e-02  8.19439e-02  8.06804e-02  7.93323e-02
  7.79003e-02  7.63851e-02  7.47875e-02  7.31080e-02  7.13479e-02  6.95084e-02
  6.75908e-02  6.55965e-02  6.35267e-02  6.13829e-02  5.91663e-02  5.68785e-02
  5.45212e-02  5.20963e-02  4.96059e-02  4.70521e-02  4.44372e-02  4.17632e-02
  3.90326e-02  3.62474e-02  3.34098e-02  3.05221e-02  2.75867e-02  2.46065e-02
  2.15840e-02  1.85221e-02  1.54233e-02  1.22904e-02  9.12660e-03  5.93477e-03
  2.71784e-03 -5.21348e-04 -3.77989e-03 -7.05476e-03 -1.03429e-02 -1.36412e-02
 -1.69468e-02 -2.02566e-02 -2.35674e-02 -2.68759e-02 -3.01789e-02 -3.34732e-02
 -3.67560e-02 -4.00242e-02 -4.32746e-02 -4.65039e-02 -4.97093e-02 -5.28878e-02
 -5.60366e-02 -5.91525e-02 -6.22327e-02 -6.52740e-02 -6.82737e-02 -7.12291e-02
 -7.41374e-02 -7.69959e-02 -7.98019e-02 -8.25526e-02 -8.52457e-02 -8.78788e-02
 -9.04493e-02 -9.29549e-02 -9.53935e-02 -9.77633e-02 -1.00062e-01 -1.02288e-01
 -1.04439e-01 -1.06512e-01 -1.08507e-01 -1.10422e-01 -1.12255e-01 -1.14004e-01
 -1.15669e-01 -1.17248e-01 -1.18738e-01 -1.20141e-01 -1.21454e-01 -1.22678e-01
 -1.23811e-01 -1.24852e-01 -1.25800e-01 -1.26656e-01 -1.27418e-01 -1.28087e-01
 -1.28662e-01 -1.29143e-01 -1.29530e-01 -1.29823e-01 -1.30022e-01 -1.30128e-01
 -1.30141e-01 -1.30062e-01 -1.29891e-01 -1.29629e-01 -1.29276e-01 -1.28834e-01
 -1.28302e-01 -1.27682e-01 -1.26976e-01 -1.26184e-01 -1.25307e-01 -1.24346e-01
 -1.23305e-01 -1.22183e-01 -1.20983e-01 -1.19706e-01 -1.18353e-01 -1.16926e-01
 -1.15428e-01 -1.13860e-01 -1.12224e-01 -1.10522e-01 -1.08756e-01 -1.06928e-01
 -1.05039e-01 -1.03094e-01 -1.01093e-01 -9.90388e-02 -9.69336e-02 -9.47800e-02
 -9.25804e-02 -9.03374e-02 -8.80530e-02 -8.57296e-02 -8.33695e-02 -8.09754e-02
 -7.85502e-02 -7.60967e-02 -7.36173e-02 -7.11144e-02 -6.85900e-02 -6.60466e-02
 -6.34871e-02 -6.09144e-02 -5.83316e-02 -5.57409e-02 -5.31445e-02 -5.05446e-02
 -4.79436e-02 -4.53443e-02 -4.27496e-02 -4.01622e-02 -3.75843e-02 -3.50182e-02
 -3.24660e-02 -2.99301e-02 -2.74134e-02 -2.49184e-02 -2.24474e-02 -2.00023e-02
 -1.75850e-02 -1.51976e-02 -1.28427e-02 -1.05226e-02 -8.23914e-03 -5.99408e-03
 -3.78916e-03 -1.62638e-03  4.92211e-04  2.56464e-03  4.58925e-03  6.56457e-03
  8.48899e-03  1.03608e-02  1.21785e-02  1.39407e-02  1.56460e-02  1.72935e-02
  1.88818e-02  2.04098e-02  2.18766e-02  2.32809e-02  2.46215e-02  2.58973e-02
  2.71077e-02  2.82522e-02  2.93304e-02  3.03416e-02  3.12849e-02  3.21599e-02
  3.29662e-02  3.37038e-02  3.43726e-02  3.49722e-02  3.55024e-02  3.59632e-02
  3.63548e-02  3.66776e-02  3.69317e-02  3.71174e-02  3.72349e-02  3.72846e-02
  3.72672e-02  3.71835e-02  3.70341e-02  3.68198e-02  3.65411e-02  3.61986e-02
  3.57932e-02  3.53263e-02  3.47989e-02  3.42123e-02  3.35675e-02  3.28656e-02
  3.21080e-02  3.12962e-02  3.04317e-02  2.95156e-02  2.85491e-02  2.75339e-02
  2.64718e-02  2.53645e-02  2.42140e-02  2.30218e-02  2.17897e-02  2.05194e-02
  1.92128e-02  1.78716e-02  1.64979e-02  1.50937e-02  1.36612e-02  1.22021e-02
  1.07183e-02  9.21150e-03  7.68404e-03  6.13832e-03  4.57661e-03  3.00084e-03
  1.41283e-03 -1.85326e-04 -1.79134e-03 -3.40278e-03 -5.01744e-03 -6.63320e-03
 -8.24793e-03 -9.85949e-03 -1.14657e-02 -1.30644e-02 -1.46536e-02 -1.62311e-02
 -1.77947e-02 -1.93423e-02 -2.08720e-02 -2.23815e-02 -2.38690e-02 -2.53320e-02
 -2.67686e-02 -2.81768e-02 -2.95549e-02 -3.09009e-02 -3.22129e-02 -3.34888e-02
 -3.47269e-02 -3.59255e-02 -3.70831e-02 -3.81978e-02 -3.92680e-02 -4.02917e-02
 -4.12674e-02 -4.21937e-02 -4.30691e-02 -4.38922e-02 -4.46614e-02 -4.53753e-02
 -4.60329e-02 -4.66333e-02 -4.71753e-02 -4.76578e-02 -4.80796e-02 -4.84392e-02
 -4.87359e-02 -4.89690e-02 -4.91378e-02 -4.92418e-02 -4.92799e-02 -4.92515e-02
 -4.91565e-02 -4.89946e-02 -4.87659e-02 -4.84697e-02 -4.81055e-02 -4.76729e-02
 -4.71720e-02 -4.66031e-02 -4.59666e-02 -4.52622e-02 -4.44899e-02 -4.36501e-02
 -4.27432e-02 -4.17702e-02 -4.07316e-02 -3.96279e-02 -3.84595e-02 -3.72273e-02
 -3.59324e-02 -3.45757e-02 -3.31582e-02 -3.16807e-02 -3.01443e-02 -2.85501e-02
 -2.68995e-02 -2.51937e-02 -2.34343e-02 -2.16224e-02 -1.97597e-02 -1.78477e-02
 -1.58881e-02 -1.38825e-02 -1.18327e-02 -9.74031e-03 -7.60720e-03 -5.43509e-03
 -3.22578e-03 -9.81262e-04  1.29638e-03  3.60506e-03  5.94287e-03  8.30788e-03
  1.06979e-02  1.31104e-02  1.55431e-02  1.79941e-02  2.04614e-02  2.29432e-02
  2.54374e-02  2.79413e-02  3.04526e-02  3.29694e-02  3.54896e-02  3.80110e-02
  4.05313e-02  4.30482e-02  4.55595e-02  4.80633e-02  5.05575e-02  5.30399e-02
  5.55083e-02  5.79605e-02  6.03947e-02  6.28090e-02  6.52017e-02  6.75704e-02
  6.99131e-02  7.22276e-02  7.45124e-02  7.67660e-02  7.89869e-02  8.11733e-02
  8.33230e-02  8.54343e-02  8.75059e-02  8.95365e-02  9.15252e-02  9.34703e-02
  9.53702e-02  9.72234e-02  9.90287e-02  1.00785e-01  1.02492e-01  1.04148e-01
  1.05752e-01  1.07303e-01  1.08800e-01  1.10242e-01  1.11629e-01  1.12960e-01
  1.14234e-01  1.15451e-01  1.16610e-01  1.17711e-01  1.18754e-01  1.19737e-01
  1.20660e-01  1.21523e-01  1.22327e-01  1.23070e-01  1.23754e-01  1.24377e-01
  1.24940e-01  1.25443e-01  1.25886e-01  1.26269e-01  1.26592e-01  1.26854e-01
  1.27057e-01  1.27201e-01  1.27285e-01  1.27312e-01  1.27280e-01  1.27191e-01
  1.27044e-01  1.26841e-01  1.26581e-01  1.26265e-01  1.25894e-01  1.25469e-01
  1.24989e-01  1.24456e-01  1.23871e-01  1.23233e-01  1.22543e-01  1.21804e-01
  1.21014e-01  1.20175e-01  1.19288e-01  1.18353e-01  1.17371e-01  1.16342e-01
  1.15269e-01  1.14151e-01  1.12989e-01  1.11784e-01  1.10537e-01  1.09249e-01
  1.07920e-01  1.06552e-01  1.05146e-01  1.03702e-01  1.02220e-01  1.00703e-01
  9.91501e-02  9.75631e-02  9.59428e-02  9.42900e-02  9.26057e-02  9.08910e-02
  8.91466e-02  8.73735e-02  8.55725e-02  8.37446e-02  8.18909e-02  8.00122e-02
  7.81095e-02  7.61835e-02  7.42350e-02  7.22650e-02  7.02747e-02  6.82652e-02
  6.62376e-02  6.41929e-02  6.21319e-02  6.00555e-02  5.79646e-02  5.58604e-02
  5.37442e-02  5.16171e-02  4.94799e-02  4.73333e-02  4.51782e-02  4.30157e-02
  4.08473e-02  3.86743e-02  3.64979e-02  3.43189e-02  3.21380e-02  2.99564e-02
  2.77750e-02  2.55952e-02  2.34183e-02  2.12452e-02  1.90768e-02  1.69142e-02
  1.47586e-02  1.26112e-02  1.04733e-02  8.34619e-03  6.23067e-03  4.12762e-03
  2.03792e-03 -3.73535e-05 -2.09690e-03 -4.13934e-03 -6.16347e-03 -8.16841e-03
 -1.01535e-02 -1.21180e-02 -1.40606e-02 -1.59801e-02 -1.78752e-02 -1.97450e-02
 -2.15890e-02 -2.34066e-02 -2.51969e-02 -2.69585e-02 -2.86906e-02 -3.03923e-02
 -3.20628e-02 -3.37014e-02 -3.53072e-02 -3.68794e-02 -3.84174e-02 -3.99207e-02
 -4.13887e-02 -4.28208e-02 -4.42162e-02 -4.55745e-02 -4.68950e-02 -4.81774e-02
 -4.94211e-02 -5.06257e-02 -5.17908e-02 -5.29163e-02 -5.40017e-02 -5.50463e-02
 -5.60499e-02 -5.70123e-02 -5.79336e-02 -5.88138e-02 -5.96529e-02 -6.04504e-02
 -6.12063e-02 -6.19207e-02 -6.25938e-02 -6.32258e-02 -6.38166e-02 -6.43664e-02
 -6.48752e-02 -6.53432e-02 -6.57708e-02 -6.61582e-02 -6.65056e-02 -6.68134e-02
 -6.70820e-02 -6.73118e-02 -6.75033e-02 -6.76568e-02 -6.77730e-02 -6.78523e-02
 -6.78956e-02 -6.79033e-02 -6.78760e-02 -6.78141e-02 -6.77182e-02 -6.75889e-02
 -6.74270e-02 -6.72334e-02 -6.70086e-02 -6.67530e-02 -6.64674e-02 -6.61525e-02
 -6.58095e-02 -6.54391e-02 -6.50422e-02 -6.46195e-02 -6.41716e-02 -6.36993e-02
 -6.32034e-02 -6.26851e-02 -6.21449e-02 -6.15839e-02 -6.10028e-02 -6.04022e-02
 -5.97829e-02 -5.91457e-02 -5.84916e-02 -5.78216e-02 -5.71366e-02 -5.64373e-02
 -5.57240e-02 -5.49973e-02 -5.42578e-02 -5.35070e-02 -5.27457e-02 -5.19749e-02
 -5.11947e-02 -5.04054e-02 -4.96078e-02 -4.88028e-02 -4.79913e-02 -4.71741e-02
 -4.63515e-02 -4.55237e-02 -4.46911e-02 -4.38544e-02 -4.30142e-02 -4.21710e-02
 -4.13253e-02 -4.04773e-02 -3.96276e-02 -3.87767e-02 -3.79250e-02 -3.70729e-02
 -3.62206e-02 -3.53683e-02 -3.45162e-02 -3.36647e-02 -3.28142e-02 -3.19648e-02
 -3.11166e-02 -3.02697e-02 -2.94244e-02 -2.85809e-02 -2.77392e-02 -2.68996e-02
 -2.60619e-02 -2.52262e-02 -2.43927e-02 -2.35613e-02 -2.27321e-02 -2.19048e-02
 -2.10794e-02 -2.02558e-02 -1.94340e-02 -1.86141e-02 -1.77961e-02 -1.69799e-02
 -1.61656e-02 -1.53531e-02 -1.45422e-02 -1.37327e-02 -1.29246e-02 -1.21176e-02
 -1.13116e-02 -1.05067e-02 -9.70277e-03 -8.89982e-03 -8.09781e-03 -7.29665e-03
 -6.49622e-03 -5.69628e-03 -4.89663e-03 -4.09715e-03 -3.29790e-03 -2.49897e-03
 -1.70032e-03 -9.01758e-04 -1.03072e-04  6.95761e-04  1.49458e-03  2.29319e-03
  3.09149e-03  3.88950e-03  4.68720e-03  5.48453e-03  6.28143e-03  7.07789e-03
  7.87389e-03  8.66934e-03  9.46401e-03  1.02576e-02  1.10498e-02  1.18403e-02
  1.26292e-02  1.34161e-02  1.42011e-02  1.49835e-02  1.57630e-02  1.65394e-02
  1.73123e-02  1.80818e-02  1.88475e-02  1.96090e-02  2.03656e-02  2.11169e-02
  2.18624e-02  2.26018e-02  2.33350e-02  2.40613e-02  2.47806e-02  2.54922e-02
  2.61956e-02  2.68905e-02  2.75761e-02  2.82519e-02  2.89176e-02  2.95728e-02
  3.02172e-02  3.08503e-02  3.14713e-02  3.20797e-02  3.26748e-02  3.32564e-02
  3.38242e-02  3.43777e-02  3.49163e-02  3.54393e-02  3.59462e-02  3.64369e-02
  3.69112e-02  3.73687e-02  3.78089e-02  3.82312e-02  3.86353e-02  3.90208e-02
  3.93874e-02  3.97349e-02  4.00628e-02  4.03708e-02  4.06587e-02  4.09263e-02
  4.11734e-02  4.13997e-02  4.16053e-02  4.17898e-02  4.19533e-02  4.20955e-02
  4.22164e-02  4.23160e-02  4.23945e-02  4.24515e-02  4.24872e-02  4.25015e-02
  4.24948e-02  4.24671e-02  4.24186e-02  4.23494e-02  4.22597e-02  4.21498e-02
  4.20198e-02  4.18702e-02  4.17012e-02  4.15131e-02  4.13065e-02  4.10816e-02
  4.08388e-02  4.05783e-02  4.03006e-02  4.00064e-02  3.96966e-02  3.93717e-02
  3.90320e-02  3.86778e-02  3.83094e-02  3.79277e-02  3.75334e-02  3.71273e-02
  3.67098e-02  3.62816e-02  3.58433e-02  3.53956e-02  3.49392e-02  3.44747e-02
  3.40028e-02  3.35242e-02  3.30397e-02  3.25502e-02  3.20562e-02  3.15585e-02
  3.10575e-02  3.05540e-02  3.00488e-02  2.95427e-02  2.90364e-02  2.85306e-02
  2.80258e-02  2.75228e-02  2.70221e-02  2.65245e-02  2.60307e-02  2.55414e-02
  2.50570e-02  2.45779e-02  2.41049e-02  2.36387e-02  2.31797e-02  2.27285e-02
  2.22854e-02  2.18509e-02  2.14254e-02  2.10096e-02  2.06040e-02  2.02088e-02
  1.98245e-02  1.94515e-02  1.90900e-02  1.87406e-02  1.84033e-02  1.80783e-02
  1.77657e-02  1.74657e-02  1.71784e-02  1.69041e-02  1.66430e-02  1.63952e-02
  1.61608e-02  1.59397e-02  1.57322e-02  1.55382e-02  1.53578e-02  1.51908e-02
  1.50370e-02  1.48964e-02  1.47688e-02  1.46541e-02  1.45524e-02  1.44633e-02
  1.43866e-02  1.43221e-02  1.42696e-02  1.42288e-02  1.41993e-02  1.41811e-02
  1.41739e-02  1.41772e-02  1.41905e-02  1.42134e-02  1.42454e-02  1.42862e-02
  1.43355e-02  1.43931e-02  1.44582e-02  1.45303e-02  1.46090e-02  1.46939e-02
  1.47845e-02  1.48802e-02  1.49806e-02  1.50849e-02  1.51927e-02  1.53034e-02
  1.54166e-02  1.55316e-02  1.56479e-02  1.57648e-02  1.58819e-02  1.59985e-02
  1.61142e-02  1.62284e-02  1.63406e-02  1.64498e-02  1.65555e-02  1.66568e-02
  1.67534e-02  1.68447e-02  1.69302e-02  1.70093e-02  1.70811e-02  1.71452e-02
  1.72009e-02  1.72479e-02  1.72854e-02  1.73129e-02  1.73296e-02  1.73350e-02
  1.73285e-02  1.73096e-02  1.72778e-02  1.72325e-02  1.71733e-02  1.70997e-02
  1.70110e-02  1.69068e-02  1.67865e-02  1.66498e-02  1.64963e-02  1.63254e-02
  1.61368e-02  1.59298e-02  1.57040e-02  1.54591e-02  1.51949e-02  1.49110e-02
  1.46070e-02  1.42826e-02  1.39375e-02  1.35715e-02  1.31846e-02  1.27767e-02
  1.23474e-02  1.18964e-02  1.14234e-02  1.09286e-02  1.04117e-02  9.87255e-03
  9.31108e-03  8.72727e-03  8.12130e-03  7.49336e-03  6.84361e-03  6.17201e-03
  5.47845e-03  4.76302e-03  4.02592e-03  3.26752e-03  2.48825e-03  1.68840e-03
  8.68222e-04  2.79769e-05 -8.32079e-04 -1.71169e-03 -2.61056e-03 -3.52825e-03
 -4.46418e-03 -5.41770e-03 -6.38820e-03 -7.37511e-03 -8.37789e-03 -9.39595e-03
 -1.04287e-02 -1.14755e-02 -1.25360e-02 -1.36093e-02 -1.46947e-02 -1.57911e-02
 -1.68978e-02 -1.80142e-02 -1.91395e-02 -2.02731e-02 -2.14138e-02 -2.25608e-02
 -2.37131e-02 -2.48699e-02 -2.60303e-02 -2.71936e-02 -2.83587e-02 -2.95247e-02
 -3.06906e-02 -3.18553e-02 -3.30176e-02 -3.41768e-02 -3.53318e-02 -3.64819e-02
 -3.76260e-02 -3.87629e-02 -3.98915e-02 -4.10108e-02 -4.21200e-02 -4.32181e-02
 -4.43042e-02 -4.53773e-02 -4.64363e-02 -4.74801e-02 -4.85077e-02 -4.95184e-02
 -5.05111e-02 -5.14849e-02 -5.24387e-02 -5.33715e-02 -5.42826e-02 -5.51711e-02
 -5.60361e-02 -5.68767e-02 -5.76920e-02 -5.84813e-02 -5.92437e-02 -5.99784e-02
 -6.06847e-02 -6.13618e-02 -6.20090e-02 -6.26257e-02 -6.32112e-02 -6.37649e-02
 -6.42861e-02 -6.47744e-02 -6.52290e-02 -6.56495e-02 -6.60353e-02 -6.63859e-02
 -6.67009e-02 -6.69799e-02 -6.72226e-02 -6.74283e-02 -6.75969e-02 -6.77279e-02
 -6.78214e-02 -6.78771e-02 -6.78949e-02 -6.78744e-02 -6.78154e-02 -6.77178e-02
 -6.75816e-02 -6.74069e-02 -6.71935e-02 -6.69414e-02 -6.66507e-02 -6.63215e-02
 -6.59539e-02 -6.55481e-02 -6.51043e-02 -6.46225e-02 -6.41029e-02 -6.35459e-02
 -6.29521e-02 -6.23218e-02 -6.16553e-02 -6.09529e-02 -6.02150e-02 -5.94421e-02
 -5.86349e-02 -5.77937e-02 -5.69191e-02 -5.60116e-02 -5.50720e-02 -5.41011e-02
 -5.30995e-02 -5.20678e-02 -5.10068e-02 -4.99174e-02 -4.88004e-02 -4.76564e-02
 -4.64860e-02 -4.52900e-02 -4.40695e-02 -4.28256e-02 -4.15593e-02 -4.02714e-02
 -3.89629e-02 -3.76346e-02 -3.62880e-02 -3.49241e-02 -3.35440e-02 -3.21487e-02
 -3.07391e-02 -2.93162e-02 -2.78814e-02 -2.64360e-02 -2.49810e-02 -2.35177e-02
 -2.20470e-02 -2.05702e-02 -1.90887e-02 -1.76037e-02 -1.61163e-02 -1.46276e-02
 -1.31388e-02 -1.16512e-02 -1.01662e-02 -8.68507e-03 -7.20900e-03 -5.73911e-03
 -4.27659e-03 -2.82274e-03 -1.37887e-03  5.38358e-05  1.47429e-03  2.88135e-03
  4.27374e-03  5.65016e-03  7.00942e-03  8.35055e-03  9.67261e-03  1.09746e-02
  1.22554e-02  1.35138e-02  1.47489e-02  1.59595e-02  1.71447e-02  1.83034e-02
  1.94347e-02  2.05378e-02  2.16119e-02  2.26565e-02  2.36708e-02  2.46539e-02
  2.56051e-02  2.65234e-02  2.74084e-02  2.82593e-02  2.90758e-02  2.98573e-02
  3.06034e-02  3.13134e-02  3.19869e-02  3.26236e-02  3.32232e-02  3.37854e-02
  3.43099e-02  3.47967e-02  3.52454e-02  3.56560e-02  3.60286e-02  3.63629e-02
  3.66590e-02  3.69169e-02  3.71366e-02  3.73181e-02  3.74617e-02  3.75676e-02
  3.76362e-02  3.76677e-02  3.76626e-02  3.76211e-02  3.75434e-02  3.74299e-02
  3.72809e-02  3.70972e-02  3.68791e-02  3.66273e-02  3.63421e-02  3.60242e-02
  3.56742e-02  3.52927e-02  3.48807e-02  3.44385e-02  3.39670e-02  3.34669e-02
  3.29389e-02  3.23839e-02  3.18025e-02  3.11953e-02  3.05633e-02  2.99072e-02
  2.92279e-02  2.85264e-02  2.78033e-02  2.70593e-02  2.62952e-02  2.55121e-02
  2.47109e-02  2.38925e-02  2.30579e-02  2.22076e-02  2.13427e-02  2.04639e-02
  1.95721e-02  1.86682e-02  1.77528e-02  1.68266e-02  1.58904e-02  1.49454e-02
  1.39923e-02  1.30322e-02  1.20656e-02  1.10934e-02  1.01161e-02  9.13469e-03
  8.15003e-03  7.16296e-03  6.17421e-03  5.18444e-03  4.19427e-03  3.20430e-03
  2.21523e-03  1.22777e-03  2.42749e-04 -7.39079e-04 -1.71704e-03 -2.69053e-03
 -3.65902e-03 -4.62192e-03 -5.57854e-03 -6.52823e-03 -7.47036e-03 -8.40433e-03
 -9.32959e-03 -1.02457e-02 -1.11521e-02 -1.20484e-02 -1.29339e-02 -1.38081e-02
 -1.46703e-02 -1.55200e-02 -1.63568e-02 -1.71802e-02 -1.79898e-02 -1.87851e-02
 -1.95656e-02 -2.03309e-02 -2.10806e-02 -2.18144e-02 -2.25318e-02 -2.32324e-02
 -2.39158e-02 -2.45815e-02 -2.52291e-02 -2.58584e-02 -2.64692e-02 -2.70612e-02
 -2.76339e-02 -2.81869e-02 -2.87199e-02 -2.92328e-02 -2.97255e-02 -3.01976e-02
 -3.06485e-02 -3.10780e-02 -3.14859e-02 -3.18723e-02 -3.22370e-02 -3.25799e-02
 -3.29007e-02 -3.31990e-02 -3.34750e-02 -3.37287e-02 -3.39597e-02 -3.41680e-02
 -3.43536e-02 -3.45166e-02 -3.46572e-02 -3.47754e-02 -3.48710e-02 -3.49439e-02
 -3.49942e-02 -3.50221e-02 -3.50280e-02 -3.50116e-02 -3.49730e-02 -3.49123e-02
 -3.48300e-02 -3.47264e-02 -3.46019e-02 -3.44566e-02 -3.42906e-02 -3.41042e-02
 -3.38976e-02 -3.36714e-02 -3.34259e-02 -3.31614e-02 -3.28782e-02 -3.25767e-02
 -3.22573e-02 -3.19205e-02 -3.15668e-02 -3.11966e-02 -3.08105e-02 -3.04087e-02
 -2.99919e-02 -2.95607e-02 -2.91155e-02 -2.86570e-02 -2.81857e-02 -2.77019e-02
 -2.72063e-02 -2.66994e-02 -2.61820e-02 -2.56545e-02 -2.51177e-02 -2.45721e-02
 -2.40183e-02 -2.34570e-02 -2.28887e-02 -2.23140e-02 -2.17335e-02 -2.11477e-02
 -2.05572e-02 -1.99629e-02 -1.93653e-02 -1.87649e-02 -1.81625e-02 -1.75583e-02
 -1.69532e-02 -1.63477e-02 -1.57425e-02 -1.51379e-02 -1.45344e-02 -1.39325e-02
 -1.33327e-02 -1.27358e-02 -1.21422e-02 -1.15524e-02 -1.09668e-02 -1.03861e-02
 -9.81062e-03 -9.24087e-03 -8.67712e-03 -8.11963e-03 -7.56878e-03 -7.02511e-03
 -6.48915e-03 -5.96131e-03 -5.44174e-03 -4.93053e-03 -4.42795e-03 -3.93443e-03
 -3.45043e-03 -2.97622e-03 -2.51192e-03 -2.05758e-03 -1.61340e-03 -1.17963e-03
 -7.56523e-04 -3.44215e-04  5.72465e-05  4.47758e-04  8.27244e-04  1.19564e-03
  1.55290e-03  1.89903e-03  2.23392e-03  2.55748e-03  2.86964e-03  3.17045e-03
  3.46002e-03  3.73845e-03  4.00576e-03  4.26197e-03  4.50710e-03  4.74129e-03
  4.96469e-03  5.17750e-03  5.37990e-03  5.57196e-03  5.75378e-03  5.92550e-03
  6.08731e-03  6.23948e-03  6.38217e-03  6.51557e-03  6.63986e-03  6.75527e-03
  6.86217e-03  6.96089e-03  7.05173e-03  7.13484e-03  7.21041e-03  7.27872e-03
  7.34012e-03  7.39498e-03  7.44357e-03  7.48606e-03  7.52269e-03  7.55376e-03
  7.57966e-03  7.60081e-03  7.61755e-03  7.63019e-03  7.63905e-03  7.64451e-03
  7.64699e-03  7.64689e-03  7.64451e-03  7.64010e-03  7.63389e-03  7.62616e-03
  7.61730e-03  7.60777e-03  7.59797e-03  7.58824e-03  7.57886e-03  7.57013e-03
  7.56245e-03  7.55627e-03  7.55203e-03  7.55007e-03  7.55066e-03  7.55398e-03
  7.56029e-03  7.56984e-03  7.58294e-03  7.59988e-03  7.62099e-03  7.64667e-03
  7.67734e-03  7.71328e-03  7.75466e-03  7.80158e-03  7.85422e-03  7.91288e-03
  7.97789e-03  8.04945e-03  8.12772e-03  8.21283e-03  8.30497e-03  8.40435e-03
  8.51109e-03  8.62528e-03  8.74702e-03  8.87643e-03  9.01364e-03  9.15871e-03
  9.31170e-03  9.47265e-03  9.64160e-03  9.81857e-03  1.00035e-02  1.01964e-02
  1.03972e-02  1.06059e-02  1.08224e-02  1.10466e-02  1.12786e-02  1.15180e-02
  1.17648e-02  1.20186e-02  1.22793e-02  1.25468e-02  1.28210e-02  1.31018e-02
  1.33889e-02  1.36821e-02  1.39807e-02  1.42846e-02  1.45935e-02  1.49073e-02
  1.52259e-02  1.55487e-02  1.58754e-02  1.62055e-02  1.65386e-02  1.68746e-02
  1.72130e-02  1.75534e-02  1.78954e-02  1.82384e-02  1.85822e-02  1.89266e-02
  1.92712e-02  1.96154e-02  1.99586e-02  2.03002e-02  2.06399e-02  2.09774e-02
  2.13123e-02  2.16442e-02  2.19728e-02  2.22974e-02  2.26175e-02  2.29327e-02
  2.32426e-02  2.35469e-02  2.38453e-02  2.41371e-02  2.44220e-02  2.46998e-02
  2.49699e-02  2.52322e-02  2.54861e-02  2.57312e-02  2.59671e-02  2.61934e-02
  2.64099e-02  2.66163e-02  2.68123e-02  2.69977e-02  2.71721e-02  2.73352e-02
  2.74868e-02  2.76267e-02  2.77546e-02  2.78705e-02  2.79742e-02  2.80655e-02
  2.81444e-02  2.82104e-02  2.82634e-02  2.83033e-02  2.83301e-02  2.83439e-02
  2.83448e-02  2.83327e-02  2.83073e-02  2.82686e-02  2.82166e-02  2.81516e-02
  2.80737e-02  2.79829e-02  2.78792e-02  2.77625e-02  2.76332e-02  2.74914e-02
  2.73373e-02  2.71710e-02  2.69927e-02  2.68024e-02  2.66004e-02  2.63868e-02
  2.61620e-02  2.59262e-02  2.56797e-02  2.54229e-02  2.51559e-02  2.48789e-02
  2.45923e-02  2.42966e-02  2.39919e-02  2.36787e-02  2.33572e-02  2.30278e-02
  2.26908e-02  2.23466e-02  2.19956e-02  2.16382e-02  2.12748e-02  2.09059e-02
  2.05317e-02  2.01526e-02  1.97688e-02  1.93809e-02  1.89893e-02  1.85945e-02
  1.81967e-02  1.77964e-02  1.73939e-02  1.69895e-02  1.65839e-02  1.61774e-02
  1.57704e-02  1.53633e-02  1.49564e-02  1.45503e-02  1.41452e-02  1.37415e-02
  1.33396e-02  1.29400e-02  1.25431e-02  1.21492e-02  1.17588e-02  1.13720e-02
  1.09893e-02  1.06111e-02  1.02377e-02  9.86933e-03  9.50640e-03  9.14923e-03
  8.79822e-03  8.45370e-03  8.11601e-03  7.78544e-03  7.46233e-03  7.14697e-03
  6.83957e-03  6.54032e-03  6.24942e-03  5.96726e-03  5.69426e-03  5.43072e-03
  5.17677e-03  4.93240e-03  4.69771e-03  4.47300e-03  4.25860e-03  4.05480e-03
  3.86173e-03  3.67948e-03  3.50831e-03  3.34845e-03  3.20010e-03  3.06327e-03
  2.93790e-03  2.82401e-03  2.72176e-03  2.63133e-03  2.55283e-03  2.48622e-03
  2.43142e-03  2.38841e-03  2.35730e-03  2.33817e-03  2.33112e-03  2.33609e-03
  2.35294e-03  2.38147e-03  2.42160e-03  2.47335e-03  2.53675e-03  2.61178e-03
  2.69824e-03  2.79586e-03  2.90436e-03  3.02353e-03  3.15323e-03  3.29327e-03
  3.44341e-03  3.60346e-03  3.77320e-03  3.95245e-03  4.14089e-03  4.33818e-03
  4.54394e-03  4.75788e-03  4.97968e-03  5.20896e-03  5.44528e-03  5.68824e-03
  5.93754e-03  6.19287e-03  6.45385e-03  6.71991e-03  6.99049e-03  7.26513e-03
  7.54343e-03  7.82491e-03  8.10906e-03  8.39537e-03  8.68346e-03  8.97296e-03
  9.26335e-03  9.55392e-03  9.84396e-03  1.01330e-02  1.04206e-02  1.07065e-02
  1.09900e-02  1.12704e-02  1.15469e-02  1.18192e-02  1.20867e-02  1.23492e-02
  1.26060e-02  1.28563e-02  1.30996e-02  1.33354e-02  1.35632e-02  1.37826e-02
  1.39931e-02  1.41940e-02  1.43847e-02  1.45650e-02  1.47343e-02  1.48922e-02
  1.50382e-02  1.51719e-02  1.52927e-02  1.54003e-02  1.54943e-02  1.55743e-02
  1.56401e-02  1.56912e-02  1.57274e-02  1.57483e-02  1.57535e-02  1.57428e-02
  1.57158e-02  1.56726e-02  1.56128e-02  1.55363e-02  1.54429e-02  1.53323e-02
  1.52045e-02  1.50594e-02  1.48969e-02  1.47170e-02  1.45196e-02  1.43047e-02
  1.40724e-02  1.38227e-02  1.35557e-02  1.32715e-02  1.29703e-02  1.26520e-02
  1.23170e-02  1.19654e-02  1.15975e-02  1.12136e-02  1.08139e-02  1.03986e-02
  9.96792e-03  9.52221e-03  9.06181e-03  8.58714e-03  8.09861e-03  7.59667e-03
  7.08173e-03  6.55427e-03  6.01470e-03  5.46342e-03  4.90090e-03  4.32770e-03
  3.74442e-03  3.15162e-03  2.54976e-03  1.93931e-03  1.32086e-03  6.95126e-04
  6.27711e-05 -5.75656e-04 -1.21968e-03 -1.86874e-03 -2.52215e-03 -3.17914e-03
 -3.83909e-03 -4.50142e-03 -5.16558e-03 -5.83091e-03 -6.49668e-03 -7.16218e-03
 -7.82677e-03 -8.48987e-03 -9.15088e-03 -9.80923e-03 -1.04643e-02 -1.11153e-02
 -1.17618e-02 -1.24031e-02 -1.30387e-02 -1.36680e-02 -1.42904e-02 -1.49052e-02
 -1.55117e-02 -1.61095e-02 -1.66981e-02 -1.72770e-02 -1.78457e-02 -1.84038e-02
 -1.89507e-02 -1.94860e-02 -2.00091e-02 -2.05197e-02 -2.10174e-02 -2.15016e-02
 -2.19720e-02 -2.24283e-02 -2.28702e-02 -2.32974e-02 -2.37096e-02 -2.41063e-02
 -2.44873e-02 -2.48525e-02 -2.52016e-02 -2.55345e-02 -2.58509e-02 -2.61506e-02
 -2.64335e-02 -2.66993e-02 -2.69482e-02 -2.71800e-02 -2.73946e-02 -2.75919e-02
 -2.77718e-02 -2.79343e-02 -2.80794e-02 -2.82071e-02 -2.83177e-02 -2.84111e-02
 -2.84875e-02 -2.85470e-02 -2.85896e-02 -2.86154e-02 -2.86245e-02 -2.86171e-02
 -2.85933e-02 -2.85535e-02 -2.84977e-02 -2.84262e-02 -2.83392e-02 -2.82371e-02
 -2.81201e-02 -2.79885e-02 -2.78425e-02 -2.76823e-02 -2.75082e-02 -2.73206e-02
 -2.71197e-02 -2.69061e-02 -2.66799e-02 -2.64417e-02 -2.61917e-02 -2.59302e-02
 -2.56577e-02 -2.53746e-02 -2.50812e-02 -2.47779e-02 -2.44648e-02 -2.41426e-02
 -2.38115e-02 -2.34720e-02 -2.31246e-02 -2.27695e-02 -2.24070e-02 -2.20375e-02
 -2.16615e-02 -2.12795e-02 -2.08918e-02 -2.04989e-02 -2.01011e-02 -1.96988e-02
 -1.92924e-02 -1.88823e-02 -1.84687e-02 -1.80520e-02 -1.76327e-02 -1.72111e-02
 -1.67875e-02 -1.63621e-02 -1.59354e-02 -1.55077e-02 -1.50794e-02 -1.46507e-02
 -1.42220e-02 -1.37935e-02 -1.33655e-02 -1.29384e-02 -1.25126e-02 -1.20882e-02
 -1.16653e-02 -1.12443e-02 -1.08254e-02 -1.04089e-02 -9.99513e-03 -9.58421e-03
 -9.17633e-03 -8.77152e-03 -8.36990e-03 -7.97171e-03 -7.57716e-03 -7.18649e-03
 -6.79983e-03 -6.41726e-03 -6.03884e-03 -5.66473e-03 -5.29511e-03 -4.93019e-03
 -4.57000e-03 -4.21448e-03 -3.86352e-03 -3.51714e-03 -3.17540e-03 -2.83857e-03
 -2.50676e-03 -2.17992e-03 -1.85788e-03 -1.54047e-03 -1.22765e-03 -9.19566e-04
 -6.16329e-04 -3.17885e-04 -2.39462e-05  2.65703e-04  5.51160e-04  8.32353e-04
  1.10919e-03  1.38176e-03  1.65020e-03  1.91472e-03  2.17546e-03  2.43257e-03
  2.68617e-03  2.93638e-03  3.18333e-03  3.42718e-03  3.66808e-03  3.90619e-03
  4.14166e-03  4.37463e-03  4.60523e-03  4.83369e-03  5.06026e-03  5.28514e-03
  5.50847e-03  5.73034e-03  5.95090e-03  6.17040e-03  6.38910e-03  6.60724e-03
  6.82497e-03  7.04237e-03  7.25955e-03  7.47666e-03  7.69390e-03  7.91152e-03
  8.12975e-03  8.34874e-03  8.56856e-03  8.78929e-03  9.01111e-03  9.23429e-03
  9.45908e-03  9.68559e-03  9.91382e-03  1.01438e-02  1.03756e-02  1.06097e-02
  1.08461e-02  1.10848e-02  1.13258e-02  1.15692e-02  1.18151e-02  1.20637e-02
  1.23153e-02  1.25695e-02  1.28264e-02  1.30861e-02  1.33487e-02  1.36145e-02
  1.38833e-02  1.41550e-02  1.44294e-02  1.47065e-02  1.49863e-02  1.52691e-02
  1.55547e-02  1.58430e-02  1.61339e-02  1.64274e-02  1.67235e-02  1.70221e-02
  1.73229e-02  1.76259e-02  1.79308e-02  1.82376e-02  1.85463e-02  1.88567e-02
  1.91688e-02  1.94822e-02  1.97966e-02  2.01119e-02  2.04279e-02  2.07442e-02
  2.10608e-02  2.13775e-02  2.16941e-02  2.20104e-02  2.23261e-02  2.26410e-02
  2.29547e-02  2.32670e-02  2.35775e-02  2.38859e-02  2.41920e-02  2.44954e-02
  2.47960e-02  2.50935e-02  2.53876e-02  2.56778e-02  2.59638e-02  2.62454e-02
  2.65223e-02  2.67941e-02  2.70604e-02  2.73209e-02  2.75752e-02  2.78231e-02
  2.80642e-02  2.82980e-02  2.85243e-02  2.87427e-02  2.89531e-02  2.91549e-02
  2.93479e-02  2.95316e-02  2.97059e-02  2.98702e-02  3.00244e-02  3.01682e-02
  3.03012e-02  3.04232e-02  3.05338e-02  3.06325e-02  3.07193e-02  3.07937e-02
  3.08556e-02  3.09048e-02  3.09411e-02  3.09642e-02  3.09740e-02  3.09702e-02
  3.09524e-02  3.09205e-02  3.08741e-02  3.08134e-02  3.07380e-02  3.06478e-02
  3.05427e-02  3.04224e-02  3.02869e-02  3.01364e-02  2.99707e-02  2.97896e-02
  2.95931e-02  2.93813e-02  2.91541e-02  2.89116e-02  2.86538e-02  2.83806e-02
  2.80920e-02  2.77880e-02  2.74686e-02  2.71341e-02  2.67846e-02  2.64203e-02
  2.60415e-02  2.56482e-02  2.52406e-02  2.48189e-02  2.43833e-02  2.39340e-02
  2.34710e-02  2.29948e-02  2.25056e-02  2.20037e-02  2.14895e-02  2.09631e-02
  2.04250e-02  1.98755e-02  1.93150e-02  1.87439e-02  1.81626e-02  1.75715e-02
  1.69709e-02  1.63611e-02  1.57426e-02  1.51157e-02  1.44810e-02  1.38390e-02
  1.31902e-02  1.25349e-02  1.18735e-02  1.12065e-02  1.05345e-02  9.85805e-03
  9.17758e-03  8.49356e-03  7.80642e-03  7.11661e-03  6.42464e-03  5.73104e-03
  5.03630e-03  4.34091e-03  3.64528e-03  2.94993e-03  2.25539e-03  1.56226e-03
  8.71018e-04  1.82018e-04 -5.04376e-04 -1.18773e-03 -1.86746e-03 -2.54303e-03
 -3.21395e-03 -3.87990e-03 -4.54057e-03 -5.19556e-03 -5.84443e-03 -6.48665e-03
 -7.12180e-03 -7.74958e-03 -8.36975e-03 -8.98201e-03 -9.58593e-03 -1.01811e-02
 -1.07671e-02 -1.13438e-02 -1.19110e-02 -1.24686e-02 -1.30162e-02 -1.35536e-02
 -1.40805e-02 -1.45966e-02 -1.51019e-02 -1.55961e-02 -1.60791e-02 -1.65507e-02
 -1.70108e-02 -1.74594e-02 -1.78963e-02 -1.83214e-02 -1.87348e-02 -1.91364e-02
 -1.95261e-02 -1.99040e-02 -2.02700e-02 -2.06241e-02 -2.09665e-02 -2.12971e-02
 -2.16161e-02 -2.19234e-02 -2.22191e-02 -2.25032e-02 -2.27758e-02 -2.30372e-02
 -2.32875e-02 -2.35270e-02 -2.37559e-02 -2.39742e-02 -2.41819e-02 -2.43791e-02
 -2.45661e-02 -2.47431e-02 -2.49105e-02 -2.50685e-02 -2.52171e-02 -2.53566e-02
 -2.54873e-02 -2.56093e-02 -2.57229e-02 -2.58283e-02 -2.59257e-02 -2.60156e-02
 -2.60980e-02 -2.61731e-02 -2.62412e-02 -2.63025e-02 -2.63575e-02 -2.64062e-02
 -2.64489e-02 -2.64857e-02 -2.65168e-02 -2.65426e-02 -2.65633e-02 -2.65791e-02
 -2.65902e-02 -2.65968e-02 -2.65990e-02 -2.65970e-02 -2.65911e-02 -2.65814e-02
 -2.65683e-02 -2.65517e-02 -2.65319e-02 -2.65088e-02 -2.64827e-02 -2.64536e-02
 -2.64218e-02 -2.63874e-02 -2.63504e-02 -2.63111e-02 -2.62696e-02 -2.62259e-02
 -2.61800e-02 -2.61318e-02 -2.60815e-02 -2.60293e-02 -2.59753e-02 -2.59195e-02
 -2.58620e-02 -2.58025e-02 -2.57411e-02 -2.56778e-02 -2.56126e-02 -2.55456e-02
 -2.54768e-02 -2.54062e-02 -2.53336e-02 -2.52591e-02 -2.51827e-02 -2.51045e-02
 -2.50244e-02 -2.49423e-02 -2.48583e-02 -2.47722e-02 -2.46841e-02 -2.45939e-02
 -2.45016e-02 -2.44071e-02 -2.43105e-02 -2.42117e-02 -2.41106e-02 -2.40073e-02
 -2.39018e-02 -2.37939e-02 -2.36838e-02 -2.35713e-02 -2.34565e-02 -2.33394e-02
 -2.32198e-02 -2.30979e-02 -2.29735e-02 -2.28468e-02 -2.27178e-02 -2.25867e-02
 -2.24534e-02 -2.23179e-02 -2.21801e-02 -2.20403e-02 -2.18984e-02 -2.17546e-02
 -2.16088e-02 -2.14611e-02 -2.13116e-02 -2.11605e-02 -2.10077e-02 -2.08535e-02
 -2.06978e-02 -2.05409e-02 -2.03830e-02 -2.02241e-02 -2.00644e-02 -1.99039e-02
 -1.97427e-02 -1.95809e-02 -1.94186e-02 -1.92562e-02 -1.90938e-02 -1.89314e-02
 -1.87691e-02 -1.86072e-02 -1.84458e-02 -1.82851e-02 -1.81253e-02 -1.79666e-02
 -1.78089e-02 -1.76524e-02 -1.74973e-02 -1.73438e-02 -1.71921e-02 -1.70423e-02
 -1.68943e-02 -1.67483e-02 -1.66044e-02 -1.64629e-02 -1.63239e-02 -1.61875e-02
 -1.60537e-02 -1.59226e-02 -1.57942e-02 -1.56686e-02 -1.55458e-02 -1.54259e-02
 -1.53090e-02 -1.51951e-02 -1.50842e-02 -1.49763e-02 -1.48713e-02 -1.47694e-02
 -1.46704e-02 -1.45745e-02 -1.44814e-02 -1.43911e-02 -1.43034e-02 -1.42183e-02
 -1.41357e-02 -1.40555e-02 -1.39775e-02 -1.39017e-02 -1.38279e-02 -1.37560e-02
 -1.36858e-02 -1.36169e-02 -1.35493e-02 -1.34827e-02 -1.34169e-02 -1.33516e-02
 -1.32865e-02 -1.32213e-02 -1.31559e-02 -1.30900e-02 -1.30234e-02 -1.29558e-02
 -1.28868e-02 -1.28161e-02 -1.27434e-02 -1.26684e-02 -1.25907e-02 -1.25100e-02
 -1.24259e-02 -1.23381e-02 -1.22463e-02 -1.21502e-02 -1.20494e-02 -1.19435e-02
 -1.18321e-02 -1.17147e-02 -1.15911e-02 -1.14609e-02 -1.13238e-02 -1.11796e-02
 -1.10278e-02 -1.08683e-02 -1.07006e-02 -1.05243e-02 -1.03391e-02 -1.01445e-02
 -9.94038e-03 -9.72655e-03 -9.50270e-03 -9.26848e-03 -9.02348e-03 -8.76733e-03
 -8.49980e-03 -8.22074e-03 -7.92997e-03 -7.62729e-03 -7.31244e-03 -6.98524e-03
 -6.64550e-03 -6.29311e-03 -5.92788e-03 -5.54962e-03 -5.15817e-03 -4.75341e-03
 -4.33529e-03 -3.90374e-03 -3.45863e-03 -2.99992e-03 -2.52759e-03 -2.04168e-03
 -1.54228e-03 -1.02936e-03 -5.02869e-04  3.71896e-05  5.90764e-04  1.15770e-03
  1.73779e-03  2.33093e-03  2.93703e-03  3.55604e-03  4.18784e-03  4.83220e-03
  5.48886e-03  6.15756e-03  6.83810e-03  7.53027e-03  8.23380e-03  8.94837e-03
  9.67361e-03  1.04092e-02  1.11549e-02  1.19104e-02  1.26755e-02  1.34497e-02
  1.42325e-02  1.50236e-02  1.58224e-02  1.66287e-02  1.74420e-02  1.82620e-02
  1.90880e-02  1.99198e-02  2.07568e-02  2.15985e-02  2.24445e-02  2.32941e-02
  2.41468e-02  2.50021e-02  2.58594e-02  2.67183e-02  2.75780e-02  2.84382e-02
  2.92982e-02  3.01574e-02  3.10153e-02  3.18712e-02  3.27245e-02  3.35746e-02
  3.44211e-02  3.52632e-02  3.61004e-02  3.69321e-02  3.77575e-02  3.85760e-02
  3.93870e-02  4.01898e-02  4.09839e-02  4.17685e-02  4.25431e-02  4.33070e-02
  4.40596e-02  4.48003e-02  4.55285e-02  4.62435e-02  4.69446e-02  4.76310e-02
  4.83023e-02  4.89578e-02  4.95968e-02  5.02189e-02  5.08233e-02  5.14095e-02
  5.19768e-02  5.25247e-02  5.30526e-02  5.35599e-02  5.40460e-02  5.45104e-02
  5.49524e-02  5.53716e-02  5.57675e-02  5.61396e-02  5.64873e-02  5.68101e-02
  5.71074e-02  5.73790e-02  5.76242e-02  5.78428e-02  5.80341e-02  5.81979e-02
  5.83337e-02  5.84413e-02  5.85202e-02  5.85700e-02  5.85905e-02  5.85814e-02
  5.85424e-02  5.84733e-02  5.83736e-02  5.82433e-02  5.80822e-02  5.78900e-02
  5.76667e-02  5.74121e-02  5.71261e-02  5.68087e-02  5.64597e-02  5.60793e-02
  5.56673e-02  5.52238e-02  5.47488e-02  5.42423e-02  5.37044e-02  5.31353e-02
  5.25349e-02  5.19037e-02  5.12417e-02  5.05492e-02  4.98263e-02  4.90733e-02
  4.82905e-02  4.74781e-02  4.66367e-02  4.57666e-02  4.48680e-02  4.39415e-02
  4.29873e-02  4.20059e-02  4.09978e-02  3.99634e-02  3.89034e-02  3.78182e-02
  3.67084e-02  3.55747e-02  3.44175e-02  3.32376e-02  3.20356e-02  3.08120e-02
  2.95676e-02  2.83030e-02  2.70188e-02  2.57158e-02  2.43947e-02  2.30565e-02
  2.17019e-02  2.03316e-02  1.89462e-02  1.75466e-02  1.61336e-02  1.47079e-02
  1.32705e-02  1.18221e-02  1.03637e-02  8.89605e-03  7.41997e-03  5.93633e-03
  4.44598e-03  2.94981e-03  1.44874e-03 -5.63525e-05 -1.56466e-03 -3.07528e-03
 -4.58734e-03 -6.09995e-03 -7.61217e-03 -9.12317e-03 -1.06321e-02 -1.21382e-02
 -1.36405e-02 -1.51380e-02 -1.66298e-02 -1.81152e-02 -1.95933e-02 -2.10633e-02
 -2.25245e-02 -2.39759e-02 -2.54167e-02 -2.68459e-02 -2.82629e-02 -2.96666e-02
 -3.10563e-02 -3.24312e-02 -3.37906e-02 -3.51336e-02 -3.64596e-02 -3.77678e-02
 -3.90575e-02 -4.03280e-02 -4.15785e-02 -4.28083e-02 -4.40166e-02 -4.52027e-02
 -4.63660e-02 -4.75058e-02 -4.86215e-02 -4.97122e-02 -5.07775e-02 -5.18168e-02
 -5.28295e-02 -5.38150e-02 -5.47726e-02 -5.57017e-02 -5.66019e-02 -5.74725e-02
 -5.83131e-02 -5.91231e-02 -5.99021e-02 -6.06497e-02 -6.13652e-02 -6.20484e-02
 -6.26988e-02 -6.33158e-02 -6.38990e-02 -6.44480e-02 -6.49626e-02 -6.54425e-02
 -6.58874e-02 -6.62968e-02 -6.66705e-02 -6.70079e-02 -6.73087e-02 -6.75729e-02
 -6.78002e-02 -6.79903e-02 -6.81430e-02 -6.82582e-02 -6.83356e-02 -6.83752e-02
 -6.83768e-02 -6.83403e-02 -6.82654e-02 -6.81521e-02 -6.80003e-02 -6.78099e-02
 -6.75810e-02 -6.73134e-02 -6.70073e-02 -6.66627e-02 -6.62796e-02 -6.58580e-02
 -6.53979e-02 -6.48994e-02 -6.43626e-02 -6.22268e-02 -5.71423e-02 -4.96377e-02
 -4.04724e-02 -3.05554e-02 -2.08498e-02 -1.22734e-02 -5.60653e-03 -1.41544e-03
  0.00000e+00  0.00000e+00  0.00000e+00  0.00000e+00  0.00000e+00  0.00000e+00
  0.00000e+00  0.00000e+00  0.00000e+00  0.00000e+00  0.00000e+00  0.00000e+00
  0.00000e+00  0.00000e+00  0.00000e+00  0.00000e+00  0.00000e+00  0.00000e+00
  0.00000e+00  0.00000e+00  0.00000e+00  0.00000e+00  0.00000e+00  0.00000e+00
  0.00000e+00  0.00000e+00  0.00000e+00  0.00000e+00  0.00000e+00  0.00000e+00
  0.00000e+00  0.00000e+00  0.00000e+00  0.00000e+00  0.00000e+00  0.00000e+00
  0.00000e+00  0.00000e+00  0.00000e+00  0.00000e+00  0.00000e+00  0.00000e+00
  0.00000e+00  0.00000e+00  0.00000e+00  0.00000e+00  0.00000e+00  0.00000e+00
  0.00000e+00  0.00000e+00  0.00000e+00  0.00000e+00  0.00000e+00  0.00000e+00
  0.00000e+00  0.00000e+00  0.00000e+00  0.00000e+00  0.00000e+00  0.00000e+00
  0.00000e+00  0.00000e+00  0.00000e+00  0.00000e+00  0.00000e+00  0.00000e+00
  0.00000e+00  0.00000e+00  0.00000e+00  0.00000e+00  0.00000e+00  0.00000e+00
  0.00000e+00  0.00000e+00  0.00000e+00  0.00000e+00  0.00000e+00  0.00000e+00
  0.00000e+00  0.00000e+00  0.00000e+00  0.00000e+00  0.00000e+00  0.00000e+00
  0.00000e+00  0.00000e+00  0.00000e+00  0.00000e+00  0.00000e+00  0.00000e+00
  0.00000e+00  0.00000e+00  0.00000e+00  0.00000e+00  0.00000e+00  0.00000e+00
  0.00000e+00  0.00000e+00  0.00000e+00  0.00000e+00  0.00000e+00  0.00000e+00
  0.00000e+00  0.00000e+00  0.00000e+00  0.00000e+00  0.00000e+00  0.00000e+00
  0.00000e+00  0.00000e+00  0.00000e+00  0.00000e+00  0.00000e+00  0.00000e+00
  0.00000e+00  0.00000e+00  0.00000e+00  0.00000e+00  0.00000e+00  0.00000e+00
  0.00000e+00  0.00000e+00  0.00000e+00  0.00000e+00  0.00000e+00  0.00000e+00
  0.00000e+00  0.00000e+00  0.00000e+00  0.00000e+00  0.00000e+00  0.00000e+00
  0.00000e+00  0.00000e+00  0.00000e+00  0.00000e+00  0.00000e+00  0.00000e+00
  0.00000e+00  0.00000e+00  0.00000e+00  0.00000e+00  0.00000e+00  0.00000e+00
  0.00000e+00  0.00000e+00  0.00000e+00  0.00000e+00  0.00000e+00  0.00000e+00
  0.00000e+00  0.00000e+00  0.00000e+00  0.00000e+00  0.00000e+00  0.00000e+00
  0.00000e+00  0.00000e+00  0.00000e+00  0.00000e+00  0.00000e+00  0.00000e+00
  0.00000e+00  0.00000e+00  0.00000e+00  0.00000e+00  0.00000e+00  0.00000e+00
  0.00000e+00  0.00000e+00  0.00000e+00  0.00000e+00  0.00000e+00  0.00000e+00
  0.00000e+00  0.00000e+00  0.00000e+00  0.00000e+00  0.00000e+00  0.00000e+00
  0.00000e+00  0.00000e+00  0.00000e+00  0.00000e+00  0.00000e+00  0.00000e+00
  0.00000e+00  0.00000e+00  0.00000e+00  0.00000e+00  0.00000e+00  0.00000e+00
  0.00000e+00  0.00000e+00  0.00000e+00  0.00000e+00  0.00000e+00  0.00000e+00
  0.00000e+00  0.00000e+00  0.00000e+00  0.00000e+00  0.00000e+00  0.00000e+00
  0.00000e+00  0.00000e+00  0.00000e+00  0.00000e+00  0.00000e+00  0.00000e+00
  0.00000e+00  0.00000e+00  0.00000e+00  0.00000e+00  0.00000e+00  0.00000e+00
  0.00000e+00  0.00000e+00  0.00000e+00  0.00000e+00  0.00000e+00  0.00000e+00
  0.00000e+00  0.00000e+00  0.00000e+00  0.00000e+00  0.00000e+00  0.00000e+00
  0.00000e+00  0.00000e+00  0.00000e+00  0.00000e+00  0.00000e+00  0.00000e+00
  0.00000e+00  0.00000e+00  0.00000e+00  0.00000e+00  0.00000e+00  0.00000e+00
  0.00000e+00  0.00000e+00  0.00000e+00  0.00000e+00  0.00000e+00  0.00000e+00
  0.00000e+00  0.00000e+00  0.00000e+00  0.00000e+00  0.00000e+00  0.00000e+00
  0.00000e+00  0.00000e+00  0.00000e+00  0.00000e+00  0.00000e+00  0.00000e+00
  0.00000e+00  0.00000e+00  0.00000e+00  0.00000e+00  0.00000e+00  0.00000e+00
  0.00000e+00  0.00000e+00  0.00000e+00  0.00000e+00  0.00000e+00  0.00000e+00
  0.00000e+00  0.00000e+00  0.00000e+00  0.00000e+00  0.00000e+00  0.00000e+00
  0.00000e+00  0.00000e+00  0.00000e+00  0.00000e+00  0.00000e+00  0.00000e+00
  0.00000e+00  0.00000e+00  0.00000e+00  0.00000e+00  0.00000e+00  0.00000e+00
  0.00000e+00  0.00000e+00  0.00000e+00  0.00000e+00  0.00000e+00  0.00000e+00
  0.00000e+00  0.00000e+00  0.00000e+00  0.00000e+00  0.00000e+00  0.00000e+00
  0.00000e+00  0.00000e+00  0.00000e+00  0.00000e+00  0.00000e+00  0.00000e+00
  0.00000e+00  0.00000e+00  0.00000e+00  0.00000e+00  0.00000e+00  0.00000e+00
  0.00000e+00  0.00000e+00  0.00000e+00  0.00000e+00  0.00000e+00  0.00000e+00
  0.00000e+00  0.00000e+00  0.00000e+00  0.00000e+00  0.00000e+00  0.00000e+00
  0.00000e+00  0.00000e+00  0.00000e+00  0.00000e+00  0.00000e+00  0.00000e+00
  0.00000e+00  0.00000e+00  0.00000e+00  0.00000e+00  0.00000e+00  0.00000e+00
  0.00000e+00  0.00000e+00  0.00000e+00  0.00000e+00  0.00000e+00  0.00000e+00
  0.00000e+00  0.00000e+00  0.00000e+00  0.00000e+00  0.00000e+00  0.00000e+00
  0.00000e+00  0.00000e+00  0.00000e+00  0.00000e+00  0.00000e+00  0.00000e+00
  0.00000e+00  0.00000e+00  0.00000e+00  0.00000e+00  0.00000e+00  0.00000e+00
  0.00000e+00  0.00000e+00  0.00000e+00  0.00000e+00  0.00000e+00  0.00000e+00
  0.00000e+00  0.00000e+00  0.00000e+00  0.00000e+00  0.00000e+00  0.00000e+00
  0.00000e+00  0.00000e+00  0.00000e+00  0.00000e+00  0.00000e+00  0.00000e+00
  0.00000e+00  0.00000e+00  0.00000e+00  0.00000e+00  0.00000e+00  0.00000e+00
  0.00000e+00  0.00000e+00  0.00000e+00  0.00000e+00  0.00000e+00  0.00000e+00
  0.00000e+00  0.00000e+00  0.00000e+00  0.00000e+00  0.00000e+00  0.00000e+00
  0.00000e+00  0.00000e+00  0.00000e+00  0.00000e+00  0.00000e+00  0.00000e+00
  0.00000e+00  0.00000e+00  0.00000e+00  0.00000e+00  0.00000e+00  0.00000e+00
  0.00000e+00  0.00000e+00  0.00000e+00  0.00000e+00  0.00000e+00  0.00000e+00
  0.00000e+00  0.00000e+00  0.00000e+00  0.00000e+00  0.00000e+00  0.00000e+00
  0.00000e+00  0.00000e+00  0.00000e+00  0.00000e+00  0.00000e+00  0.00000e+00
  0.00000e+00  0.00000e+00  0.00000e+00  0.00000e+00  0.00000e+00  0.00000e+00
  0.00000e+00  0.00000e+00  0.00000e+00  0.00000e+00  0.00000e+00  0.00000e+00
  0.00000e+00  0.00000e+00  0.00000e+00  0.00000e+00  0.00000e+00  0.00000e+00
  0.00000e+00  0.00000e+00  0.00000e+00  0.00000e+00  0.00000e+00  0.00000e+00
  0.00000e+00  0.00000e+00  0.00000e+00  0.00000e+00  0.00000e+00  0.00000e+00
  0.00000e+00  0.00000e+00  0.00000e+00  0.00000e+00  0.00000e+00  0.00000e+00
  0.00000e+00  0.00000e+00  0.00000e+00  0.00000e+00  0.00000e+00  0.00000e+00
  0.00000e+00  0.00000e+00  0.00000e+00  0.00000e+00  0.00000e+00  0.00000e+00
  0.00000e+00  0.00000e+00  0.00000e+00  0.00000e+00  0.00000e+00  0.00000e+00
  0.00000e+00  0.00000e+00  0.00000e+00  0.00000e+00  0.00000e+00  0.00000e+00
  0.00000e+00  0.00000e+00  0.00000e+00  0.00000e+00  0.00000e+00  0.00000e+00
  0.00000e+00  0.00000e+00  0.00000e+00  0.00000e+00  0.00000e+00  0.00000e+00
  0.00000e+00  0.00000e+00  0.00000e+00  0.00000e+00  0.00000e+00  0.00000e+00
  0.00000e+00  0.00000e+00  0.00000e+00  0.00000e+00  0.00000e+00  0.00000e+00
  0.00000e+00  0.00000e+00  0.00000e+00  0.00000e+00  0.00000e+00  0.00000e+00
  0.00000e+00  0.00000e+00  0.00000e+00  0.00000e+00  0.00000e+00  0.00000e+00
  0.00000e+00  0.00000e+00  0.00000e+00  0.00000e+00  0.00000e+00  0.00000e+00
  0.00000e+00  0.00000e+00  0.00000e+00  0.00000e+00  0.00000e+00  0.00000e+00
  0.00000e+00  0.00000e+00  0.00000e+00  0.00000e+00  0.00000e+00  0.00000e+00
  0.00000e+00  0.00000e+00  0.00000e+00  0.00000e+00  0.00000e+00  0.00000e+00
  0.00000e+00  0.00000e+00  0.00000e+00  0.00000e+00  0.00000e+00  0.00000e+00
  0.00000e+00  0.00000e+00  0.00000e+00  0.00000e+00  0.00000e+00  0.00000e+00
  0.00000e+00  0.00000e+00  0.00000e+00  0.00000e+00  0.00000e+00  0.00000e+00
  0.00000e+00  0.00000e+00  0.00000e+00  0.00000e+00  0.00000e+00  0.00000e+00
  0.00000e+00  0.00000e+00  0.00000e+00  0.00000e+00  0.00000e+00  0.00000e+00
  0.00000e+00  0.00000e+00  0.00000e+00  0.00000e+00  0.00000e+00  0.00000e+00
  0.00000e+00  0.00000e+00  0.00000e+00  0.00000e+00  0.00000e+00  0.00000e+00
  0.00000e+00  0.00000e+00  0.00000e+00  0.00000e+00  0.00000e+00  0.00000e+00
  0.00000e+00  0.00000e+00  0.00000e+00  0.00000e+00  0.00000e+00  0.00000e+00
