AZ_TRO     000 TITLE
6000  5.00000e-03 0 0  0.00000e+00  0.00000e+00  0.00000e+00  0.00000e+00
  3.85496e-07  4.41648e-07  5.03227e-07  5.70462e-07  6.43567e-07  7.22739e-07
  8.08155e-07  8.99978e-07  9.98335e-07  1.10334e-06  1.21508e-06  1.33360e-06
  1.45894e-06  1.59108e-06  1.72998e-06  1.87558e-06  2.02776e-06  2.18637e-06
  2.35122e-06  2.52206e-06  2.69864e-06  2.88065e-06  3.06772e-06  3.25946e-06
  3.45542e-06  3.65511e-06  3.85801e-06  4.06355e-06  4.27111e-06  4.48004e-06
  4.68967e-06  4.89925e-06  5.10801e-06  5.31515e-06  5.51983e-06  5.72120e-06
  5.91835e-06  6.11035e-06  6.29624e-06  6.47503e-06  6.64571e-06  6.80724e-06
  6.95856e-06  7.09859e-06  7.22624e-06  7.34036e-06  7.43983e-06  7.52349e-06
  7.59018e-06  7.63873e-06  7.66795e-06  7.67666e-06  7.66364e-06  7.62769e-06
  7.56759e-06  7.48209e-06  7.36999e-06  7.23003e-06  7.06098e-06  6.86164e-06
  6.63076e-06  6.36713e-06  6.06950e-06  5.73664e-06  5.36732e-06  4.96032e-06
  4.51443e-06  4.02846e-06  3.50118e-06  2.93140e-06  2.31792e-06  1.65959e-06
  9.55279e-07  2.03869e-07 -5.95744e-07 -1.44463e-06 -2.34381e-06 -3.29434e-06
 -4.29711e-06 -5.35310e-06 -6.46318e-06 -7.62815e-06 -8.84880e-06 -1.01259e-05
 -1.14600e-05 -1.28519e-05 -1.43020e-05 -1.58107e-05 -1.73785e-05 -1.90055e-05
 -2.06922e-05 -2.24385e-05 -2.42444e-05 -2.61101e-05 -2.80354e-05 -3.00200e-05
 -3.20636e-05 -3.41656e-05 -3.63255e-05 -3.85427e-05 -4.08164e-05 -4.31456e-05
 -4.55294e-05 -4.79665e-05 -5.04558e-05 -5.29959e-05 -5.55852e-05 -5.82219e-05
 -6.09044e-05 -6.36305e-05 -6.63987e-05 -6.92064e-05 -7.20514e-05 -7.49314e-05
 -7.78439e-05 -8.07863e-05 -8.37558e-05 -8.67495e-05 -8.97646e-05 -9.27978e-05
 -9.58461e-05 -9.89061e-05 -1.01974e-04 -1.05047e-04 -1.08121e-04 -1.11193e-04
 -1.14258e-04 -1.17312e-04 -1.20353e-04 -1.23374e-04 -1.26373e-04 -1.29345e-04
 -1.32286e-04 -1.35191e-04 -1.38055e-04 -1.40876e-04 -1.43647e-04 -1.46364e-04
 -1.49022e-04 -1.51618e-04 -1.54145e-04 -1.56600e-04 -1.58978e-04 -1.61274e-04
 -1.63483e-04 -1.65601e-04 -1.67622e-04 -1.69543e-04 -1.71358e-04 -1.73063e-04
 -1.74653e-04 -1.76123e-04 -1.77468e-04 -1.78685e-04 -1.79768e-04 -1.80714e-04
 -1.81516e-04 -1.82172e-04 -1.82677e-04 -1.83028e-04 -1.83220e-04 -1.83249e-04
 -1.83112e-04 -1.82804e-04 -1.82321e-04 -1.81661e-04 -1.80821e-04 -1.79796e-04
 -1.78585e-04 -1.77184e-04 -1.75590e-04 -1.73802e-04 -1.71816e-04 -1.69630e-04
 -1.67242e-04 -1.64650e-04 -1.61853e-04 -1.58849e-04 -1.55636e-04 -1.52213e-04
 -1.48578e-04 -1.44729e-04 -1.40666e-04 -1.36387e-04 -1.31892e-04 -1.27178e-04
 -1.22246e-04 -1.17094e-04 -1.11722e-04 -1.06128e-04 -1.00312e-04 -9.42731e-05
 -8.80114e-05 -8.15258e-05 -7.48161e-05 -6.78818e-05 -6.07225e-05 -5.33383e-05
 -4.57294e-05 -3.78957e-05 -2.98383e-05 -2.15570e-05 -1.30524e-05 -4.32564e-06
  4.62250e-06  1.37903e-05  2.31758e-05  3.27778e-05  4.25939e-05  5.26224e-05
  6.28608e-05  7.33059e-05  8.39542e-05  9.48025e-05  1.05846e-04  1.17081e-04
  1.28503e-04  1.40105e-04  1.51883e-04  1.63831e-04  1.75941e-04  1.88207e-04
  2.00622e-04  2.13178e-04  2.25865e-04  2.38678e-04  2.51606e-04  2.64639e-04
  2.77767e-04  2.90979e-04  3.04263e-04  3.17607e-04  3.30999e-04  3.44428e-04
  3.57881e-04  3.71345e-04  3.84805e-04  3.98251e-04  4.11666e-04  4.25035e-04
  4.38344e-04  4.51575e-04  4.64713e-04  4.77743e-04  4.90649e-04  5.03414e-04
  5.16023e-04  5.28457e-04  5.40700e-04  5.52733e-04  5.64540e-04  5.76103e-04
  5.87403e-04  5.98423e-04  6.09145e-04  6.19552e-04  6.29625e-04  6.39348e-04
  6.48698e-04  6.57660e-04  6.66211e-04  6.74336e-04  6.82016e-04  6.89236e-04
  6.95975e-04  7.02218e-04  7.07947e-04  7.13142e-04  7.17785e-04  7.21858e-04
  7.25341e-04  7.28218e-04  7.30470e-04  7.32078e-04  7.33025e-04  7.33296e-04
  7.32875e-04  7.31745e-04  7.29888e-04  7.27287e-04  7.23925e-04  7.19786e-04
  7.14854e-04  7.09116e-04  7.02557e-04  6.95161e-04  6.86914e-04  6.77801e-04
  6.67810e-04  6.56927e-04  6.45142e-04  6.32442e-04  6.18816e-04  6.04254e-04
  5.88746e-04  5.72283e-04  5.54859e-04  5.36466e-04  5.17097e-04  4.96747e-04
  4.75412e-04  4.53090e-04  4.29775e-04  4.05467e-04  3.80162e-04  3.53862e-04
  3.26567e-04  2.98281e-04  2.69004e-04  2.38743e-04  2.07505e-04  1.75294e-04
  1.42124e-04  1.08005e-04  7.29486e-05  3.69656e-05  7.21775e-08 -3.77190e-05
 -7.63959e-05 -1.15943e-04 -1.56340e-04 -1.97567e-04 -2.39601e-04 -2.82418e-04
 -3.25993e-04 -3.70296e-04 -4.15304e-04 -4.60990e-04 -5.07320e-04 -5.54267e-04
 -6.01794e-04 -6.49868e-04 -6.98454e-04 -7.47518e-04 -7.97021e-04 -8.46928e-04
 -8.97199e-04 -9.47791e-04 -9.98658e-04 -1.04976e-03 -1.10104e-03 -1.15246e-03
 -1.20396e-03 -1.25551e-03 -1.30705e-03 -1.35853e-03 -1.40989e-03 -1.46108e-03
 -1.51205e-03 -1.56272e-03 -1.61305e-03 -1.66297e-03 -1.71243e-03 -1.76137e-03
 -1.80973e-03 -1.85744e-03 -1.90444e-03 -1.95066e-03 -1.99604e-03 -2.04052e-03
 -2.08402e-03 -2.12649e-03 -2.16785e-03 -2.20802e-03 -2.24694e-03 -2.28453e-03
 -2.32073e-03 -2.35546e-03 -2.38865e-03 -2.42023e-03 -2.45012e-03 -2.47826e-03
 -2.50457e-03 -2.52899e-03 -2.55144e-03 -2.57186e-03 -2.59016e-03 -2.60628e-03
 -2.62014e-03 -2.63167e-03 -2.64080e-03 -2.64747e-03 -2.65159e-03 -2.65311e-03
 -2.65195e-03 -2.64805e-03 -2.64135e-03 -2.63179e-03 -2.61931e-03 -2.60386e-03
 -2.58538e-03 -2.56381e-03 -2.53909e-03 -2.51117e-03 -2.48000e-03 -2.44552e-03
 -2.40768e-03 -2.36645e-03 -2.32179e-03 -2.27365e-03 -2.22201e-03 -2.16684e-03
 -2.10809e-03 -2.04575e-03 -1.97978e-03 -1.91018e-03 -1.83692e-03 -1.76000e-03
 -1.67939e-03 -1.59509e-03 -1.50709e-03 -1.41538e-03 -1.31999e-03 -1.22091e-03
 -1.11817e-03 -1.01178e-03 -9.01773e-04 -7.88153e-04 -6.70957e-04 -5.50201e-04
 -4.25926e-04 -2.98174e-04 -1.67000e-04 -3.24650e-05  1.05380e-04  2.46475e-04
  3.90749e-04  5.38135e-04  6.88555e-04  8.41931e-04  9.98173e-04  1.15717e-03
  1.31883e-03  1.48303e-03  1.64967e-03  1.81862e-03  1.98979e-03  2.16304e-03
  2.33821e-03  2.51517e-03  2.69377e-03  2.87386e-03  3.05526e-03  3.23783e-03
  3.42138e-03  3.60571e-03  3.79063e-03  3.97595e-03  4.16148e-03  4.34703e-03
  4.53236e-03  4.71728e-03  4.90150e-03  5.08483e-03  5.26703e-03  5.44786e-03
  5.62703e-03  5.80431e-03  5.97943e-03  6.15214e-03  6.32216e-03  6.48927e-03
  6.65316e-03  6.81355e-03  6.97015e-03  7.12265e-03  7.27075e-03  7.41410e-03
  7.55243e-03  7.68542e-03  7.81281e-03  7.93429e-03  8.04956e-03  8.15828e-03
  8.26014e-03  8.35483e-03  8.44202e-03  8.52139e-03  8.59264e-03  8.65546e-03
  8.70951e-03  8.75451e-03  8.79013e-03  8.81607e-03  8.83204e-03  8.83772e-03
  8.83283e-03  8.81704e-03  8.79010e-03  8.75173e-03  8.70167e-03  8.63964e-03
  8.56538e-03  8.47859e-03  8.37902e-03  8.26641e-03  8.14052e-03  8.00111e-03
  7.84799e-03  7.68092e-03  7.49970e-03  7.30412e-03  7.09396e-03  6.86905e-03
  6.62920e-03  6.37425e-03  6.10404e-03  5.81843e-03  5.51726e-03  5.20041e-03
  4.86776e-03  4.51916e-03  4.15451e-03  3.77369e-03  3.37661e-03  2.96322e-03
  2.53346e-03  2.08729e-03  1.62468e-03  1.14555e-03  6.49862e-04  1.37646e-04
 -3.91148e-04 -9.36486e-04 -1.49837e-03 -2.07679e-03 -2.67175e-03 -3.28322e-03
 -3.91119e-03 -4.55558e-03 -5.21632e-03 -5.89337e-03 -6.58669e-03 -7.29620e-03
 -8.02188e-03 -8.76364e-03 -9.52137e-03 -1.02949e-02 -1.10842e-02 -1.18891e-02
 -1.27095e-02 -1.35453e-02 -1.43964e-02 -1.52626e-02 -1.61439e-02 -1.70401e-02
 -1.79510e-02 -1.88765e-02 -1.98165e-02 -2.07709e-02 -2.17396e-02 -2.27224e-02
 -2.37191e-02 -2.47298e-02 -2.57542e-02 -2.67921e-02 -2.78436e-02 -2.89085e-02
 -2.99866e-02 -3.10778e-02 -3.21820e-02 -3.32990e-02 -3.44288e-02 -3.55713e-02
 -3.67262e-02 -3.78935e-02 -3.90731e-02 -4.02647e-02 -4.14682e-02 -4.26838e-02
 -4.39110e-02 -4.51500e-02 -4.64007e-02 -4.76630e-02 -4.89370e-02 -5.02225e-02
 -5.15193e-02 -5.28276e-02 -5.41472e-02 -5.54778e-02 -5.68194e-02 -5.81720e-02
 -5.95356e-02 -6.09101e-02 -6.22956e-02 -6.36921e-02 -6.50994e-02 -6.65174e-02
 -6.79462e-02 -6.93854e-02 -7.08351e-02 -7.22952e-02 -7.37659e-02 -7.52469e-02
 -7.67383e-02 -7.82401e-02 -7.97523e-02 -8.12747e-02 -8.28071e-02 -8.43491e-02
 -8.59006e-02 -8.74615e-02 -8.90317e-02 -9.06113e-02 -9.22003e-02 -9.37985e-02
 -9.54058e-02 -9.70220e-02 -9.86465e-02 -1.00279e-01 -1.01920e-01 -1.03568e-01
 -1.05224e-01 -1.06887e-01 -1.08557e-01 -1.10234e-01 -1.11917e-01 -1.13605e-01
 -1.15299e-01 -1.16997e-01 -1.18699e-01 -1.20405e-01 -1.22114e-01 -1.23826e-01
 -1.25540e-01 -1.27255e-01 -1.28971e-01 -1.30687e-01 -1.32402e-01 -1.34116e-01
 -1.35828e-01 -1.37538e-01 -1.39243e-01 -1.40944e-01 -1.42639e-01 -1.44328e-01
 -1.46009e-01 -1.47682e-01 -1.49345e-01 -1.50997e-01 -1.52639e-01 -1.54268e-01
 -1.55884e-01 -1.57485e-01 -1.59069e-01 -1.60637e-01 -1.62186e-01 -1.63717e-01
 -1.65227e-01 -1.66716e-01 -1.68182e-01 -1.69623e-01 -1.71040e-01 -1.72429e-01
 -1.73791e-01 -1.75124e-01 -1.76426e-01 -1.77698e-01 -1.78937e-01 -1.80143e-01
 -1.81313e-01 -1.82447e-01 -1.83543e-01 -1.84601e-01 -1.85619e-01 -1.86597e-01
 -1.87533e-01 -1.88426e-01 -1.89276e-01 -1.90080e-01 -1.90838e-01 -1.91548e-01
 -1.92210e-01 -1.92823e-01 -1.93386e-01 -1.93898e-01 -1.94358e-01 -1.94766e-01
 -1.95120e-01 -1.95420e-01 -1.95665e-01 -1.95854e-01 -1.95986e-01 -1.96061e-01
 -1.96079e-01 -1.96038e-01 -1.95937e-01 -1.95778e-01 -1.95558e-01 -1.95278e-01
 -1.94937e-01 -1.94535e-01 -1.94070e-01 -1.93544e-01 -1.92954e-01 -1.92302e-01
 -1.91587e-01 -1.90809e-01 -1.89968e-01 -1.89064e-01 -1.88096e-01 -1.87064e-01
 -1.85969e-01 -1.84810e-01 -1.83587e-01 -1.82301e-01 -1.80952e-01 -1.79539e-01
 -1.78064e-01 -1.76526e-01 -1.74926e-01 -1.73263e-01 -1.71539e-01 -1.69753e-01
 -1.67906e-01 -1.65999e-01 -1.64032e-01 -1.62006e-01 -1.59921e-01 -1.57779e-01
 -1.55579e-01 -1.53322e-01 -1.51010e-01 -1.48642e-01 -1.46220e-01 -1.43746e-01
 -1.41219e-01 -1.38642e-01 -1.36014e-01 -1.33338e-01 -1.30614e-01 -1.27843e-01
 -1.25027e-01 -1.22168e-01 -1.19266e-01 -1.16324e-01 -1.13342e-01 -1.10324e-01
 -1.07269e-01 -1.04180e-01 -1.01058e-01 -9.79044e-02 -9.47218e-02 -9.15125e-02
 -8.82786e-02 -8.50222e-02 -8.17451e-02 -7.84493e-02 -7.51369e-02 -7.18102e-02
 -6.84718e-02 -6.51241e-02 -6.17698e-02 -5.84113e-02 -5.50511e-02 -5.16918e-02
 -4.83360e-02 -4.49863e-02 -4.16459e-02 -3.83177e-02 -3.50048e-02 -3.17103e-02
 -2.84371e-02 -2.51883e-02 -2.19668e-02 -1.87757e-02 -1.56180e-02 -1.24973e-02
 -9.41709e-03 -6.38094e-03 -3.39221e-03 -4.54287e-04  2.42945e-03  5.25549e-03
  8.02018e-03  1.07199e-02  1.33509e-02  1.59093e-02  1.83916e-02  2.07941e-02
  2.31134e-02  2.53462e-02  2.74886e-02  2.95368e-02  3.14864e-02  3.33337e-02
  3.50748e-02  3.67065e-02  3.82253e-02  3.96279e-02  4.09102e-02  4.20681e-02
  4.30977e-02  4.39953e-02  4.47576e-02  4.53813e-02  4.58633e-02  4.62001e-02
  4.63883e-02  4.64243e-02  4.63046e-02  4.60257e-02  4.55846e-02  4.49781e-02
  4.42037e-02  4.32589e-02  4.21412e-02  4.08479e-02  3.93761e-02  3.77226e-02
  3.58847e-02  3.38599e-02  3.16464e-02  2.92426e-02  2.66469e-02  2.38576e-02
  2.08729e-02  1.76907e-02  1.43095e-02  1.07281e-02  6.94567e-03  2.96158e-03
 -1.22489e-03 -5.61418e-03 -1.02068e-02 -1.50031e-02 -2.00031e-02 -2.52065e-02
 -3.06133e-02 -3.62229e-02 -4.20346e-02 -4.80473e-02 -5.42599e-02 -6.06707e-02
 -6.72784e-02 -7.40811e-02 -8.10769e-02 -8.82635e-02 -9.56383e-02 -1.03199e-01
 -1.10942e-01 -1.18865e-01 -1.26963e-01 -1.35234e-01 -1.43672e-01 -1.52275e-01
 -1.61037e-01 -1.69955e-01 -1.79024e-01 -1.88237e-01 -1.97589e-01 -2.07073e-01
 -2.16684e-01 -2.26417e-01 -2.36265e-01 -2.46222e-01 -2.56280e-01 -2.66431e-01
 -2.76666e-01 -2.86979e-01 -2.97361e-01 -3.07805e-01 -3.18301e-01 -3.28841e-01
 -3.39415e-01 -3.50014e-01 -3.60627e-01 -3.71245e-01 -3.81858e-01 -3.92455e-01
 -4.03025e-01 -4.13558e-01 -4.24041e-01 -4.34464e-01 -4.44815e-01 -4.55083e-01
 -4.65253e-01 -4.75316e-01 -4.85256e-01 -4.95063e-01 -5.04722e-01 -5.14221e-01
 -5.23547e-01 -5.32686e-01 -5.41625e-01 -5.50349e-01 -5.58843e-01 -5.67095e-01
 -5.75090e-01 -5.82814e-01 -5.90253e-01 -5.97393e-01 -6.04217e-01 -6.10711e-01
 -6.16859e-01 -6.22649e-01 -6.28065e-01 -6.33093e-01 -6.37717e-01 -6.41922e-01
 -6.45693e-01 -6.49015e-01 -6.51873e-01 -6.54253e-01 -6.56141e-01 -6.57522e-01
 -6.58382e-01 -6.58707e-01 -6.58481e-01 -6.57690e-01 -6.56321e-01 -6.54360e-01
 -6.51793e-01 -6.48608e-01 -6.44791e-01 -6.40330e-01 -6.35212e-01 -6.29425e-01
 -6.22956e-01 -6.15793e-01 -6.07926e-01 -5.99344e-01 -5.90037e-01 -5.79995e-01
 -5.69208e-01 -5.57666e-01 -5.45360e-01 -5.32281e-01 -5.18423e-01 -5.03778e-01
 -4.88341e-01 -4.72103e-01 -4.55060e-01 -4.37206e-01 -4.18536e-01 -3.99046e-01
 -3.78734e-01 -3.57597e-01 -3.35632e-01 -3.12839e-01 -2.89216e-01 -2.64764e-01
 -2.39484e-01 -2.13378e-01 -1.86449e-01 -1.58699e-01 -1.30132e-01 -1.00752e-01
 -7.05665e-02 -3.95803e-02 -7.80126e-03  2.47628e-02  5.81025e-02  9.22078e-02
  1.27068e-01  1.62673e-01  1.99009e-01  2.36063e-01  2.73822e-01  3.12269e-01
  3.51387e-01  3.91160e-01  4.31570e-01  4.72597e-01  5.14223e-01  5.56426e-01
  5.99186e-01  6.42481e-01  6.86284e-01  7.30573e-01  7.75319e-01  8.20499e-01
  8.66086e-01  9.12051e-01  9.58367e-01  1.00500e+00  1.05193e+00  1.09911e+00
  1.14651e+00  1.19411e+00  1.24187e+00  1.28975e+00  1.33771e+00  1.38573e+00
  1.43376e+00  1.48177e+00  1.52972e+00  1.57757e+00  1.62527e+00  1.67280e+00
  1.72011e+00  1.76715e+00  1.81389e+00  1.86028e+00  1.90629e+00  1.95186e+00
  1.99696e+00  2.04154e+00  2.08556e+00  2.12897e+00  2.17173e+00  2.21379e+00
  2.25512e+00  2.29565e+00  2.33536e+00  2.37419e+00  2.41211e+00  2.44906e+00
  2.48500e+00  2.51989e+00  2.55368e+00  2.58633e+00  2.61780e+00  2.64805e+00
  2.67703e+00  2.70469e+00  2.73101e+00  2.75594e+00  2.77943e+00  2.80146e+00
  2.82198e+00  2.84096e+00  2.85835e+00  2.87413e+00  2.88826e+00  2.90070e+00
  2.91143e+00  2.92041e+00  2.92762e+00  2.93303e+00  2.93660e+00  2.93832e+00
  2.93816e+00  2.93610e+00  2.93212e+00  2.92620e+00  2.91832e+00  2.90847e+00
  2.89663e+00  2.88279e+00  2.86695e+00  2.84909e+00  2.82921e+00  2.80730e+00
  2.78337e+00  2.75741e+00  2.72943e+00  2.69942e+00  2.66741e+00  2.63338e+00
  2.59737e+00  2.55937e+00  2.51941e+00  2.47751e+00  2.43367e+00  2.38794e+00
  2.34032e+00  2.29085e+00  2.23955e+00  2.18647e+00  2.13162e+00  2.07505e+00
  2.01680e+00  1.95690e+00  1.89540e+00  1.83233e+00  1.76776e+00  1.70172e+00
  1.63427e+00  1.56546e+00  1.49533e+00  1.42396e+00  1.35139e+00  1.27769e+00
  1.20291e+00  1.12711e+00  1.05037e+00  9.72738e-01  8.94292e-01  8.15097e-01
  7.35222e-01  6.54736e-01  5.73707e-01  4.92206e-01  4.10308e-01  3.28085e-01
  2.45612e-01  1.62961e-01  8.02035e-02 -2.58493e-03 -8.53299e-02 -1.67956e-01
 -2.50389e-01 -3.32555e-01 -4.14382e-01 -4.95795e-01 -5.76722e-01 -6.57092e-01
 -7.36832e-01 -8.15874e-01 -8.94145e-01 -9.71579e-01 -1.04811e+00 -1.12367e+00
 -1.19819e+00 -1.27161e+00 -1.34387e+00 -1.41491e+00 -1.48467e+00 -1.55310e+00
 -1.62013e+00 -1.68571e+00 -1.74980e+00 -1.81235e+00 -1.87330e+00 -1.93261e+00
 -1.99025e+00 -2.04616e+00 -2.10030e+00 -2.15265e+00 -2.20317e+00 -2.25183e+00
 -2.29860e+00 -2.34344e+00 -2.38635e+00 -2.42729e+00 -2.46624e+00 -2.50320e+00
 -2.53813e+00 -2.57103e+00 -2.60189e+00 -2.63070e+00 -2.65746e+00 -2.68215e+00
 -2.70479e+00 -2.72537e+00 -2.74390e+00 -2.76037e+00 -2.77481e+00 -2.78721e+00
 -2.79759e+00 -2.80596e+00 -2.81234e+00 -2.81675e+00 -2.81920e+00 -2.81971e+00
 -2.81831e+00 -2.81503e+00 -2.80988e+00 -2.80290e+00 -2.79411e+00 -2.78354e+00
 -2.77123e+00 -2.75720e+00 -2.74150e+00 -2.72415e+00 -2.70519e+00 -2.68465e+00
 -2.66259e+00 -2.63902e+00 -2.61400e+00 -2.58757e+00 -2.55975e+00 -2.53060e+00
 -2.50015e+00 -2.46846e+00 -2.43555e+00 -2.40148e+00 -2.36628e+00 -2.33000e+00
 -2.29269e+00 -2.25438e+00 -2.21512e+00 -2.17495e+00 -2.13392e+00 -2.09207e+00
 -2.04945e+00 -2.00609e+00 -1.96205e+00 -1.91736e+00 -1.87206e+00 -1.82620e+00
 -1.77983e+00 -1.73297e+00 -1.68568e+00 -1.63799e+00 -1.58994e+00 -1.54158e+00
 -1.49295e+00 -1.44408e+00 -1.39500e+00 -1.34577e+00 -1.29641e+00 -1.24697e+00
 -1.19747e+00 -1.14796e+00 -1.09847e+00 -1.04903e+00 -9.99684e-01 -9.50456e-01
 -9.01382e-01 -8.52493e-01 -8.03821e-01 -7.55395e-01 -7.07244e-01 -6.59398e-01
 -6.11885e-01 -5.64733e-01 -5.17969e-01 -4.71620e-01 -4.25712e-01 -3.80270e-01
 -3.35316e-01 -2.90874e-01 -2.46966e-01 -2.03617e-01 -1.60848e-01 -1.18680e-01
 -7.71314e-02 -3.62204e-02  4.03482e-03  4.36154e-02  8.25032e-02  1.20682e-01
  1.58136e-01  1.94853e-01  2.30816e-01  2.66012e-01  3.00428e-01  3.34052e-01
  3.66874e-01  3.98883e-01  4.30070e-01  4.60424e-01  4.89938e-01  5.18604e-01
  5.46416e-01  5.73367e-01  5.99449e-01  6.24658e-01  6.48991e-01  6.72446e-01
  6.95019e-01  7.16709e-01  7.37514e-01  7.57433e-01  7.76467e-01  7.94618e-01
  8.11885e-01  8.28271e-01  8.43777e-01  8.58408e-01  8.72168e-01  8.85063e-01
  8.97099e-01  9.08281e-01  9.18616e-01  9.28111e-01  9.36773e-01  9.44611e-01
  9.51635e-01  9.57852e-01  9.63274e-01  9.67909e-01  9.71770e-01  9.74869e-01
  9.77219e-01  9.78831e-01  9.79718e-01  9.79894e-01  9.79372e-01  9.78166e-01
  9.76290e-01  9.73760e-01  9.70590e-01  9.66797e-01  9.62396e-01  9.57401e-01
  9.51830e-01  9.45698e-01  9.39023e-01  9.31823e-01  9.24113e-01  9.15912e-01
  9.07234e-01  8.98099e-01  8.88522e-01  8.78522e-01  8.68116e-01  8.57322e-01
  8.46156e-01  8.34637e-01  8.22782e-01  8.10607e-01  7.98130e-01  7.85369e-01
  7.72340e-01  7.59061e-01  7.45548e-01  7.31816e-01  7.17881e-01  7.03761e-01
  6.89472e-01  6.75029e-01  6.60449e-01  6.45746e-01  6.30935e-01  6.16030e-01
  6.01046e-01  5.85998e-01  5.70897e-01  5.55758e-01  5.40593e-01  5.25417e-01
  5.10241e-01  4.95080e-01  4.79944e-01  4.64846e-01  4.49794e-01  4.34799e-01
  4.19872e-01  4.05023e-01  3.90263e-01  3.75602e-01  3.61046e-01  3.46605e-01
  3.32287e-01  3.18100e-01  3.04053e-01  2.90153e-01  2.76407e-01  2.62821e-01
  2.49400e-01  2.36150e-01  2.23078e-01  2.10189e-01  1.97489e-01  1.84981e-01
  1.72669e-01  1.60557e-01  1.48651e-01  1.36952e-01  1.25465e-01  1.14192e-01
  1.03135e-01  9.22982e-02  8.16828e-02  7.12914e-02  6.11255e-02  5.11866e-02
  4.14760e-02  3.19950e-02  2.27445e-02  1.37250e-02  4.93673e-03 -3.62009e-03
 -1.19449e-02 -2.00371e-02 -2.78966e-02 -3.55239e-02 -4.29197e-02 -5.00846e-02
 -5.70190e-02 -6.37233e-02 -7.01983e-02 -7.64455e-02 -8.24659e-02 -8.82610e-02
 -9.38319e-02 -9.91798e-02 -1.04306e-01 -1.09212e-01 -1.13900e-01 -1.18373e-01
 -1.22632e-01 -1.26680e-01 -1.30518e-01 -1.34146e-01 -1.37567e-01 -1.40783e-01
 -1.43798e-01 -1.46614e-01 -1.49232e-01 -1.51657e-01 -1.53890e-01 -1.55935e-01
 -1.57795e-01 -1.59472e-01 -1.60969e-01 -1.62288e-01 -1.63431e-01 -1.64402e-01
 -1.65206e-01 -1.65845e-01 -1.66322e-01 -1.66641e-01 -1.66806e-01 -1.66820e-01
 -1.66686e-01 -1.66409e-01 -1.65991e-01 -1.65436e-01 -1.64747e-01 -1.63929e-01
 -1.62987e-01 -1.61925e-01 -1.60746e-01 -1.59453e-01 -1.58053e-01 -1.56547e-01
 -1.54941e-01 -1.53239e-01 -1.51443e-01 -1.49559e-01 -1.47591e-01 -1.45545e-01
 -1.43426e-01 -1.41237e-01 -1.38982e-01 -1.36666e-01 -1.34294e-01 -1.31869e-01
 -1.29395e-01 -1.26878e-01 -1.24321e-01 -1.21729e-01 -1.19107e-01 -1.16459e-01
 -1.13789e-01 -1.11100e-01 -1.08398e-01 -1.05688e-01 -1.02973e-01 -1.00258e-01
 -9.75457e-02 -9.48391e-02 -9.21422e-02 -8.94597e-02 -8.67958e-02 -8.41542e-02
 -8.15376e-02 -7.89494e-02 -7.63929e-02 -7.38723e-02 -7.13905e-02 -6.89502e-02
 -6.65537e-02 -6.42032e-02 -6.19015e-02 -5.96511e-02 -5.74548e-02 -5.53149e-02
 -5.32338e-02 -5.12138e-02 -4.92564e-02 -4.73634e-02 -4.55362e-02 -4.37759e-02
 -4.20837e-02 -4.04610e-02 -3.89089e-02 -3.74286e-02 -3.60207e-02 -3.46855e-02
 -3.34232e-02 -3.22343e-02 -3.11193e-02 -3.00786e-02 -2.91116e-02 -2.82178e-02
 -2.73971e-02 -2.66496e-02 -2.59752e-02 -2.53730e-02 -2.48414e-02 -2.43790e-02
 -2.39849e-02 -2.36589e-02 -2.34004e-02 -2.32082e-02 -2.30804e-02 -2.30151e-02
 -2.30110e-02 -2.30666e-02 -2.31809e-02 -2.33528e-02 -2.35803e-02 -2.38611e-02
 -2.41931e-02 -2.45744e-02 -2.50036e-02 -2.54791e-02 -2.59990e-02 -2.65610e-02
 -2.71630e-02 -2.78034e-02 -2.84807e-02 -2.91929e-02 -2.99379e-02 -3.07138e-02
 -3.15185e-02 -3.23500e-02 -3.32064e-02 -3.40856e-02 -3.49866e-02 -3.59084e-02
 -3.68498e-02 -3.78085e-02 -3.87820e-02 -3.97683e-02 -4.07662e-02 -4.17745e-02
 -4.27922e-02 -4.38178e-02 -4.48499e-02 -4.58870e-02 -4.69279e-02 -4.79717e-02
 -4.90177e-02 -5.00647e-02 -5.11114e-02 -5.21565e-02 -5.31988e-02 -5.42380e-02
 -5.52733e-02 -5.63040e-02 -5.73291e-02 -5.83478e-02 -5.93597e-02 -6.03643e-02
 -6.13612e-02 -6.23489e-02 -6.33269e-02 -6.42948e-02 -6.52526e-02 -6.62003e-02
 -6.71368e-02 -6.80614e-02 -6.89737e-02 -6.98740e-02 -7.07621e-02 -7.16375e-02
 -7.24992e-02 -7.33463e-02 -7.41790e-02 -7.49978e-02 -7.58027e-02 -7.65932e-02
 -7.73686e-02 -7.81282e-02 -7.88720e-02 -7.95997e-02 -8.03109e-02 -8.10045e-02
 -8.16798e-02 -8.23368e-02 -8.29760e-02 -8.35975e-02 -8.42008e-02 -8.47850e-02
 -8.53492e-02 -8.58932e-02 -8.64166e-02 -8.69198e-02 -8.74022e-02 -8.78629e-02
 -8.83008e-02 -8.87153e-02 -8.91063e-02 -8.94739e-02 -8.98183e-02 -9.01388e-02
 -9.04342e-02 -9.07035e-02 -9.09461e-02 -9.11619e-02 -9.13507e-02 -9.15119e-02
 -9.16446e-02 -9.17483e-02 -9.18226e-02 -9.18673e-02 -9.18820e-02 -9.18661e-02
 -9.18191e-02 -9.17403e-02 -9.16293e-02 -9.14853e-02 -9.13078e-02 -9.10960e-02
 -9.08496e-02 -9.05687e-02 -9.02538e-02 -8.99049e-02 -8.95210e-02 -8.91010e-02
 -8.86441e-02 -8.81504e-02 -8.76205e-02 -8.70547e-02 -8.64522e-02 -8.58127e-02
 -8.51360e-02 -8.44228e-02 -8.36734e-02 -8.28877e-02 -8.20653e-02 -8.12058e-02
 -8.03092e-02 -7.93763e-02 -7.84074e-02 -7.74030e-02 -7.63638e-02 -7.52902e-02
 -7.41827e-02 -7.30413e-02 -7.18662e-02 -7.06575e-02 -6.94162e-02 -6.81428e-02
 -6.68382e-02 -6.55029e-02 -6.41376e-02 -6.27433e-02 -6.13214e-02 -5.98730e-02
 -5.83992e-02 -5.69003e-02 -5.53767e-02 -5.38290e-02 -5.22581e-02 -5.06656e-02
 -4.90532e-02 -4.74222e-02 -4.57736e-02 -4.41084e-02 -4.24274e-02 -4.07318e-02
 -3.90227e-02 -3.73012e-02 -3.55684e-02 -3.38256e-02 -3.20741e-02 -3.03158e-02
 -2.85525e-02 -2.67853e-02 -2.50151e-02 -2.32426e-02 -2.14688e-02 -1.96948e-02
 -1.79224e-02 -1.61530e-02 -1.43880e-02 -1.26287e-02 -1.08765e-02 -9.13291e-03
 -7.39940e-03 -5.67689e-03 -3.96612e-03 -2.26795e-03 -5.83708e-04  1.08489e-03
  2.73636e-03  4.36936e-03  5.98283e-03  7.57566e-03  9.14660e-03  1.06945e-02
  1.22188e-02  1.37188e-02  1.51937e-02  1.66416e-02  1.80605e-02  1.94491e-02
  2.08070e-02  2.21341e-02  2.34295e-02  2.46918e-02  2.59193e-02  2.71113e-02
  2.82674e-02  2.93869e-02  3.04686e-02  3.15107e-02  3.25120e-02  3.34723e-02
  3.43914e-02  3.52688e-02  3.61034e-02  3.68942e-02  3.76403e-02  3.83414e-02
  3.89970e-02  3.96063e-02  4.01686e-02  4.06830e-02  4.11493e-02  4.15672e-02
  4.19363e-02  4.22561e-02  4.25258e-02  4.27452e-02  4.29142e-02  4.30331e-02
  4.31019e-02  4.31197e-02  4.30861e-02  4.30005e-02  4.28632e-02  4.26746e-02
  4.24353e-02  4.21455e-02  4.18052e-02  4.14143e-02  4.09731e-02  4.04820e-02
  3.99417e-02  3.93526e-02  3.87152e-02  3.80295e-02  3.72958e-02  3.65149e-02
  3.56881e-02  3.48168e-02  3.39019e-02  3.29442e-02  3.19441e-02  3.09024e-02
  2.98202e-02  2.86990e-02  2.75402e-02  2.63454e-02  2.51160e-02  2.38530e-02
  2.25573e-02  2.12301e-02  1.98730e-02  1.84880e-02  1.70775e-02  1.56432e-02
  1.41869e-02  1.27099e-02  1.12137e-02  9.70029e-03  8.17179e-03  6.63041e-03
  5.07816e-03  3.51674e-03  1.94788e-03  3.73244e-04 -1.20513e-03 -2.78485e-03
 -4.36344e-03 -5.93846e-03 -7.50776e-03 -9.06920e-03 -1.06206e-02 -1.21599e-02
 -1.36847e-02 -1.51932e-02 -1.66833e-02 -1.81530e-02 -1.96005e-02 -2.10239e-02
 -2.24212e-02 -2.37900e-02 -2.51275e-02 -2.64316e-02 -2.77005e-02 -2.89332e-02
 -3.01279e-02 -3.12825e-02 -3.23948e-02 -3.34630e-02 -3.44856e-02 -3.54614e-02
 -3.63887e-02 -3.72658e-02 -3.80915e-02 -3.88648e-02 -3.95847e-02 -4.02496e-02
 -4.08579e-02 -4.14082e-02 -4.19000e-02 -4.23327e-02 -4.27057e-02 -4.30181e-02
 -4.32686e-02 -4.34567e-02 -4.35821e-02 -4.36453e-02 -4.36468e-02 -4.35860e-02
 -4.34618e-02 -4.32733e-02 -4.30206e-02 -4.27048e-02 -4.23269e-02 -4.18871e-02
 -4.13852e-02 -4.08213e-02 -4.01966e-02 -3.95125e-02 -3.87699e-02 -3.79690e-02
 -3.71098e-02 -3.61932e-02 -3.52206e-02 -3.41938e-02 -3.31139e-02 -3.19818e-02
 -3.07985e-02 -2.95654e-02 -2.82840e-02 -2.69559e-02 -2.55822e-02 -2.41644e-02
 -2.27044e-02 -2.12040e-02 -1.96648e-02 -1.80878e-02 -1.64739e-02 -1.48248e-02
 -1.31428e-02 -1.14304e-02 -9.68949e-03 -7.92145e-03 -6.12758e-03 -4.30964e-03
 -2.46957e-03 -6.09044e-04  1.27080e-03  3.16893e-03  5.08377e-03  7.01323e-03
  8.95508e-03  1.09074e-02  1.28686e-02  1.48375e-02  1.68128e-02  1.87933e-02
  2.07774e-02  2.27637e-02  2.47503e-02  2.67358e-02  2.87191e-02  3.06993e-02
  3.26750e-02  3.46448e-02  3.66072e-02  3.85610e-02  4.05057e-02  4.24405e-02
  4.43642e-02  4.62753e-02  4.81725e-02  5.00553e-02  5.19230e-02  5.37751e-02
  5.56104e-02  5.74279e-02  5.92266e-02  6.10061e-02  6.27660e-02  6.45057e-02
  6.62241e-02  6.79206e-02  6.95945e-02  7.12455e-02  7.28730e-02  7.44760e-02
  7.60538e-02  7.76062e-02  7.91334e-02  8.06356e-02  8.21123e-02  8.35623e-02
  8.49844e-02  8.63778e-02  8.77421e-02  8.90776e-02  9.03844e-02  9.16627e-02
  9.29118e-02  9.41312e-02  9.53202e-02  9.64785e-02  9.76058e-02  9.87017e-02
  9.97661e-02  1.00798e-01  1.01799e-01  1.02766e-01  1.03701e-01  1.04604e-01
  1.05473e-01  1.06308e-01  1.07108e-01  1.07874e-01  1.08606e-01  1.09302e-01
  1.09964e-01  1.10590e-01  1.11180e-01  1.11734e-01  1.12252e-01  1.12733e-01
  1.13177e-01  1.13585e-01  1.13957e-01  1.14291e-01  1.14587e-01  1.14844e-01
  1.15063e-01  1.15244e-01  1.15386e-01  1.15491e-01  1.15557e-01  1.15585e-01
  1.15573e-01  1.15523e-01  1.15433e-01  1.15304e-01  1.15136e-01  1.14930e-01
  1.14686e-01  1.14403e-01  1.14081e-01  1.13719e-01  1.13318e-01  1.12879e-01
  1.12403e-01  1.11889e-01  1.11337e-01  1.10747e-01  1.10121e-01  1.09459e-01
  1.08760e-01  1.08025e-01  1.07254e-01  1.06448e-01  1.05607e-01  1.04732e-01
  1.03825e-01  1.02884e-01  1.01910e-01  1.00904e-01  9.98670e-02  9.87989e-02
  9.77005e-02  9.65725e-02  9.54154e-02  9.42304e-02  9.30186e-02  9.17810e-02
  9.05182e-02  8.92307e-02  8.79191e-02  8.65841e-02  8.52266e-02  8.38477e-02
  8.24485e-02  8.10302e-02  7.95938e-02  7.81401e-02  7.66694e-02  7.51823e-02
  7.36797e-02  7.21628e-02  7.06326e-02  6.90902e-02  6.75361e-02  6.59715e-02
  6.43976e-02  6.28158e-02  6.12274e-02  5.96331e-02  5.80333e-02  5.64283e-02
  5.48185e-02  5.32052e-02  5.15901e-02  4.99743e-02  4.83588e-02  4.67442e-02
  4.51312e-02  4.35203e-02  4.19124e-02  4.03083e-02  3.87088e-02  3.71154e-02
  3.55288e-02  3.39499e-02  3.23788e-02  3.08159e-02  2.92621e-02  2.77186e-02
  2.61860e-02  2.46649e-02  2.31555e-02  2.16584e-02  2.01747e-02  1.87050e-02
  1.72498e-02  1.58092e-02  1.43834e-02  1.29728e-02  1.15782e-02  1.02004e-02
  8.83968e-03  7.49603e-03  6.16946e-03  4.86010e-03  3.56836e-03  2.29483e-03
  1.04002e-03 -1.95911e-04 -1.41311e-03 -2.61168e-03 -3.79157e-03 -4.95238e-03
 -6.09386e-03 -7.21611e-03 -8.31963e-03 -9.40496e-03 -1.04722e-02 -1.15212e-02
 -1.25518e-02 -1.35645e-02 -1.45599e-02 -1.55380e-02 -1.64990e-02 -1.74429e-02
 -1.83701e-02 -1.92816e-02 -2.01778e-02 -2.10585e-02 -2.19235e-02 -2.27736e-02
 -2.36101e-02 -2.44343e-02 -2.52467e-02 -2.60470e-02 -2.68352e-02 -2.76122e-02
 -2.83792e-02 -2.91373e-02 -2.98871e-02 -3.06285e-02 -3.13616e-02 -3.20874e-02
 -3.28070e-02 -3.35216e-02 -3.42319e-02 -3.49382e-02 -3.56408e-02 -3.63405e-02
 -3.70385e-02 -3.77357e-02 -3.84330e-02 -3.91307e-02 -3.98292e-02 -4.05292e-02
 -4.12314e-02 -4.19368e-02 -4.26461e-02 -4.33597e-02 -4.40784e-02 -4.48026e-02
 -4.55327e-02 -4.62692e-02 -4.70129e-02 -4.77646e-02 -4.85250e-02 -4.92947e-02
 -5.00736e-02 -5.08617e-02 -5.16593e-02 -5.24669e-02 -5.32850e-02 -5.41140e-02
 -5.49545e-02 -5.58070e-02 -5.66715e-02 -5.75480e-02 -5.84360e-02 -5.93354e-02
 -6.02464e-02 -6.11696e-02 -6.21052e-02 -6.30533e-02 -6.40135e-02 -6.49854e-02
 -6.59686e-02 -6.69629e-02 -6.79686e-02 -6.89856e-02 -7.00138e-02 -7.10525e-02
 -7.21009e-02 -7.31585e-02 -7.42252e-02 -7.53008e-02 -7.63849e-02 -7.74767e-02
 -7.85757e-02 -7.96813e-02 -8.07929e-02 -8.19098e-02 -8.30315e-02 -8.41576e-02
 -8.52876e-02 -8.64208e-02 -8.75563e-02 -8.86928e-02 -8.98294e-02 -9.09659e-02
 -9.21018e-02 -9.32367e-02 -9.43699e-02 -9.55003e-02 -9.66269e-02 -9.77486e-02
 -9.88646e-02 -9.99745e-02 -1.01078e-01 -1.02174e-01 -1.03261e-01 -1.04339e-01
 -1.05406e-01 -1.06461e-01 -1.07505e-01 -1.08537e-01 -1.09557e-01 -1.10564e-01
 -1.11556e-01 -1.12533e-01 -1.13495e-01 -1.14440e-01 -1.15368e-01 -1.16280e-01
 -1.17174e-01 -1.18049e-01 -1.18905e-01 -1.19740e-01 -1.20556e-01 -1.21351e-01
 -1.22125e-01 -1.22877e-01 -1.23607e-01 -1.24315e-01 -1.24999e-01 -1.25660e-01
 -1.26298e-01 -1.26911e-01 -1.27502e-01 -1.28068e-01 -1.28609e-01 -1.29126e-01
 -1.29618e-01 -1.30084e-01 -1.30524e-01 -1.30937e-01 -1.31324e-01 -1.31685e-01
 -1.32020e-01 -1.32328e-01 -1.32610e-01 -1.32864e-01 -1.33091e-01 -1.33291e-01
 -1.33465e-01 -1.33610e-01 -1.33728e-01 -1.33817e-01 -1.33879e-01 -1.33913e-01
 -1.33918e-01 -1.33895e-01 -1.33844e-01 -1.33764e-01 -1.33656e-01 -1.33519e-01
 -1.33352e-01 -1.33157e-01 -1.32932e-01 -1.32679e-01 -1.32396e-01 -1.32084e-01
 -1.31741e-01 -1.31369e-01 -1.30966e-01 -1.30533e-01 -1.30070e-01 -1.29576e-01
 -1.29051e-01 -1.28495e-01 -1.27908e-01 -1.27290e-01 -1.26641e-01 -1.25959e-01
 -1.25247e-01 -1.24502e-01 -1.23726e-01 -1.22916e-01 -1.22074e-01 -1.21198e-01
 -1.20290e-01 -1.19349e-01 -1.18374e-01 -1.17366e-01 -1.16325e-01 -1.15250e-01
 -1.14141e-01 -1.12999e-01 -1.11822e-01 -1.10610e-01 -1.09364e-01 -1.08083e-01
 -1.06768e-01 -1.05418e-01 -1.04034e-01 -1.02614e-01 -1.01158e-01 -9.96690e-02
 -9.81455e-02 -9.65874e-02 -9.49941e-02 -9.33653e-02 -9.17013e-02 -9.00029e-02
 -8.82704e-02 -8.65038e-02 -8.47028e-02 -8.28674e-02 -8.09976e-02 -7.90943e-02
 -7.71579e-02 -7.51889e-02 -7.31876e-02 -7.11535e-02 -6.90867e-02 -6.69875e-02
 -6.48568e-02 -6.26953e-02 -6.05032e-02 -5.82806e-02 -5.60274e-02 -5.37444e-02
 -5.14325e-02 -4.90926e-02 -4.67249e-02 -4.43297e-02 -4.19076e-02 -3.94595e-02
 -3.69861e-02 -3.44884e-02 -3.19666e-02 -2.94214e-02 -2.68535e-02 -2.42639e-02
 -2.16532e-02 -1.90220e-02 -1.63711e-02 -1.37012e-02 -1.10134e-02 -8.30855e-03
 -5.58753e-03 -2.85139e-03 -1.01235e-04  2.66188e-03  5.43723e-03  8.22426e-03
  1.10223e-02  1.38306e-02  1.66477e-02  1.94726e-02  2.23037e-02  2.51400e-02
  2.79804e-02  3.08242e-02  3.36706e-02  3.65186e-02  3.93667e-02  4.22136e-02
  4.50583e-02  4.78999e-02  5.07377e-02  5.35704e-02  5.63965e-02  5.92147e-02
  6.20242e-02  6.48240e-02  6.76129e-02  7.03894e-02  7.31523e-02  7.59004e-02
  7.86327e-02  8.13478e-02  8.40442e-02  8.67206e-02  8.93764e-02  9.20107e-02
  9.46222e-02  9.72092e-02  9.97701e-02  1.02304e-01  1.04810e-01  1.07287e-01
  1.09735e-01  1.12151e-01  1.14533e-01  1.16880e-01  1.19192e-01  1.21467e-01
  1.23705e-01  1.25904e-01  1.28062e-01  1.30178e-01  1.32252e-01  1.34283e-01
  1.36269e-01  1.38209e-01  1.40103e-01  1.41947e-01  1.43742e-01  1.45486e-01
  1.47178e-01  1.48818e-01  1.50405e-01  1.51937e-01  1.53413e-01  1.54833e-01
  1.56195e-01  1.57499e-01  1.58744e-01  1.59929e-01  1.61051e-01  1.62112e-01
  1.63110e-01  1.64045e-01  1.64915e-01  1.65722e-01  1.66463e-01  1.67139e-01
  1.67747e-01  1.68289e-01  1.68763e-01  1.69170e-01  1.69508e-01  1.69778e-01
  1.69980e-01  1.70112e-01  1.70176e-01  1.70170e-01  1.70095e-01  1.69949e-01
  1.69734e-01  1.69449e-01  1.69093e-01  1.68669e-01  1.68175e-01  1.67612e-01
  1.66981e-01  1.66281e-01  1.65513e-01  1.64676e-01  1.63771e-01  1.62800e-01
  1.61762e-01  1.60657e-01  1.59487e-01  1.58253e-01  1.56954e-01  1.55592e-01
  1.54167e-01  1.52680e-01  1.51132e-01  1.49523e-01  1.47854e-01  1.46127e-01
  1.44342e-01  1.42501e-01  1.40603e-01  1.38651e-01  1.36645e-01  1.34586e-01
  1.32476e-01  1.30315e-01  1.28105e-01  1.25846e-01  1.23539e-01  1.21186e-01
  1.18788e-01  1.16347e-01  1.13863e-01  1.11338e-01  1.08772e-01  1.06167e-01
  1.03525e-01  1.00847e-01  9.81343e-02  9.53870e-02  9.26069e-02  8.97954e-02
  8.69540e-02  8.40841e-02  8.11867e-02  7.82631e-02  7.53144e-02  7.23419e-02
  6.93467e-02  6.63299e-02  6.32928e-02  6.02367e-02  5.71629e-02  5.40727e-02
  5.09675e-02  4.78485e-02  4.47170e-02  4.15741e-02  3.84208e-02  3.52582e-02
  3.20876e-02  2.89104e-02  2.57277e-02  2.25404e-02  1.93495e-02  1.61561e-02
  1.29618e-02  9.76796e-03  6.57584e-03  3.38612e-03  1.99463e-04 -2.98303e-03
 -6.15991e-03 -9.32971e-03 -1.24913e-02 -1.56440e-02 -1.87871e-02 -2.19194e-02
 -2.50399e-02 -2.81470e-02 -3.12395e-02 -3.43167e-02 -3.73777e-02 -4.04219e-02
 -4.34483e-02 -4.64557e-02 -4.94428e-02 -5.24082e-02 -5.53510e-02 -5.82705e-02
 -6.11657e-02 -6.40356e-02 -6.68791e-02 -6.96949e-02 -7.24821e-02 -7.52398e-02
 -7.79673e-02 -8.06636e-02 -8.33277e-02 -8.59586e-02 -8.85549e-02 -9.11156e-02
 -9.36399e-02 -9.61267e-02 -9.85752e-02 -1.00985e-01 -1.03354e-01 -1.05682e-01
 -1.07969e-01 -1.10212e-01 -1.12411e-01 -1.14564e-01 -1.16671e-01 -1.18731e-01
 -1.20744e-01 -1.22707e-01 -1.24621e-01 -1.26485e-01 -1.28297e-01 -1.30057e-01
 -1.31763e-01 -1.33414e-01 -1.35011e-01 -1.36551e-01 -1.38035e-01 -1.39461e-01
 -1.40830e-01 -1.42140e-01 -1.43389e-01 -1.44578e-01 -1.45706e-01 -1.46771e-01
 -1.47774e-01 -1.48713e-01 -1.49588e-01 -1.50398e-01 -1.51144e-01 -1.51825e-01
 -1.52439e-01 -1.52987e-01 -1.53467e-01 -1.53880e-01 -1.54224e-01 -1.54499e-01
 -1.54705e-01 -1.54843e-01 -1.54912e-01 -1.54911e-01 -1.54839e-01 -1.54698e-01
 -1.54486e-01 -1.54204e-01 -1.53851e-01 -1.53427e-01 -1.52932e-01 -1.52367e-01
 -1.51732e-01 -1.51026e-01 -1.50250e-01 -1.49404e-01 -1.48488e-01 -1.47502e-01
 -1.46448e-01 -1.45325e-01 -1.44133e-01 -1.42873e-01 -1.41545e-01 -1.40149e-01
 -1.38688e-01 -1.37160e-01 -1.35566e-01 -1.33907e-01 -1.32183e-01 -1.30396e-01
 -1.28546e-01 -1.26634e-01 -1.24660e-01 -1.22626e-01 -1.20533e-01 -1.18382e-01
 -1.16174e-01 -1.13910e-01 -1.11590e-01 -1.09216e-01 -1.06789e-01 -1.04310e-01
 -1.01780e-01 -9.92007e-02 -9.65732e-02 -9.38990e-02 -9.11793e-02 -8.84155e-02
 -8.56088e-02 -8.27609e-02 -7.98729e-02 -7.69462e-02 -7.39820e-02 -7.09821e-02
 -6.79483e-02 -6.48826e-02 -6.17864e-02 -5.86609e-02 -5.55074e-02 -5.23276e-02
 -4.91232e-02 -4.58962e-02 -4.26483e-02 -3.93812e-02 -3.60966e-02 -3.27963e-02
 -2.94822e-02 -2.61558e-02 -2.28189e-02 -1.94733e-02 -1.61209e-02 -1.27634e-02
 -9.40243e-03 -6.03944e-03 -2.67615e-03  6.85348e-04  4.04298e-03  7.39493e-03
  1.07397e-02  1.40758e-02  1.74016e-02  2.07150e-02  2.40142e-02  2.72975e-02
  3.05635e-02  3.38107e-02  3.70371e-02  4.02411e-02  4.34208e-02  4.65748e-02
  4.97016e-02  5.27997e-02  5.58678e-02  5.89042e-02  6.19074e-02  6.48759e-02
  6.78083e-02  7.07030e-02  7.35587e-02  7.63740e-02  7.91479e-02  8.18791e-02
  8.45665e-02  8.72089e-02  8.98052e-02  9.23543e-02  9.48550e-02  9.73060e-02
  9.97065e-02  1.02056e-01  1.04353e-01  1.06597e-01  1.08788e-01  1.10924e-01
  1.13003e-01  1.15027e-01  1.16994e-01  1.18904e-01  1.20757e-01  1.22550e-01
  1.24285e-01  1.25960e-01  1.27575e-01  1.29131e-01  1.30626e-01  1.32061e-01
  1.33434e-01  1.34747e-01  1.35999e-01  1.37189e-01  1.38319e-01  1.39387e-01
  1.40393e-01  1.41339e-01  1.42224e-01  1.43048e-01  1.43810e-01  1.44513e-01
  1.45154e-01  1.45736e-01  1.46259e-01  1.46722e-01  1.47127e-01  1.47473e-01
  1.47761e-01  1.47992e-01  1.48165e-01  1.48282e-01  1.48343e-01  1.48348e-01
  1.48298e-01  1.48194e-01  1.48036e-01  1.47826e-01  1.47563e-01  1.47250e-01
  1.46886e-01  1.46472e-01  1.46009e-01  1.45496e-01  1.44935e-01  1.44328e-01
  1.43674e-01  1.42976e-01  1.42233e-01  1.41445e-01  1.40614e-01  1.39741e-01
  1.38827e-01  1.37872e-01  1.36878e-01  1.35846e-01  1.34774e-01  1.33666e-01
  1.32522e-01  1.31342e-01  1.30128e-01  1.28879e-01  1.27596e-01  1.26281e-01
  1.24935e-01  1.23559e-01  1.22153e-01  1.20719e-01  1.19256e-01  1.17766e-01
  1.16249e-01  1.14706e-01  1.13138e-01  1.11545e-01  1.09929e-01  1.08290e-01
  1.06630e-01  1.04948e-01  1.03246e-01  1.01524e-01  9.97818e-02  9.80216e-02
  9.62438e-02  9.44490e-02  9.26375e-02  9.08101e-02  8.89676e-02  8.71105e-02
  8.52397e-02  8.33555e-02  8.14585e-02  7.95494e-02  7.76288e-02  7.56973e-02
  7.37555e-02  7.18043e-02  6.98440e-02  6.78751e-02  6.58980e-02  6.39130e-02
  6.19207e-02  5.99217e-02  5.79164e-02  5.59055e-02  5.38896e-02  5.18692e-02
  4.98447e-02  4.78167e-02  4.57853e-02  4.37511e-02  4.17146e-02  3.96762e-02
  3.76364e-02  3.55954e-02  3.35535e-02  3.15112e-02  2.94691e-02  2.74276e-02
  2.53872e-02  2.33480e-02  2.13104e-02  1.92748e-02  1.72420e-02  1.52123e-02
  1.31858e-02  1.11626e-02  9.14326e-03  7.12827e-03  5.11822e-03  3.11334e-03
  1.11374e-03 -8.80379e-04 -2.86844e-03 -4.84977e-03 -6.82381e-03 -8.79036e-03
 -1.07494e-02 -1.27005e-02 -1.46432e-02 -1.65768e-02 -1.85007e-02 -2.04152e-02
 -2.23200e-02 -2.42151e-02 -2.60995e-02 -2.79726e-02 -2.98337e-02 -3.16827e-02
 -3.35193e-02 -3.53431e-02 -3.71535e-02 -3.89502e-02 -4.07329e-02 -4.25011e-02
 -4.42546e-02 -4.59926e-02 -4.77148e-02 -4.94208e-02 -5.11102e-02 -5.27826e-02
 -5.44374e-02 -5.60743e-02 -5.76929e-02 -5.92929e-02 -6.08739e-02 -6.24349e-02
 -6.39755e-02 -6.54952e-02 -6.69940e-02 -6.84715e-02 -6.99273e-02 -7.13607e-02
 -7.27712e-02 -7.41585e-02 -7.55225e-02 -7.68628e-02 -7.81787e-02 -7.94695e-02
 -8.07347e-02 -8.19739e-02 -8.31871e-02 -8.43744e-02 -8.55351e-02 -8.66687e-02
 -8.77746e-02 -8.88525e-02 -8.99020e-02 -9.09230e-02 -9.19151e-02 -9.28780e-02
 -9.38115e-02 -9.47151e-02 -9.55886e-02 -9.64317e-02 -9.72442e-02 -9.80258e-02
 -9.87762e-02 -9.94951e-02 -1.00182e-01 -1.00837e-01 -1.01460e-01 -1.02050e-01
 -1.02608e-01 -1.03133e-01 -1.03626e-01 -1.04084e-01 -1.04510e-01 -1.04902e-01
 -1.05261e-01 -1.05585e-01 -1.05876e-01 -1.06133e-01 -1.06357e-01 -1.06546e-01
 -1.06701e-01 -1.06822e-01 -1.06908e-01 -1.06959e-01 -1.06977e-01 -1.06960e-01
 -1.06909e-01 -1.06823e-01 -1.06702e-01 -1.06546e-01 -1.06357e-01 -1.06134e-01
 -1.05877e-01 -1.05586e-01 -1.05260e-01 -1.04901e-01 -1.04507e-01 -1.04080e-01
 -1.03619e-01 -1.03125e-01 -1.02598e-01 -1.02037e-01 -1.01443e-01 -1.00816e-01
 -1.00157e-01 -9.94662e-02 -9.87429e-02 -9.79877e-02 -9.72011e-02 -9.63835e-02
 -9.55350e-02 -9.46555e-02 -9.37452e-02 -9.28046e-02 -9.18341e-02 -9.08343e-02
 -8.98054e-02 -8.87476e-02 -8.76614e-02 -8.65476e-02 -8.54066e-02 -8.42388e-02
 -8.30443e-02 -8.18233e-02 -8.05765e-02 -7.93044e-02 -7.80077e-02 -7.66871e-02
 -7.53429e-02 -7.39756e-02 -7.25856e-02 -7.11734e-02 -6.97399e-02 -6.82860e-02
 -6.68122e-02 -6.53189e-02 -6.38067e-02 -6.22760e-02 -6.07277e-02 -5.91627e-02
 -5.75817e-02 -5.59851e-02 -5.43736e-02 -5.27482e-02 -5.11096e-02 -4.94589e-02
 -4.77966e-02 -4.61232e-02 -4.44395e-02 -4.27464e-02 -4.10454e-02 -3.93371e-02
 -3.76222e-02 -3.59014e-02 -3.41756e-02 -3.24457e-02 -3.07128e-02 -2.89778e-02
 -2.72415e-02 -2.55046e-02 -2.37683e-02 -2.20334e-02 -2.03010e-02 -1.85719e-02
 -1.68473e-02 -1.51280e-02 -1.34151e-02 -1.17093e-02 -1.00114e-02 -8.32201e-03
 -6.64229e-03 -4.97343e-03 -3.31652e-03 -1.67257e-03 -4.23687e-05  1.57323e-03
  3.17324e-03  4.75675e-03  6.32293e-03  7.87092e-03  9.39985e-03  1.09088e-02
  1.23968e-02  1.38632e-02  1.53073e-02  1.67281e-02  1.81249e-02  1.94968e-02
  2.08432e-02  2.21636e-02  2.34571e-02  2.47229e-02  2.59604e-02  2.71691e-02
  2.83486e-02  2.94983e-02  3.06175e-02  3.17056e-02  3.27620e-02  3.37861e-02
  3.47775e-02  3.57360e-02  3.66610e-02  3.75524e-02  3.84098e-02  3.92328e-02
  4.00211e-02  4.07746e-02  4.14931e-02  4.21766e-02  4.28248e-02  4.34376e-02
  4.40150e-02  4.45572e-02  4.50641e-02  4.55358e-02  4.59721e-02  4.63732e-02
  4.67395e-02  4.70710e-02  4.73680e-02  4.76304e-02  4.78587e-02  4.80535e-02
  4.82152e-02  4.83441e-02  4.84407e-02  4.85051e-02  4.85382e-02  4.85406e-02
  4.85130e-02  4.84559e-02  4.83702e-02  4.82562e-02  4.81146e-02  4.79464e-02
  4.77525e-02  4.75341e-02  4.72920e-02  4.70270e-02  4.67398e-02  4.64315e-02
  4.61033e-02  4.57562e-02  4.53913e-02  4.50094e-02  4.46118e-02  4.41998e-02
  4.37748e-02  4.33381e-02  4.28908e-02  4.24343e-02  4.19695e-02  4.14980e-02
  4.10211e-02  4.05401e-02  4.00565e-02  3.95717e-02  3.90871e-02  3.86042e-02
  3.81243e-02  3.76491e-02  3.71797e-02  3.67178e-02  3.62647e-02  3.58222e-02
  3.53917e-02  3.49747e-02  3.45724e-02  3.41859e-02  3.38169e-02  3.34668e-02
  3.31371e-02  3.28292e-02  3.25443e-02  3.22834e-02  3.20477e-02  3.18387e-02
  3.16579e-02  3.15067e-02  3.13863e-02  3.12977e-02  3.12415e-02  3.12187e-02
  3.12304e-02  3.12776e-02  3.13611e-02  3.14815e-02  3.16397e-02  3.18365e-02
  3.20725e-02  3.23485e-02  3.26650e-02  3.30222e-02  3.34205e-02  3.38603e-02
  3.43417e-02  3.48648e-02  3.54293e-02  3.60352e-02  3.66824e-02  3.73710e-02
  3.81009e-02  3.88716e-02  3.96825e-02  4.05330e-02  4.14229e-02  4.23517e-02
  4.33187e-02  4.43226e-02  4.53620e-02  4.64361e-02  4.75439e-02  4.86846e-02
  4.98570e-02  5.10595e-02  5.22905e-02  5.35487e-02  5.48326e-02  5.61406e-02
  5.74710e-02  5.88219e-02  6.01914e-02  6.15780e-02  6.29794e-02  6.43938e-02
  6.58190e-02  6.72527e-02  6.86929e-02  7.01375e-02  7.15843e-02  7.30313e-02
  7.44760e-02  7.59160e-02  7.73489e-02  7.87723e-02  8.01840e-02  8.15818e-02
  8.29631e-02  8.43254e-02  8.56660e-02  8.69828e-02  8.82734e-02  8.95358e-02
  9.07675e-02  9.19663e-02  9.31296e-02  9.42550e-02  9.53402e-02  9.63831e-02
  9.73818e-02  9.83345e-02  9.92392e-02  1.00094e-01  1.00896e-01  1.01643e-01
  1.02335e-01  1.02970e-01  1.03545e-01  1.04059e-01  1.04510e-01  1.04898e-01
  1.05221e-01  1.05478e-01  1.05667e-01  1.05787e-01  1.05838e-01  1.05819e-01
  1.05728e-01  1.05566e-01  1.05331e-01  1.05023e-01  1.04642e-01  1.04187e-01
  1.03659e-01  1.03057e-01  1.02381e-01  1.01631e-01  1.00807e-01  9.99098e-02
  9.89398e-02  9.78974e-02  9.67833e-02  9.55984e-02  9.43436e-02  9.30195e-02
  9.16268e-02  9.01665e-02  8.86398e-02  8.70480e-02  8.53924e-02  8.36740e-02
  8.18945e-02  8.00553e-02  7.81584e-02  7.62054e-02  7.41979e-02  7.21373e-02
  7.00254e-02  6.78641e-02  6.56553e-02  6.34013e-02  6.11040e-02  5.87652e-02
  5.63870e-02  5.39712e-02  5.15202e-02  4.90362e-02  4.65215e-02  4.39783e-02
  4.14082e-02  3.88132e-02  3.61957e-02  3.35579e-02  3.09023e-02  2.82307e-02
  2.55453e-02  2.28480e-02  2.01413e-02  1.74275e-02  1.47088e-02  1.19869e-02
  9.26357e-03  6.54069e-03  3.82050e-03  1.10518e-03 -1.60335e-03 -4.30339e-03
 -6.99340e-03 -9.67171e-03 -1.23365e-02 -1.49860e-02 -1.76183e-02 -2.02318e-02
 -2.28251e-02 -2.53968e-02 -2.79458e-02 -3.04705e-02 -3.29691e-02 -3.54403e-02
 -3.78830e-02 -4.02963e-02 -4.26793e-02 -4.50306e-02 -4.73492e-02 -4.96338e-02
 -5.18837e-02 -5.40980e-02 -5.62758e-02 -5.84164e-02 -6.05190e-02 -6.25831e-02
 -6.46082e-02 -6.65933e-02 -6.85378e-02 -7.04412e-02 -7.23028e-02 -7.41225e-02
 -7.58997e-02 -7.76337e-02 -7.93244e-02 -8.09714e-02 -8.25747e-02 -8.41338e-02
 -8.56485e-02 -8.71186e-02 -8.85440e-02 -8.99246e-02 -9.12603e-02 -9.25508e-02
 -9.37958e-02 -9.49951e-02 -9.61486e-02 -9.72565e-02 -9.83187e-02 -9.93352e-02
 -1.00306e-01 -1.01231e-01 -1.02110e-01 -1.02944e-01 -1.03731e-01 -1.04472e-01
 -1.05167e-01 -1.05816e-01 -1.06420e-01 -1.06978e-01 -1.07489e-01 -1.07955e-01
 -1.08375e-01 -1.08750e-01 -1.09079e-01 -1.09362e-01 -1.09599e-01 -1.09790e-01
 -1.09935e-01 -1.10035e-01 -1.10089e-01 -1.10098e-01 -1.10062e-01 -1.09980e-01
 -1.09852e-01 -1.09679e-01 -1.09461e-01 -1.09199e-01 -1.08891e-01 -1.08538e-01
 -1.08140e-01 -1.07698e-01 -1.07212e-01 -1.06681e-01 -1.06105e-01 -1.05486e-01
 -1.04822e-01 -1.04115e-01 -1.03365e-01 -1.02572e-01 -1.01736e-01 -1.00857e-01
 -9.99357e-02 -9.89726e-02 -9.79681e-02 -9.69224e-02 -9.58360e-02 -9.47092e-02
 -9.35427e-02 -9.23371e-02 -9.10928e-02 -8.98103e-02 -8.84900e-02 -8.71324e-02
 -8.57383e-02 -8.43085e-02 -8.28437e-02 -8.13448e-02 -7.98123e-02 -7.82472e-02
 -7.66503e-02 -7.50226e-02 -7.33651e-02 -7.16785e-02 -6.99638e-02 -6.82219e-02
 -6.64541e-02 -6.46612e-02 -6.28442e-02 -6.10043e-02 -5.91428e-02 -5.72613e-02
 -5.53611e-02 -5.34432e-02 -5.15087e-02 -4.95591e-02 -4.75960e-02 -4.56211e-02
 -4.36359e-02 -4.16412e-02 -3.96382e-02 -3.76283e-02 -3.56136e-02 -3.35961e-02
 -3.15773e-02 -2.95586e-02 -2.75412e-02 -2.55265e-02 -2.35165e-02 -2.15131e-02
 -1.95182e-02 -1.75332e-02 -1.55598e-02 -1.35995e-02 -1.16543e-02 -9.72599e-03
 -7.81655e-03 -5.92752e-03 -4.06037e-03 -2.21666e-03 -3.98289e-04  1.39276e-03
  3.15461e-03  4.88564e-03  6.58440e-03  8.24937e-03  9.87878e-03  1.14707e-02
  1.30234e-02  1.45354e-02  1.60053e-02  1.74319e-02  1.88133e-02  2.01478e-02
  2.14340e-02  2.26706e-02  2.38565e-02  2.49904e-02  2.60708e-02  2.70963e-02
  2.80657e-02  2.89778e-02  2.98317e-02  3.06266e-02  3.13613e-02  3.20349e-02
  3.26461e-02  3.31942e-02  3.36784e-02  3.40983e-02  3.44532e-02  3.47425e-02
  3.49655e-02  3.51221e-02  3.52117e-02  3.52343e-02  3.51896e-02  3.50773e-02
  3.48974e-02  3.46500e-02  3.43351e-02  3.39530e-02  3.35038e-02  3.29881e-02
  3.24062e-02  3.17585e-02  3.10455e-02  3.02677e-02  2.94259e-02  2.85210e-02
  2.75539e-02  2.65255e-02  2.54369e-02  2.42892e-02  2.30836e-02  2.18215e-02
  2.05041e-02  1.91328e-02  1.77090e-02  1.62342e-02  1.47100e-02  1.31383e-02
  1.15206e-02  9.85868e-03  8.15425e-03  6.40933e-03  4.62618e-03  2.80704e-03
  9.54112e-04 -9.30598e-04 -2.84518e-03 -4.78756e-03 -6.75545e-03 -8.74635e-03
 -1.07577e-02 -1.27870e-02 -1.48322e-02 -1.68908e-02 -1.89603e-02 -2.10382e-02
 -2.31218e-02 -2.52088e-02 -2.72965e-02 -2.93824e-02 -3.14640e-02 -3.35386e-02
 -3.56037e-02 -3.76568e-02 -3.96952e-02 -4.17163e-02 -4.37175e-02 -4.56963e-02
 -4.76504e-02 -4.95774e-02 -5.14746e-02 -5.33396e-02 -5.51699e-02 -5.69632e-02
 -5.87173e-02 -6.04299e-02 -6.20986e-02 -6.37209e-02 -6.52945e-02 -6.68177e-02
 -6.82886e-02 -6.97052e-02 -7.10654e-02 -7.23673e-02 -7.36093e-02 -7.47896e-02
 -7.59065e-02 -7.69582e-02 -7.79429e-02 -7.88593e-02 -7.97062e-02 -8.04823e-02
 -8.11861e-02 -8.18165e-02 -8.23723e-02 -8.28528e-02 -8.32574e-02 -8.35851e-02
 -8.38350e-02 -8.40061e-02 -8.40979e-02 -8.41098e-02 -8.40416e-02 -8.38929e-02
 -8.36634e-02 -8.33531e-02 -8.29621e-02 -8.24904e-02 -8.19381e-02 -8.13052e-02
 -8.05920e-02 -7.97989e-02 -7.89264e-02 -7.79748e-02 -7.69449e-02 -7.58370e-02
 -7.46521e-02 -7.33909e-02 -7.20545e-02 -7.06441e-02 -6.91608e-02 -6.76057e-02
 -6.59800e-02 -6.42848e-02 -6.25214e-02 -6.06910e-02 -5.87951e-02 -5.68355e-02
 -5.48139e-02 -5.27321e-02 -5.05916e-02 -4.83941e-02 -4.61413e-02 -4.38351e-02
 -4.14777e-02 -3.90712e-02 -3.66174e-02 -3.41180e-02 -3.15752e-02 -2.89909e-02
 -2.63677e-02 -2.37077e-02 -2.10132e-02 -1.82860e-02 -1.55283e-02 -1.27425e-02
 -9.93127e-03 -7.09696e-03 -4.24190e-03 -1.36814e-03  1.52220e-03  4.42680e-03
  7.34308e-03  1.02684e-02  1.32005e-02  1.61369e-02  1.90755e-02  2.20140e-02
  2.49498e-02  2.78806e-02  3.08042e-02  3.37183e-02  3.66208e-02  3.95090e-02
  4.23808e-02  4.52340e-02  4.80665e-02  5.08764e-02  5.36615e-02  5.64195e-02
  5.91482e-02  6.18456e-02  6.45098e-02  6.71388e-02  6.97307e-02  7.22835e-02
  7.47953e-02  7.72644e-02  7.96891e-02  8.20676e-02  8.43984e-02  8.66798e-02
  8.89101e-02  9.10881e-02  9.32123e-02  9.52812e-02  9.72932e-02  9.92468e-02
  1.01141e-01  1.02974e-01  1.04747e-01  1.06456e-01  1.08102e-01  1.09683e-01
  1.11198e-01  1.12647e-01  1.14028e-01  1.15342e-01  1.16587e-01  1.17762e-01
  1.18868e-01  1.19904e-01  1.20869e-01  1.21763e-01  1.22586e-01  1.23337e-01
  1.24017e-01  1.24625e-01  1.25160e-01  1.25623e-01  1.26015e-01  1.26335e-01
  1.26584e-01  1.26761e-01  1.26867e-01  1.26902e-01  1.26867e-01  1.26762e-01
  1.26588e-01  1.26345e-01  1.26034e-01  1.25655e-01  1.25209e-01  1.24697e-01
  1.24119e-01  1.23477e-01  1.22772e-01  1.22004e-01  1.21174e-01  1.20284e-01
  1.19334e-01  1.18326e-01  1.17261e-01  1.16139e-01  1.14962e-01  1.13731e-01
  1.12447e-01  1.11113e-01  1.09729e-01  1.08296e-01  1.06816e-01  1.05290e-01
  1.03719e-01  1.02106e-01  1.00452e-01  9.87585e-02  9.70259e-02  9.52561e-02
  9.34511e-02  9.16126e-02  8.97423e-02  8.78414e-02  8.59114e-02  8.39537e-02
  8.19702e-02  7.99626e-02  7.79327e-02  7.58819e-02  7.38117e-02  7.17236e-02
  6.96193e-02  6.75003e-02  6.53683e-02  6.32250e-02  6.10722e-02  5.89115e-02
  5.67445e-02  5.45726e-02  5.23973e-02  5.02200e-02  4.80423e-02  4.58658e-02
  4.36918e-02  4.15217e-02  3.93567e-02  3.71986e-02  3.50488e-02  3.29088e-02
  3.07799e-02  2.86634e-02  2.65605e-02  2.44724e-02  2.24006e-02  2.03463e-02
  1.83106e-02  1.62945e-02  1.42990e-02  1.23252e-02  1.03740e-02  8.44635e-03
  6.54335e-03  4.66606e-03  2.81547e-03  9.92372e-04 -8.02535e-04 -2.56863e-03
 -4.30518e-03 -6.01144e-03 -7.68675e-03 -9.33058e-03 -1.09424e-02 -1.25218e-02
 -1.40680e-02 -1.55806e-02 -1.70593e-02 -1.85037e-02 -1.99138e-02 -2.12893e-02
 -2.26299e-02 -2.39355e-02 -2.52060e-02 -2.64411e-02 -2.76409e-02 -2.88054e-02
 -2.99349e-02 -3.10295e-02 -3.20893e-02 -3.31143e-02 -3.41047e-02 -3.50610e-02
 -3.59834e-02 -3.68723e-02 -3.77278e-02 -3.85501e-02 -3.93396e-02 -4.00972e-02
 -4.08233e-02 -4.15186e-02 -4.21834e-02 -4.28181e-02 -4.34233e-02 -4.39998e-02
 -4.45482e-02 -4.50692e-02 -4.55634e-02 -4.60315e-02 -4.64744e-02 -4.68929e-02
 -4.72874e-02 -4.76585e-02 -4.80069e-02 -4.83336e-02 -4.86396e-02 -4.89258e-02
 -4.91926e-02 -4.94406e-02 -4.96704e-02 -4.98831e-02 -5.00799e-02 -5.02614e-02
 -5.04281e-02 -5.05804e-02 -5.07190e-02 -5.08447e-02 -5.09586e-02 -5.10612e-02
 -5.11530e-02 -5.12348e-02 -5.13070e-02 -5.13706e-02 -5.14260e-02 -5.14736e-02
 -5.15139e-02 -5.15473e-02 -5.15747e-02 -5.15965e-02 -5.16132e-02 -5.16252e-02
 -5.16325e-02 -5.16356e-02 -5.16349e-02 -5.16307e-02 -5.16235e-02 -5.16132e-02
 -5.15999e-02 -5.15837e-02 -5.15647e-02 -5.15432e-02 -5.15194e-02 -5.14931e-02
 -5.14641e-02 -5.14326e-02 -5.13988e-02 -5.13628e-02 -5.13245e-02 -5.12834e-02
 -5.12392e-02 -5.11917e-02 -5.11408e-02 -5.10865e-02 -5.10287e-02 -5.09671e-02
 -5.09012e-02 -5.08308e-02 -5.07554e-02 -5.06746e-02 -5.05883e-02 -5.04958e-02
 -5.03968e-02 -5.02911e-02 -5.01782e-02 -5.00579e-02 -4.99296e-02 -4.97928e-02
 -4.96469e-02 -4.94917e-02 -4.93268e-02 -4.91519e-02 -4.89666e-02 -4.87702e-02
 -4.85622e-02 -4.83424e-02 -4.81103e-02 -4.78654e-02 -4.76073e-02 -4.73355e-02
 -4.70494e-02 -4.67490e-02 -4.64339e-02 -4.61039e-02 -4.57587e-02 -4.53980e-02
 -4.50213e-02 -4.46284e-02 -4.42189e-02 -4.37927e-02 -4.33496e-02 -4.28895e-02
 -4.24121e-02 -4.19173e-02 -4.14051e-02 -4.08755e-02 -4.03287e-02 -3.97644e-02
 -3.91824e-02 -3.85827e-02 -3.79652e-02 -3.73302e-02 -3.66782e-02 -3.60094e-02
 -3.53239e-02 -3.46217e-02 -3.39027e-02 -3.31674e-02 -3.24164e-02 -3.16504e-02
 -3.08695e-02 -3.00741e-02 -2.92644e-02 -2.84409e-02 -2.76043e-02 -2.67551e-02
 -2.58940e-02 -2.50213e-02 -2.41375e-02 -2.32432e-02 -2.23393e-02 -2.14265e-02
 -2.05058e-02 -1.95779e-02 -1.86433e-02 -1.77028e-02 -1.67569e-02 -1.58069e-02
 -1.48537e-02 -1.38982e-02 -1.29413e-02 -1.19836e-02 -1.10260e-02 -1.00696e-02
 -9.11549e-03 -8.16452e-03 -7.21763e-03 -6.27570e-03 -5.33967e-03 -4.41050e-03
 -3.48908e-03 -2.57626e-03 -1.67303e-03 -7.80474e-04  1.00274e-04  9.68158e-04
  1.82229e-03  2.66188e-03  3.48611e-03  4.29407e-03  5.08478e-03  5.85725e-03
  6.61055e-03  7.34382e-03  8.05633e-03  8.74737e-03  9.41616e-03  1.00618e-02
  1.06836e-02  1.12806e-02  1.18523e-02  1.23982e-02  1.29177e-02  1.34103e-02
  1.38753e-02  1.43122e-02  1.47206e-02  1.50999e-02  1.54498e-02  1.57699e-02
  1.60601e-02  1.63199e-02  1.65492e-02  1.67475e-02  1.69147e-02  1.70507e-02
  1.71554e-02  1.72289e-02  1.72714e-02  1.72828e-02  1.72633e-02  1.72130e-02
  1.71322e-02  1.70211e-02  1.68798e-02  1.67087e-02  1.65079e-02  1.62780e-02
  1.60195e-02  1.57332e-02  1.54197e-02  1.50795e-02  1.47131e-02  1.43210e-02
  1.39042e-02  1.34633e-02  1.29994e-02  1.25130e-02  1.20049e-02  1.14761e-02
  1.09273e-02  1.03598e-02  9.77423e-03  9.17161e-03  8.55296e-03  7.91952e-03
  7.27258e-03  6.61332e-03  5.94276e-03  5.26176e-03  4.57127e-03  3.87243e-03
  3.16660e-03  2.45521e-03  1.73955e-03  1.02076e-03  2.99925e-04 -4.21773e-04
 -1.14304e-03 -1.86262e-03 -2.57943e-03 -3.29242e-03 -4.00041e-03 -4.70197e-03
 -5.39565e-03 -6.08021e-03 -6.75463e-03 -7.41796e-03 -8.06905e-03 -8.70665e-03
 -9.32959e-03 -9.93695e-03 -1.05279e-02 -1.11014e-02 -1.16564e-02 -1.21916e-02
 -1.27059e-02 -1.31985e-02 -1.36686e-02 -1.41156e-02 -1.45385e-02 -1.49364e-02
 -1.53084e-02 -1.56538e-02 -1.59721e-02 -1.62627e-02 -1.65251e-02 -1.67584e-02
 -1.69621e-02 -1.71357e-02 -1.72788e-02 -1.73910e-02 -1.74720e-02 -1.75214e-02
 -1.75390e-02 -1.75245e-02 -1.74778e-02 -1.73986e-02 -1.72868e-02 -1.71424e-02
 -1.69655e-02 -1.67563e-02 -1.65146e-02 -1.62406e-02 -1.59342e-02 -1.55960e-02
 -1.52262e-02 -1.48252e-02 -1.43932e-02 -1.39303e-02 -1.34372e-02 -1.29143e-02
 -1.23622e-02 -1.17816e-02 -1.11729e-02 -1.05367e-02 -9.87395e-03 -9.18526e-03
 -8.47129e-03 -7.73255e-03 -6.96978e-03 -6.18399e-03 -5.37634e-03 -4.54785e-03
 -3.69930e-03 -2.83142e-03 -1.94511e-03 -1.04152e-03 -1.21775e-04  8.13075e-04
  1.76213e-03  2.72434e-03  3.69857e-03  4.68357e-03  5.67825e-03  6.68160e-03
  7.69253e-03  8.70982e-03  9.73224e-03  1.07586e-02  1.17877e-02  1.28184e-02
  1.38494e-02  1.48794e-02  1.59075e-02  1.69325e-02  1.79535e-02  1.89690e-02
  1.99780e-02  2.09790e-02  2.19712e-02  2.29535e-02  2.39247e-02  2.48837e-02
  2.58292e-02  2.67605e-02  2.76766e-02  2.85764e-02  2.94588e-02  3.03226e-02
  3.11670e-02  3.19913e-02  3.27949e-02  3.35767e-02  3.43358e-02  3.50711e-02
  3.57819e-02  3.64676e-02  3.71279e-02  3.77622e-02  3.83696e-02  3.89492e-02
  3.95004e-02  4.00231e-02  4.05168e-02  4.09813e-02  4.14158e-02  4.18197e-02
  4.21927e-02  4.25348e-02  4.28457e-02  4.31253e-02  4.33733e-02  4.35896e-02
  4.37740e-02  4.39268e-02  4.40478e-02  4.41373e-02  4.41951e-02  4.42214e-02
  4.42164e-02  4.41803e-02  4.41133e-02  4.40158e-02  4.38882e-02  4.37310e-02
  4.35445e-02  4.33291e-02  4.30852e-02  4.28134e-02  4.25143e-02  4.21888e-02
  4.18373e-02  4.14605e-02  4.10590e-02  4.06336e-02  4.01852e-02  3.97146e-02
  3.92226e-02  3.87098e-02  3.81773e-02  3.76261e-02  3.70574e-02  3.64718e-02
  3.58705e-02  3.52544e-02  3.46245e-02  3.39819e-02  3.33278e-02  3.26633e-02
  3.19893e-02  3.13071e-02  3.06179e-02  2.99226e-02  2.92226e-02  2.85189e-02
  2.78127e-02  2.71049e-02  2.63968e-02  2.56894e-02  2.49842e-02  2.42822e-02
  2.35847e-02  2.28927e-02  2.22073e-02  2.15297e-02  2.08608e-02  2.02019e-02
  1.95540e-02  1.89180e-02  1.82950e-02  1.76860e-02  1.70920e-02  1.65140e-02
  1.59528e-02  1.54092e-02  1.48841e-02  1.43784e-02  1.38931e-02  1.34290e-02
  1.29865e-02  1.25663e-02  1.21692e-02  1.17957e-02  1.14466e-02  1.11222e-02
  1.08231e-02  1.05496e-02  1.03022e-02  1.00814e-02  9.88745e-03  9.72050e-03
  9.58079e-03  9.46849e-03  9.38370e-03  9.32651e-03  9.29696e-03  9.29505e-03
  9.32077e-03  9.37391e-03  9.45424e-03  9.56142e-03  9.69520e-03  9.85530e-03
  1.00414e-02  1.02531e-02  1.04899e-02  1.07511e-02  1.10363e-02  1.13448e-02
  1.16762e-02  1.20297e-02  1.24045e-02  1.27999e-02  1.32149e-02  1.36490e-02
  1.41011e-02  1.45704e-02  1.50556e-02  1.55557e-02  1.60697e-02  1.65968e-02
  1.71359e-02  1.76859e-02  1.82453e-02  1.88132e-02  1.93885e-02  1.99699e-02
  2.05562e-02  2.11460e-02  2.17379e-02  2.23308e-02  2.29236e-02  2.35149e-02
  2.41033e-02  2.46875e-02  2.52663e-02  2.58386e-02  2.64032e-02  2.69587e-02
  2.75036e-02  2.80366e-02  2.85563e-02  2.90616e-02  2.95512e-02  3.00239e-02
  3.04784e-02  3.09138e-02  3.13289e-02  3.17226e-02  3.20938e-02  3.24412e-02
  3.27637e-02  3.30604e-02  3.33303e-02  3.35722e-02  3.37852e-02  3.39683e-02
  3.41209e-02  3.42422e-02  3.43313e-02  3.43875e-02  3.44099e-02  3.43980e-02
  3.43514e-02  3.42694e-02  3.41516e-02  3.39971e-02  3.38056e-02  3.35767e-02
  3.33103e-02  3.30061e-02  3.26639e-02  3.22832e-02  3.18637e-02  3.14056e-02
  3.09087e-02  3.03734e-02  2.97997e-02  2.91876e-02  2.85372e-02  2.78488e-02
  2.71225e-02  2.63588e-02  2.55578e-02  2.47201e-02  2.38459e-02  2.29358e-02
  2.19904e-02  2.10102e-02  1.99958e-02  1.89478e-02  1.78671e-02  1.67546e-02
  1.56111e-02  1.44371e-02  1.32337e-02  1.20015e-02  1.07418e-02  9.45557e-03
  8.14374e-03  6.80716e-03  5.44680e-03  4.06383e-03  2.65957e-03  1.23528e-03
 -2.07917e-04 -1.66903e-03 -3.14695e-03 -4.64041e-03 -6.14798e-03 -7.66828e-03
 -9.20005e-03 -1.07422e-02 -1.22934e-02 -1.38525e-02 -1.54178e-02 -1.69881e-02
 -1.85619e-02 -2.01380e-02 -2.17153e-02 -2.32922e-02 -2.48673e-02 -2.64392e-02
 -2.80065e-02 -2.95681e-02 -3.11227e-02 -3.26690e-02 -3.42057e-02 -3.57314e-02
 -3.72447e-02 -3.87443e-02 -4.02291e-02 -4.16979e-02 -4.31496e-02 -4.45829e-02
 -4.59964e-02 -4.73890e-02 -4.87594e-02 -5.01066e-02 -5.14297e-02 -5.27275e-02
 -5.39990e-02 -5.52430e-02 -5.64586e-02 -5.76449e-02 -5.88009e-02 -5.99258e-02
 -6.10186e-02 -6.20785e-02 -6.31046e-02 -6.40963e-02 -6.50528e-02 -6.59734e-02
 -6.68575e-02 -6.77044e-02 -6.85134e-02 -6.92841e-02 -7.00157e-02 -7.07079e-02
 -7.13602e-02 -7.19724e-02 -7.25439e-02 -7.30744e-02 -7.35633e-02 -7.40105e-02
 -7.44159e-02 -7.47791e-02 -7.51000e-02 -7.53783e-02 -7.56140e-02 -7.58072e-02
 -7.59581e-02 -7.60666e-02 -7.61325e-02 -7.61558e-02 -7.61366e-02 -7.60752e-02
 -7.59718e-02 -7.58268e-02 -7.56402e-02 -7.54125e-02 -7.51437e-02 -7.48342e-02
 -7.44842e-02 -7.40943e-02 -7.36649e-02 -7.31967e-02 -7.26901e-02 -7.21457e-02
 -7.15637e-02 -7.09449e-02 -7.02897e-02 -6.95988e-02 -6.88728e-02 -6.81122e-02
 -6.73178e-02 -6.64904e-02 -6.56308e-02 -6.47398e-02 -6.38182e-02 -6.28665e-02
 -6.18856e-02 -6.08763e-02 -5.98398e-02 -5.87768e-02 -5.76882e-02 -5.65746e-02
 -5.54368e-02 -5.42758e-02 -5.30929e-02 -5.18889e-02 -5.06650e-02 -4.94219e-02
 -4.81606e-02 -4.68821e-02 -4.55875e-02 -4.42778e-02 -4.29539e-02 -4.16170e-02
 -4.02678e-02 -3.89075e-02 -3.75372e-02 -3.61578e-02 -3.47707e-02 -3.33766e-02
 -3.19767e-02 -3.05718e-02 -2.91632e-02 -2.77520e-02 -2.63392e-02 -2.49261e-02
 -2.35136e-02 -2.21026e-02 -2.06943e-02 -1.92897e-02 -1.78898e-02 -1.64956e-02
 -1.51082e-02 -1.37286e-02 -1.23579e-02 -1.09971e-02 -9.64702e-03 -8.30862e-03
 -6.98290e-03 -5.67094e-03 -4.37376e-03 -3.09227e-03 -1.82730e-03 -5.79665e-04
  6.49792e-04  1.86016e-03  3.05053e-03  4.21999e-03  5.36767e-03  6.49281e-03
  7.59466e-03  8.67251e-03  9.72556e-03  1.07530e-02  1.17542e-02  1.27284e-02
  1.36750e-02  1.45934e-02  1.54828e-02  1.63425e-02  1.71719e-02  1.79708e-02
  1.87386e-02  1.94750e-02  2.01792e-02  2.08507e-02  2.14889e-02  2.20936e-02
  2.26644e-02  2.32011e-02  2.37031e-02  2.41702e-02  2.46022e-02  2.49990e-02
  2.53603e-02  2.56858e-02  2.59751e-02  2.62282e-02  2.64451e-02  2.66257e-02
  2.67702e-02  2.68783e-02  2.69501e-02  2.69855e-02  2.69845e-02  2.69471e-02
  2.68736e-02  2.67639e-02  2.66184e-02  2.64372e-02  2.62206e-02  2.59687e-02
  2.56818e-02  2.53603e-02  2.50046e-02  2.46149e-02  2.41917e-02  2.37354e-02
  2.32463e-02  2.27250e-02  2.21720e-02  2.15877e-02  2.09726e-02  2.03274e-02
  1.96525e-02  1.89486e-02  1.82163e-02  1.74562e-02  1.66693e-02  1.58562e-02
  1.50175e-02  1.41538e-02  1.32660e-02  1.23550e-02  1.14219e-02  1.04672e-02
  9.49172e-03  8.49620e-03  7.48166e-03  6.44918e-03  5.39977e-03  4.33438e-03
  3.25388e-03  2.15917e-03  1.05119e-03 -6.89868e-05 -1.20024e-03 -2.34150e-03
 -3.49174e-03 -4.65001e-03 -5.81527e-03 -6.98636e-03 -8.16204e-03 -9.34113e-03
 -1.05225e-02 -1.17052e-02 -1.28880e-02 -1.40698e-02 -1.52495e-02 -1.64260e-02
 -1.75981e-02 -1.87645e-02 -1.99241e-02 -2.10757e-02 -2.22182e-02 -2.33503e-02
 -2.44712e-02 -2.55794e-02 -2.66740e-02 -2.77536e-02 -2.88170e-02 -2.98633e-02
 -3.08914e-02 -3.19002e-02 -3.28887e-02 -3.38556e-02 -3.47999e-02 -3.57207e-02
 -3.66169e-02 -3.74874e-02 -3.83313e-02 -3.91475e-02 -3.99349e-02 -4.06928e-02
 -4.14203e-02 -4.21164e-02 -4.27803e-02 -4.34110e-02 -4.40078e-02 -4.45698e-02
 -4.50963e-02 -4.55865e-02 -4.60397e-02 -4.64552e-02 -4.68323e-02 -4.71704e-02
 -4.74689e-02 -4.77274e-02 -4.79451e-02 -4.81217e-02 -4.82568e-02 -4.83497e-02
 -4.84001e-02 -4.84076e-02 -4.83718e-02 -4.82926e-02 -4.81696e-02 -4.80028e-02
 -4.77918e-02 -4.75366e-02 -4.72370e-02 -4.68930e-02 -4.65045e-02 -4.60714e-02
 -4.55940e-02 -4.50721e-02 -4.45060e-02 -4.38956e-02 -4.32411e-02 -4.25428e-02
 -4.18010e-02 -4.10161e-02 -4.01885e-02 -3.93185e-02 -3.84066e-02 -3.74528e-02
 -3.64578e-02 -3.54220e-02 -3.43459e-02 -3.32302e-02 -3.20755e-02 -3.08824e-02
 -2.96516e-02 -2.83838e-02 -2.70796e-02 -2.57398e-02 -2.43653e-02 -2.29568e-02
 -2.15152e-02 -2.00413e-02 -1.85362e-02 -1.70005e-02 -1.54353e-02 -1.38415e-02
 -1.22202e-02 -1.05724e-02 -8.89906e-03 -7.20131e-03 -5.48024e-03 -3.73691e-03
 -1.97241e-03 -1.87819e-04  1.61571e-03  3.43696e-03  5.27473e-03  7.12782e-03
  8.99505e-03  1.08752e-02  1.27670e-02  1.46692e-02  1.65805e-02  1.84999e-02
  2.04260e-02  2.23576e-02  2.42933e-02  2.62317e-02  2.81715e-02  3.01117e-02
  3.20510e-02  3.39881e-02  3.59217e-02  3.78503e-02  3.97728e-02  4.16879e-02
  4.35944e-02  4.54910e-02  4.73765e-02  4.92494e-02  5.11087e-02  5.29530e-02
  5.47812e-02  5.65922e-02  5.83846e-02  6.01573e-02  6.19091e-02  6.36389e-02
  6.53457e-02  6.70283e-02  6.86856e-02  7.03164e-02  7.19197e-02  7.34945e-02
  7.50396e-02  7.65544e-02  7.80378e-02  7.94889e-02  8.09067e-02  8.22902e-02
  8.36386e-02  8.49510e-02  8.62269e-02  8.74654e-02  8.86658e-02  8.98271e-02
  9.09487e-02  9.20300e-02  9.30704e-02  9.40695e-02  9.50265e-02  9.59409e-02
  9.68122e-02  9.76398e-02  9.84234e-02  9.91627e-02  9.98572e-02  1.00507e-01
  1.01111e-01  1.01669e-01  1.02181e-01  1.02647e-01  1.03066e-01  1.03439e-01
  1.03765e-01  1.04045e-01  1.04277e-01  1.04463e-01  1.04602e-01  1.04694e-01
  1.04740e-01  1.04739e-01  1.04692e-01  1.04598e-01  1.04457e-01  1.04271e-01
  1.04038e-01  1.03761e-01  1.03438e-01  1.03070e-01  1.02657e-01  1.02200e-01
  1.01698e-01  1.01154e-01  1.00566e-01  9.99363e-02  9.92640e-02  9.85498e-02
  9.77942e-02  9.69978e-02  9.61612e-02  9.52851e-02  9.43699e-02  9.34160e-02
  9.24242e-02  9.13951e-02  9.03294e-02  8.92279e-02  8.80911e-02  8.69196e-02
  8.57142e-02  8.44754e-02  8.32042e-02  8.19013e-02  8.05673e-02  7.92030e-02
  7.78091e-02  7.63864e-02  7.49356e-02  7.34575e-02  7.19529e-02  7.04227e-02
  6.88677e-02  6.72887e-02  6.56866e-02  6.40619e-02  6.24157e-02  6.07487e-02
  5.90619e-02  5.73561e-02  5.56321e-02  5.38909e-02  5.21332e-02  5.03601e-02
  4.85723e-02  4.67707e-02  4.49560e-02  4.31293e-02  4.12913e-02  3.94429e-02
  3.75852e-02  3.57188e-02  3.38448e-02  3.19639e-02  3.00768e-02  2.81847e-02
  2.62884e-02  2.43889e-02  2.24871e-02  2.05837e-02  1.86795e-02  1.67753e-02
  1.48721e-02  1.29707e-02  1.10720e-02  9.17672e-03  7.28581e-03  5.40007e-03
  3.52034e-03  1.64744e-03 -2.17824e-04 -2.07460e-03 -3.92206e-03 -5.75940e-03
 -7.58587e-03 -9.40076e-03 -1.12034e-02 -1.29930e-02 -1.47691e-02 -1.65307e-02
 -1.82772e-02 -2.00076e-02 -2.17213e-02 -2.34177e-02 -2.50963e-02 -2.67562e-02
 -2.83969e-02 -3.00177e-02 -3.16181e-02 -3.31975e-02 -3.47554e-02 -3.62912e-02
 -3.78041e-02 -3.92936e-02 -4.07593e-02 -4.22008e-02 -4.36176e-02 -4.50092e-02
 -4.63752e-02 -4.77150e-02 -4.90284e-02 -5.03148e-02 -5.15739e-02 -5.28051e-02
 -5.40082e-02 -5.51828e-02 -5.63287e-02 -5.74458e-02 -5.85339e-02 -5.95925e-02
 -6.06213e-02 -6.16201e-02 -6.25886e-02 -6.35269e-02 -6.44346e-02 -6.53116e-02
 -6.61578e-02 -6.69729e-02 -6.77569e-02 -6.85097e-02 -6.92313e-02 -6.99215e-02
 -7.05805e-02 -7.12081e-02 -7.18042e-02 -7.23690e-02 -7.29026e-02 -7.34048e-02
 -7.38758e-02 -7.43156e-02 -7.47243e-02 -7.51018e-02 -7.54483e-02 -7.57641e-02
 -7.60493e-02 -7.63041e-02 -7.65288e-02 -7.67235e-02 -7.68884e-02 -7.70236e-02
 -7.71292e-02 -7.72056e-02 -7.72531e-02 -7.72718e-02 -7.72622e-02 -7.72244e-02
 -7.71586e-02 -7.70653e-02 -7.69449e-02 -7.67977e-02 -7.66243e-02 -7.64247e-02
 -7.61995e-02 -7.59488e-02 -7.56729e-02 -7.53723e-02 -7.50474e-02 -7.46987e-02
 -7.43267e-02 -7.39317e-02 -7.35141e-02 -7.30744e-02 -7.26131e-02 -7.21307e-02
 -7.16278e-02 -7.11048e-02 -7.05622e-02 -7.00003e-02 -6.94197e-02 -6.88209e-02
 -6.82043e-02 -6.75704e-02 -6.69195e-02 -6.62522e-02 -6.55693e-02 -6.48711e-02
 -6.41583e-02 -6.34314e-02 -6.26908e-02 -6.19371e-02 -6.11709e-02 -6.03926e-02
 -5.96026e-02 -5.88014e-02 -5.79895e-02 -5.71677e-02 -5.63363e-02 -5.54958e-02
 -5.46466e-02 -5.37892e-02 -5.29242e-02 -5.20520e-02 -5.11730e-02 -5.02877e-02
 -4.93965e-02 -4.84999e-02 -4.75986e-02 -4.66928e-02 -4.57831e-02 -4.48696e-02
 -4.39527e-02 -4.30327e-02 -4.21100e-02 -4.11852e-02 -4.02587e-02 -3.93307e-02
 -3.84014e-02 -3.74711e-02 -3.65403e-02 -3.56094e-02 -3.46786e-02 -3.37481e-02
 -3.28179e-02 -3.18884e-02 -3.09599e-02 -3.00326e-02 -2.91067e-02 -2.81822e-02
 -2.72593e-02 -2.63382e-02 -2.54190e-02 -2.45019e-02 -2.35870e-02 -2.26744e-02
 -2.17642e-02 -2.08565e-02 -1.99514e-02 -1.90488e-02 -1.81487e-02 -1.72512e-02
 -1.63565e-02 -1.54645e-02 -1.45750e-02 -1.36882e-02 -1.28038e-02 -1.19220e-02
 -1.10427e-02 -1.01660e-02 -9.29164e-03 -8.41958e-03 -7.54971e-03 -6.68192e-03
 -5.81618e-03 -4.95246e-03 -4.09069e-03 -3.23074e-03 -2.37241e-03 -1.51556e-03
 -6.60115e-04  1.93945e-04  1.04666e-03  1.89817e-03  2.74868e-03  3.59840e-03
  4.44742e-03  5.29585e-03  6.14370e-03  6.99101e-03  7.83789e-03  8.68446e-03
  9.53088e-03  1.03772e-02  1.12236e-02  1.20698e-02  1.29161e-02  1.37625e-02
  1.46091e-02  1.54561e-02  1.63035e-02  1.71512e-02  1.79992e-02  1.88474e-02
  1.96958e-02  2.05445e-02  2.13935e-02  2.22428e-02  2.30922e-02  2.39417e-02
  2.47911e-02  2.56405e-02  2.64897e-02  2.73386e-02  2.81869e-02  2.90345e-02
  2.98812e-02  3.07269e-02  3.15715e-02  3.24148e-02  3.32565e-02  3.40962e-02
  3.49337e-02  3.57687e-02  3.66008e-02  3.74299e-02  3.82556e-02  3.90777e-02
  3.98958e-02  4.07096e-02  4.15186e-02  4.23223e-02  4.31205e-02  4.39126e-02
  4.46983e-02  4.54769e-02  4.62480e-02  4.70111e-02  4.77658e-02  4.85117e-02
  4.92484e-02  4.99752e-02  5.06914e-02  5.13965e-02  5.20898e-02  5.27709e-02
  5.34392e-02  5.40939e-02  5.47345e-02  5.53605e-02  5.59712e-02  5.65661e-02
  5.71446e-02  5.77057e-02  5.82491e-02  5.87739e-02  5.92798e-02  5.97660e-02
  6.02318e-02  6.06767e-02  6.11000e-02  6.15010e-02  6.18789e-02  6.22330e-02
  6.25629e-02  6.28677e-02  6.31471e-02  6.34004e-02  6.36268e-02  6.38260e-02
  6.39972e-02  6.41400e-02  6.42538e-02  6.43379e-02  6.43917e-02  6.44147e-02
  6.44064e-02  6.43664e-02  6.42942e-02  6.41893e-02  6.40512e-02  6.38797e-02
  6.36743e-02  6.34347e-02  6.31603e-02  6.28509e-02  6.25063e-02  6.21263e-02
  6.17104e-02  6.12585e-02  6.07702e-02  6.02454e-02  5.96841e-02  5.90862e-02
  5.84515e-02  5.77801e-02  5.70717e-02  5.63266e-02  5.55447e-02  5.47262e-02
  5.38711e-02  5.29794e-02  5.20514e-02  5.10872e-02  5.00872e-02  4.90515e-02
  4.79806e-02  4.68746e-02  4.57341e-02  4.45594e-02  4.33511e-02  4.21095e-02
  4.08350e-02  3.95282e-02  3.81896e-02  3.68200e-02  3.54200e-02  3.39902e-02
  3.25312e-02  3.10437e-02  2.95287e-02  2.79867e-02  2.64187e-02  2.48254e-02
  2.32076e-02  2.15663e-02  1.99024e-02  1.82169e-02  1.65106e-02  1.47846e-02
  1.30399e-02  1.12775e-02  9.49848e-03  7.70390e-03  5.89482e-03  4.07228e-03
  2.23738e-03  3.91268e-04 -1.46481e-03 -3.32964e-03 -5.20209e-03 -7.08107e-03
 -8.96543e-03 -1.08539e-02 -1.27452e-02 -1.46380e-02 -1.65313e-02 -1.84238e-02
 -2.03145e-02 -2.22020e-02 -2.40851e-02 -2.59624e-02 -2.78326e-02 -2.96946e-02
 -3.15472e-02 -3.33891e-02 -3.52191e-02 -3.70359e-02 -3.88385e-02 -4.06256e-02
 -4.23959e-02 -4.41483e-02 -4.58815e-02 -4.75944e-02 -4.92860e-02 -5.09550e-02
 -5.26004e-02 -5.42209e-02 -5.58156e-02 -5.73834e-02 -5.89233e-02 -6.04341e-02
 -6.19149e-02 -6.33647e-02 -6.47824e-02 -6.61672e-02 -6.75181e-02 -6.88343e-02
 -7.01150e-02 -7.13592e-02 -7.25659e-02 -7.37344e-02 -7.48639e-02 -7.59536e-02
 -7.70030e-02 -7.80112e-02 -7.89777e-02 -7.99019e-02 -8.07831e-02 -8.16208e-02
 -8.24145e-02 -8.31634e-02 -8.38673e-02 -8.45256e-02 -8.51379e-02 -8.57039e-02
 -8.62232e-02 -8.66955e-02 -8.71205e-02 -8.74978e-02 -8.78273e-02 -8.81087e-02
 -8.83419e-02 -8.85267e-02 -8.86632e-02 -8.87512e-02 -8.87907e-02 -8.87818e-02
 -8.87245e-02 -8.86188e-02 -8.84647e-02 -8.82624e-02 -8.80120e-02 -8.77139e-02
 -8.73684e-02 -8.69757e-02 -8.65359e-02 -8.60492e-02 -8.55161e-02 -8.49368e-02
 -8.43121e-02 -8.36421e-02 -8.29275e-02 -8.21686e-02 -8.13660e-02 -8.05203e-02
 -7.96319e-02 -7.87015e-02 -7.77296e-02 -7.67170e-02 -7.56644e-02 -7.45723e-02
 -7.34414e-02 -7.22725e-02 -7.10662e-02 -6.98235e-02 -6.85451e-02 -6.72317e-02
 -6.58842e-02 -6.45033e-02 -6.30899e-02 -6.16451e-02 -6.01697e-02 -5.86646e-02
 -5.71308e-02 -5.55689e-02 -5.39800e-02 -5.23649e-02 -5.07248e-02 -4.90605e-02
 -4.73729e-02 -4.56631e-02 -4.39319e-02 -4.21805e-02 -4.04098e-02 -3.86208e-02
 -3.68143e-02 -3.49916e-02 -3.31535e-02 -3.13011e-02 -2.94354e-02 -2.75571e-02
 -2.56674e-02 -2.37672e-02 -2.18576e-02 -1.99396e-02 -1.80141e-02 -1.60820e-02
 -1.41443e-02 -1.22019e-02 -1.02558e-02 -8.30705e-03 -6.35658e-03 -4.40529e-03
 -2.45407e-03 -5.03803e-04  1.44465e-03  3.39044e-03  5.33269e-03  7.27048e-03
  9.20291e-03  1.11292e-02  1.30484e-02  1.49599e-02  1.68628e-02  1.87563e-02
  2.06396e-02  2.25121e-02  2.43729e-02  2.62214e-02  2.80567e-02  2.98781e-02
  3.16850e-02  3.34768e-02  3.52527e-02  3.70121e-02  3.87542e-02  4.04784e-02
  4.21841e-02  4.38708e-02  4.55379e-02  4.71848e-02  4.88109e-02  5.04156e-02
  5.19985e-02  5.35589e-02  5.50965e-02  5.66107e-02  5.81009e-02  5.95667e-02
  6.10075e-02  6.24228e-02  6.38123e-02  6.51756e-02  6.65124e-02  6.78220e-02
  6.91041e-02  7.03582e-02  7.15840e-02  7.27811e-02  7.39493e-02  7.50881e-02
  7.61972e-02  7.72761e-02  7.83244e-02  7.93419e-02  8.03284e-02  8.12835e-02
  8.22067e-02  8.30980e-02  8.39570e-02  8.47835e-02  8.55774e-02  8.63383e-02
  8.70659e-02  8.77598e-02  8.84199e-02  8.90459e-02  8.96377e-02  9.01950e-02
  9.07176e-02  9.12055e-02  9.16583e-02  9.20760e-02  9.24582e-02  9.28050e-02
  9.31163e-02  9.33918e-02  9.36316e-02  9.38353e-02  9.40028e-02  9.41340e-02
  9.42288e-02  9.42874e-02  9.43094e-02  9.42951e-02  9.42442e-02  9.41567e-02
  9.40328e-02  9.38724e-02  9.36754e-02  9.34420e-02  9.31721e-02  9.28657e-02
  9.25229e-02  9.21440e-02  9.17289e-02  9.12777e-02  9.07906e-02  9.02675e-02
  8.97088e-02  8.91147e-02  8.84851e-02  8.78205e-02  8.71209e-02  8.63867e-02
  8.56180e-02  8.48152e-02  8.39783e-02  8.31077e-02  8.22037e-02  8.12666e-02
  8.02968e-02  7.92946e-02  7.82604e-02  7.71946e-02  7.60976e-02  7.49698e-02
  7.38117e-02  7.26235e-02  7.14058e-02  7.01591e-02  6.88838e-02  6.75805e-02
  6.62495e-02  6.48915e-02  6.35070e-02  6.20965e-02  6.06606e-02  5.91999e-02
  5.77151e-02  5.62067e-02  5.46754e-02  5.31217e-02  5.15463e-02  4.99498e-02
  4.83329e-02  4.66963e-02  4.50407e-02  4.33668e-02  4.16751e-02  3.99665e-02
  3.82416e-02  3.65012e-02  3.47461e-02  3.29771e-02  3.11948e-02  2.94000e-02
  2.75937e-02  2.57766e-02  2.39494e-02  2.21129e-02  2.02679e-02  1.84151e-02
  1.65553e-02  1.46895e-02  1.28184e-02  1.09428e-02  9.06339e-03  7.18104e-03
  5.29668e-03  3.41118e-03  1.52537e-03 -3.59990e-04 -2.24411e-03 -4.12615e-03
 -6.00525e-03 -7.88053e-03 -9.75124e-03 -1.16166e-02 -1.34759e-02 -1.53283e-02
 -1.71729e-02 -1.90088e-02 -2.08354e-02 -2.26518e-02 -2.44572e-02 -2.62508e-02
 -2.80318e-02 -2.97994e-02 -3.15531e-02 -3.32921e-02 -3.50156e-02 -3.67228e-02
 -3.84131e-02 -4.00855e-02 -4.17394e-02 -4.33742e-02 -4.49892e-02 -4.65836e-02
 -4.81569e-02 -4.97083e-02 -5.12372e-02 -5.27431e-02 -5.42253e-02 -5.56832e-02
 -5.71162e-02 -5.85237e-02 -5.99051e-02 -6.12597e-02 -6.25873e-02 -6.38872e-02
 -6.51591e-02 -6.64025e-02 -6.76169e-02 -6.71181e-02 -6.32764e-02 -5.64309e-02
 -4.72392e-02 -3.66189e-02 -2.56593e-02 -1.55134e-02 -7.27985e-03 -1.88849e-03
  0.00000e+00  0.00000e+00  0.00000e+00  0.00000e+00  0.00000e+00  0.00000e+00
  0.00000e+00  0.00000e+00  0.00000e+00  0.00000e+00  0.00000e+00  0.00000e+00
  0.00000e+00  0.00000e+00  0.00000e+00  0.00000e+00  0.00000e+00  0.00000e+00
  0.00000e+00  0.00000e+00  0.00000e+00  0.00000e+00  0.00000e+00  0.00000e+00
  0.00000e+00  0.00000e+00  0.00000e+00  0.00000e+00  0.00000e+00  0.00000e+00
  0.00000e+00  0.00000e+00  0.00000e+00  0.00000e+00  0.00000e+00  0.00000e+00
  0.00000e+00  0.00000e+00  0.00000e+00  0.00000e+00  0.00000e+00  0.00000e+00
  0.00000e+00  0.00000e+00  0.00000e+00  0.00000e+00  0.00000e+00  0.00000e+00
  0.00000e+00  0.00000e+00  0.00000e+00  0.00000e+00  0.00000e+00  0.00000e+00
  0.00000e+00  0.00000e+00  0.00000e+00  0.00000e+00  0.00000e+00  0.00000e+00
  0.00000e+00  0.00000e+00  0.00000e+00  0.00000e+00  0.00000e+00  0.00000e+00
  0.00000e+00  0.00000e+00  0.00000e+00  0.00000e+00  0.00000e+00  0.00000e+00
  0.00000e+00  0.00000e+00  0.00000e+00  0.00000e+00  0.00000e+00  0.00000e+00
  0.00000e+00  0.00000e+00  0.00000e+00  0.00000e+00  0.00000e+00  0.00000e+00
  0.00000e+00  0.00000e+00  0.00000e+00  0.00000e+00  0.00000e+00  0.00000e+00
  0.00000e+00  0.00000e+00  0.00000e+00  0.00000e+00  0.00000e+00  0.00000e+00
  0.00000e+00  0.00000e+00  0.00000e+00  0.00000e+00  0.00000e+00  0.00000e+00
  0.00000e+00  0.00000e+00  0.00000e+00  0.00000e+00  0.00000e+00  0.00000e+00
  0.00000e+00  0.00000e+00  0.00000e+00  0.00000e+00  0.00000e+00  0.00000e+00
  0.00000e+00  0.00000e+00  0.00000e+00  0.00000e+00  0.00000e+00  0.00000e+00
  0.00000e+00  0.00000e+00  0.00000e+00  0.00000e+00  0.00000e+00  0.00000e+00
  0.00000e+00  0.00000e+00  0.00000e+00  0.00000e+00  0.00000e+00  0.00000e+00
  0.00000e+00  0.00000e+00  0.00000e+00  0.00000e+00  0.00000e+00  0.00000e+00
  0.00000e+00  0.00000e+00  0.00000e+00  0.00000e+00  0.00000e+00  0.00000e+00
  0.00000e+00  0.00000e+00  0.00000e+00  0.00000e+00  0.00000e+00  0.00000e+00
  0.00000e+00  0.00000e+00  0.00000e+00  0.00000e+00  0.00000e+00  0.00000e+00
  0.00000e+00  0.00000e+00  0.00000e+00  0.00000e+00  0.00000e+00  0.00000e+00
  0.00000e+00  0.00000e+00  0.00000e+00  0.00000e+00  0.00000e+00  0.00000e+00
  0.00000e+00  0.00000e+00  0.00000e+00  0.00000e+00  0.00000e+00  0.00000e+00
  0.00000e+00  0.00000e+00  0.00000e+00  0.00000e+00  0.00000e+00  0.00000e+00
  0.00000e+00  0.00000e+00  0.00000e+00  0.00000e+00  0.00000e+00  0.00000e+00
  0.00000e+00  0.00000e+00  0.00000e+00  0.00000e+00  0.00000e+00  0.00000e+00
  0.00000e+00  0.00000e+00  0.00000e+00  0.00000e+00  0.00000e+00  0.00000e+00
  0.00000e+00  0.00000e+00  0.00000e+00  0.00000e+00  0.00000e+00  0.00000e+00
  0.00000e+00  0.00000e+00  0.00000e+00  0.00000e+00  0.00000e+00  0.00000e+00
  0.00000e+00  0.00000e+00  0.00000e+00  0.00000e+00  0.00000e+00  0.00000e+00
  0.00000e+00  0.00000e+00  0.00000e+00  0.00000e+00  0.00000e+00  0.00000e+00
  0.00000e+00  0.00000e+00  0.00000e+00  0.00000e+00  0.00000e+00  0.00000e+00
  0.00000e+00  0.00000e+00  0.00000e+00  0.00000e+00  0.00000e+00  0.00000e+00
  0.00000e+00  0.00000e+00  0.00000e+00  0.00000e+00  0.00000e+00  0.00000e+00
  0.00000e+00  0.00000e+00  0.00000e+00  0.00000e+00  0.00000e+00  0.00000e+00
  0.00000e+00  0.00000e+00  0.00000e+00  0.00000e+00  0.00000e+00  0.00000e+00
  0.00000e+00  0.00000e+00  0.00000e+00  0.00000e+00  0.00000e+00  0.00000e+00
  0.00000e+00  0.00000e+00  0.00000e+00  0.00000e+00  0.00000e+00  0.00000e+00
  0.00000e+00  0.00000e+00  0.00000e+00  0.00000e+00  0.00000e+00  0.00000e+00
  0.00000e+00  0.00000e+00  0.00000e+00  0.00000e+00  0.00000e+00  0.00000e+00
  0.00000e+00  0.00000e+00  0.00000e+00  0.00000e+00  0.00000e+00  0.00000e+00
  0.00000e+00  0.00000e+00  0.00000e+00  0.00000e+00  0.00000e+00  0.00000e+00
  0.00000e+00  0.00000e+00  0.00000e+00  0.00000e+00  0.00000e+00  0.00000e+00
  0.00000e+00  0.00000e+00  0.00000e+00  0.00000e+00  0.00000e+00  0.00000e+00
  0.00000e+00  0.00000e+00  0.00000e+00  0.00000e+00  0.00000e+00  0.00000e+00
  0.00000e+00  0.00000e+00  0.00000e+00  0.00000e+00  0.00000e+00  0.00000e+00
  0.00000e+00  0.00000e+00  0.00000e+00  0.00000e+00  0.00000e+00  0.00000e+00
  0.00000e+00  0.00000e+00  0.00000e+00  0.00000e+00  0.00000e+00  0.00000e+00
  0.00000e+00  0.00000e+00  0.00000e+00  0.00000e+00  0.00000e+00  0.00000e+00
  0.00000e+00  0.00000e+00  0.00000e+00  0.00000e+00  0.00000e+00  0.00000e+00
  0.00000e+00  0.00000e+00  0.00000e+00  0.00000e+00  0.00000e+00  0.00000e+00
  0.00000e+00  0.00000e+00  0.00000e+00  0.00000e+00  0.00000e+00  0.00000e+00
  0.00000e+00  0.00000e+00  0.00000e+00  0.00000e+00  0.00000e+00  0.00000e+00
  0.00000e+00  0.00000e+00  0.00000e+00  0.00000e+00  0.00000e+00  0.00000e+00
  0.00000e+00  0.00000e+00  0.00000e+00  0.00000e+00  0.00000e+00  0.00000e+00
  0.00000e+00  0.00000e+00  0.00000e+00  0.00000e+00  0.00000e+00  0.00000e+00
  0.00000e+00  0.00000e+00  0.00000e+00  0.00000e+00  0.00000e+00  0.00000e+00
  0.00000e+00  0.00000e+00  0.00000e+00  0.00000e+00  0.00000e+00  0.00000e+00
  0.00000e+00  0.00000e+00  0.00000e+00  0.00000e+00  0.00000e+00  0.00000e+00
  0.00000e+00  0.00000e+00  0.00000e+00  0.00000e+00  0.00000e+00  0.00000e+00
  0.00000e+00  0.00000e+00  0.00000e+00  0.00000e+00  0.00000e+00  0.00000e+00
  0.00000e+00  0.00000e+00  0.00000e+00  0.00000e+00  0.00000e+00  0.00000e+00
  0.00000e+00  0.00000e+00  0.00000e+00  0.00000e+00  0.00000e+00  0.00000e+00
  0.00000e+00  0.00000e+00  0.00000e+00  0.00000e+00  0.00000e+00  0.00000e+00
  0.00000e+00  0.00000e+00  0.00000e+00  0.00000e+00  0.00000e+00  0.00000e+00
  0.00000e+00  0.00000e+00  0.00000e+00  0.00000e+00  0.00000e+00  0.00000e+00
  0.00000e+00  0.00000e+00  0.00000e+00  0.00000e+00  0.00000e+00  0.00000e+00
  0.00000e+00  0.00000e+00  0.00000e+00  0.00000e+00  0.00000e+00  0.00000e+00
  0.00000e+00  0.00000e+00  0.00000e+00  0.00000e+00  0.00000e+00  0.00000e+00
  0.00000e+00  0.00000e+00  0.00000e+00  0.00000e+00  0.00000e+00  0.00000e+00
  0.00000e+00  0.00000e+00  0.00000e+00  0.00000e+00  0.00000e+00  0.00000e+00
  0.00000e+00  0.00000e+00  0.00000e+00  0.00000e+00  0.00000e+00  0.00000e+00
  0.00000e+00  0.00000e+00  0.00000e+00  0.00000e+00  0.00000e+00  0.00000e+00
  0.00000e+00  0.00000e+00  0.00000e+00  0.00000e+00  0.00000e+00  0.00000e+00
  0.00000e+00  0.00000e+00  0.00000e+00  0.00000e+00  0.00000e+00  0.00000e+00
  0.00000e+00  0.00000e+00  0.00000e+00  0.00000e+00  0.00000e+00  0.00000e+00
  0.00000e+00  0.00000e+00  0.00000e+00  0.00000e+00  0.00000e+00  0.00000e+00
  0.00000e+00  0.00000e+00  0.00000e+00  0.00000e+00  0.00000e+00  0.00000e+00
  0.00000e+00  0.00000e+00  0.00000e+00  0.00000e+00  0.00000e+00  0.00000e+00
  0.00000e+00  0.00000e+00  0.00000e+00  0.00000e+00  0.00000e+00  0.00000e+00
  0.00000e+00  0.00000e+00  0.00000e+00  0.00000e+00  0.00000e+00  0.00000e+00
  0.00000e+00  0.00000e+00  0.00000e+00  0.00000e+00  0.00000e+00  0.00000e+00
  0.00000e+00  0.00000e+00  0.00000e+00  0.00000e+00  0.00000e+00  0.00000e+00
  0.00000e+00  0.00000e+00  0.00000e+00  0.00000e+00  0.00000e+00  0.00000e+00
  0.00000e+00  0.00000e+00  0.00000e+00  0.00000e+00  0.00000e+00  0.00000e+00
  0.00000e+00  0.00000e+00  0.00000e+00  0.00000e+00  0.00000e+00  0.00000e+00
  0.00000e+00  0.00000e+00  0.00000e+00  0.00000e+00  0.00000e+00  0.00000e+00
  0.00000e+00  0.00000e+00  0.00000e+00  0.00000e+00  0.00000e+00  0.00000e+00
  0.00000e+00  0.00000e+00  0.00000e+00  0.00000e+00  0.00000e+00  0.00000e+00
  0.00000e+00  0.00000e+00  0.00000e+00  0.00000e+00  0.00000e+00  0.00000e+00
  0.00000e+00  0.00000e+00  0.00000e+00  0.00000e+00  0.00000e+00  0.00000e+00
  0.00000e+00  0.00000e+00  0.00000e+00  0.00000e+00  0.00000e+00  0.00000e+00
  0.00000e+00  0.00000e+00  0.00000e+00  0.00000e+00  0.00000e+00  0.00000e+00
  0.00000e+00  0.00000e+00  0.00000e+00  0.00000e+00  0.00000e+00  0.00000e+00
