  10
  63  17                  QRZ           172.518300          -40.831850
  99  38                  NNZ           173.374510          -41.210280
 157  43                  WEL           174.761630          -41.288480
  34  68                  DSZ           171.811680          -41.742400
  79  69                  THZ           172.895160          -41.767380
 106 105                  KHZ           173.550090          -42.413470
  20 123                  INZ           171.449070          -42.725890
  54 126                  LTZ           172.279820          -42.788710
  85 136                  GVZ           173.038530          -42.971280
  45 156                  OXZ           172.050490          -43.325840
