AZ_TRO     000 TITLE
6000  5.00000e-03 0 0 -5.00000e-02  0.00000e+00  0.00000e+00  0.00000e+00
 -1.48740e-12  1.66343e-06  7.35719e-06  1.95733e-05  4.01342e-05  6.98751e-05
  1.08703e-04  1.55681e-04  2.09061e-04  2.66412e-04  3.24889e-04  3.81519e-04
  4.33463e-04  4.78303e-04  5.14305e-04  5.40553e-04  5.56973e-04  5.64417e-04
  5.64721e-04  5.60384e-04  5.53775e-04  5.46349e-04  5.38505e-04  5.30097e-04
  5.20993e-04  5.11222e-04  5.00832e-04  4.89802e-04  4.78104e-04  4.65740e-04
  4.52712e-04  4.39007e-04  4.24628e-04  4.09578e-04  3.93829e-04  3.77362e-04
  3.60226e-04  3.42453e-04  3.23913e-04  3.04462e-04  2.84505e-04  2.63834e-04
  2.42449e-04  2.20346e-04  1.97525e-04  1.73984e-04  1.49723e-04  1.24743e-04
  9.90443e-05  7.26291e-05  4.54998e-05  1.76596e-05 -1.08874e-05 -4.01360e-05
 -7.00805e-05 -1.00714e-04 -1.32029e-04 -1.64016e-04 -1.96666e-04 -2.29967e-04
 -2.63908e-04 -2.98476e-04 -3.33657e-04 -3.69434e-04 -4.05792e-04 -4.42713e-04
 -4.80178e-04 -5.18167e-04 -5.56658e-04 -5.95628e-04 -6.35054e-04 -6.74910e-04
 -7.15169e-04 -7.55805e-04 -7.96786e-04 -8.38084e-04 -8.79666e-04 -9.21499e-04
 -9.63548e-04 -1.00578e-03 -1.04815e-03 -1.09063e-03 -1.13318e-03 -1.17575e-03
 -1.21830e-03 -1.26079e-03 -1.30318e-03 -1.34541e-03 -1.38745e-03 -1.42924e-03
 -1.47073e-03 -1.51188e-03 -1.55263e-03 -1.59294e-03 -1.63274e-03 -1.67198e-03
 -1.71061e-03 -1.74858e-03 -1.78583e-03 -1.82229e-03 -1.85792e-03 -1.89265e-03
 -1.92643e-03 -1.95920e-03 -1.99089e-03 -2.02145e-03 -2.05081e-03 -2.07893e-03
 -2.10572e-03 -2.13115e-03 -2.15513e-03 -2.17762e-03 -2.19856e-03 -2.21787e-03
 -2.23551e-03 -2.25141e-03 -2.26552e-03 -2.27776e-03 -2.28809e-03 -2.29645e-03
 -2.30278e-03 -2.30702e-03 -2.30911e-03 -2.30901e-03 -2.30665e-03 -2.30199e-03
 -2.29497e-03 -2.28554e-03 -2.27366e-03 -2.25926e-03 -2.24232e-03 -2.22277e-03
 -2.20059e-03 -2.17572e-03 -2.14812e-03 -2.11776e-03 -2.08461e-03 -2.04862e-03
 -2.00976e-03 -1.96801e-03 -1.92333e-03 -1.87570e-03 -1.82509e-03 -1.77149e-03
 -1.71487e-03 -1.65521e-03 -1.59251e-03 -1.52674e-03 -1.45791e-03 -1.38599e-03
 -1.31099e-03 -1.23290e-03 -1.15172e-03 -1.06746e-03 -9.80120e-04 -8.89707e-04
 -7.96233e-04 -6.99709e-04 -6.00151e-04 -4.97578e-04 -3.92010e-04 -2.83470e-04
 -1.71985e-04 -5.75826e-05  5.97055e-05  1.79845e-04  3.02800e-04  4.28529e-04
  5.56990e-04  6.88138e-04  8.21924e-04  9.58296e-04  1.09720e-03  1.23857e-03
  1.38236e-03  1.52849e-03  1.67690e-03  1.82751e-03  1.98024e-03  2.13503e-03
  2.29177e-03  2.45039e-03  2.61079e-03  2.77287e-03  2.93653e-03  3.10166e-03
  3.26815e-03  3.43588e-03  3.60473e-03  3.77457e-03  3.94526e-03  4.11667e-03
  4.28864e-03  4.46102e-03  4.63366e-03  4.80638e-03  4.97901e-03  5.15137e-03
  5.32327e-03  5.49452e-03  5.66490e-03  5.83421e-03  6.00223e-03  6.16873e-03
  6.33347e-03  6.49622e-03  6.65671e-03  6.81468e-03  6.96987e-03  7.12199e-03
  7.27077e-03  7.41590e-03  7.55708e-03  7.69400e-03  7.82633e-03  7.95375e-03
  8.07592e-03  8.19249e-03  8.30312e-03  8.40745e-03  8.50510e-03  8.59571e-03
  8.67889e-03  8.75427e-03  8.82144e-03  8.88001e-03  8.92959e-03  8.96977e-03
  9.00013e-03  9.02027e-03  9.02977e-03  9.02821e-03  9.01519e-03  8.99028e-03
  8.95307e-03  8.90314e-03  8.84008e-03  8.76348e-03  8.67295e-03  8.56806e-03
  8.44845e-03  8.31371e-03  8.16346e-03  7.99735e-03  7.81499e-03  7.61606e-03
  7.40020e-03  7.16709e-03  6.91643e-03  6.64791e-03  6.36126e-03  6.05622e-03
  5.73254e-03  5.39000e-03  5.02841e-03  4.64758e-03  4.24735e-03  3.82760e-03
  3.38823e-03  2.92915e-03  2.45031e-03  1.95169e-03  1.43330e-03  8.95185e-04
  3.37412e-04 -2.39913e-04 -8.36650e-04 -1.45262e-03 -2.08763e-03 -2.74141e-03
 -3.41368e-03 -4.10412e-03 -4.81237e-03 -5.53802e-03 -6.28063e-03 -7.03971e-03
 -7.81474e-03 -8.60515e-03 -9.41033e-03 -1.02296e-02 -1.10623e-02 -1.19077e-02
 -1.27650e-02 -1.36333e-02 -1.45118e-02 -1.53995e-02 -1.62956e-02 -1.71989e-02
 -1.81085e-02 -1.90232e-02 -1.99419e-02 -2.08635e-02 -2.17867e-02 -2.27102e-02
 -2.36327e-02 -2.45530e-02 -2.54695e-02 -2.63810e-02 -2.72858e-02 -2.81827e-02
 -2.90699e-02 -2.99460e-02 -3.08093e-02 -3.16583e-02 -3.24912e-02 -3.33064e-02
 -3.41022e-02 -3.48769e-02 -3.56286e-02 -3.63557e-02 -3.70563e-02 -3.77286e-02
 -3.83707e-02 -3.89810e-02 -3.95574e-02 -4.00982e-02 -4.06015e-02 -4.10654e-02
 -4.14880e-02 -4.18676e-02 -4.22022e-02 -4.24901e-02 -4.27293e-02 -4.29181e-02
 -4.30546e-02 -4.31370e-02 -4.31637e-02 -4.31327e-02 -4.30425e-02 -4.28914e-02
 -4.26776e-02 -4.23996e-02 -4.20558e-02 -4.16446e-02 -4.11646e-02 -4.06143e-02
 -3.99924e-02 -3.92974e-02 -3.85281e-02 -3.76833e-02 -3.67618e-02 -3.57625e-02
 -3.46843e-02 -3.35262e-02 -3.22875e-02 -3.09671e-02 -2.95645e-02 -2.80788e-02
 -2.65094e-02 -2.48560e-02 -2.31179e-02 -2.12948e-02 -1.93865e-02 -1.73926e-02
 -1.53132e-02 -1.31482e-02 -1.08976e-02 -8.56152e-03 -6.14022e-03 -3.63400e-03
 -1.04324e-03  1.63158e-03  4.38990e-03  7.23107e-03  1.01544e-02  1.31590e-02
  1.62440e-02  1.94084e-02  2.26513e-02  2.59713e-02  2.93674e-02  3.28383e-02
  3.63825e-02  3.99986e-02  4.36851e-02  4.74405e-02  5.12630e-02  5.51510e-02
  5.91026e-02  6.31161e-02  6.71895e-02  7.13208e-02  7.55080e-02  7.97492e-02
  8.40420e-02  8.83844e-02  9.27741e-02  9.72089e-02  1.01686e-01  1.06204e-01
  1.10760e-01  1.15351e-01  1.19976e-01  1.24631e-01  1.29314e-01  1.34022e-01
  1.38753e-01  1.43505e-01  1.48273e-01  1.53057e-01  1.57853e-01  1.62658e-01
  1.67470e-01  1.72285e-01  1.77102e-01  1.81917e-01  1.86727e-01  1.91530e-01
  1.96323e-01  2.01103e-01  2.05867e-01  2.10613e-01  2.15337e-01  2.20036e-01
  2.24709e-01  2.29351e-01  2.33960e-01  2.38534e-01  2.43070e-01  2.47564e-01
  2.52014e-01  2.56417e-01  2.60771e-01  2.65073e-01  2.69319e-01  2.73508e-01
  2.77636e-01  2.81702e-01  2.85702e-01  2.89634e-01  2.93496e-01  2.97284e-01
  3.00997e-01  3.04632e-01  3.08187e-01  3.11660e-01  3.15048e-01  3.18349e-01
  3.21562e-01  3.24683e-01  3.27713e-01  3.30647e-01  3.33485e-01  3.36225e-01
  3.38865e-01  3.41404e-01  3.43840e-01  3.46173e-01  3.48399e-01  3.50520e-01
  3.52533e-01  3.54437e-01  3.56232e-01  3.57918e-01  3.59492e-01  3.60955e-01
  3.62307e-01  3.63548e-01  3.64676e-01  3.65692e-01  3.66597e-01  3.67391e-01
  3.68073e-01  3.68646e-01  3.69108e-01  3.69462e-01  3.69708e-01  3.69847e-01
  3.69880e-01  3.69810e-01  3.69638e-01  3.69365e-01  3.68993e-01  3.68525e-01
  3.67962e-01  3.67308e-01  3.66563e-01  3.65733e-01  3.64818e-01  3.63823e-01
  3.62750e-01  3.61603e-01  3.60385e-01  3.59100e-01  3.57752e-01  3.56344e-01
  3.54882e-01  3.53369e-01  3.51809e-01  3.50208e-01  3.48570e-01  3.46900e-01
  3.45204e-01  3.43485e-01  3.41751e-01  3.40006e-01  3.38255e-01  3.36506e-01
  3.34763e-01  3.33033e-01  3.31321e-01  3.29635e-01  3.27980e-01  3.26363e-01
  3.24791e-01  3.23270e-01  3.21807e-01  3.20408e-01  3.19082e-01  3.17834e-01
  3.16673e-01  3.15604e-01  3.14636e-01  3.13775e-01  3.13029e-01  3.12405e-01
  3.11911e-01  3.11554e-01  3.11340e-01  3.11278e-01  3.11375e-01  3.11638e-01
  3.12074e-01  3.12691e-01  3.13495e-01  3.14495e-01  3.15696e-01  3.17106e-01
  3.18733e-01  3.20581e-01  3.22660e-01  3.24974e-01  3.27530e-01  3.30335e-01
  3.33394e-01  3.36714e-01  3.40300e-01  3.44159e-01  3.48294e-01  3.52713e-01
  3.57418e-01  3.62416e-01  3.67711e-01  3.73307e-01  3.79207e-01  3.85417e-01
  3.91938e-01  3.98774e-01  4.05929e-01  4.13403e-01  4.21200e-01  4.29322e-01
  4.37769e-01  4.46543e-01  4.55645e-01  4.65074e-01  4.74831e-01  4.84916e-01
  4.95326e-01  5.06062e-01  5.17121e-01  5.28501e-01  5.40199e-01  5.52213e-01
  5.64539e-01  5.77172e-01  5.90108e-01  6.03342e-01  6.16869e-01  6.30682e-01
  6.44775e-01  6.59141e-01  6.73773e-01  6.88661e-01  7.03798e-01  7.19175e-01
  7.34781e-01  7.50606e-01  7.66641e-01  7.82872e-01  7.99289e-01  8.15879e-01
  8.32629e-01  8.49525e-01  8.66553e-01  8.83700e-01  9.00949e-01  9.18284e-01
  9.35690e-01  9.53150e-01  9.70647e-01  9.88161e-01  1.00568e+00  1.02317e+00
  1.04063e+00  1.05803e+00  1.07535e+00  1.09257e+00  1.10967e+00  1.12663e+00
  1.14343e+00  1.16003e+00  1.17643e+00  1.19258e+00  1.20849e+00  1.22411e+00
  1.23942e+00  1.25439e+00  1.26901e+00  1.28325e+00  1.29707e+00  1.31046e+00
  1.32339e+00  1.33582e+00  1.34774e+00  1.35911e+00  1.36991e+00  1.38011e+00
  1.38969e+00  1.39860e+00  1.40683e+00  1.41435e+00  1.42113e+00  1.42714e+00
  1.43236e+00  1.43675e+00  1.44028e+00  1.44294e+00  1.44469e+00  1.44550e+00
  1.44534e+00  1.44420e+00  1.44204e+00  1.43883e+00  1.43455e+00  1.42918e+00
  1.42268e+00  1.41503e+00  1.40621e+00  1.39620e+00  1.38496e+00  1.37248e+00
  1.35873e+00  1.34369e+00  1.32734e+00  1.30966e+00  1.29064e+00  1.27024e+00
  1.24845e+00  1.22526e+00  1.20065e+00  1.17460e+00  1.14710e+00  1.11813e+00
  1.08768e+00  1.05574e+00  1.02231e+00  9.87360e-01  9.50894e-01  9.12903e-01
  8.73381e-01  8.32323e-01  7.89726e-01  7.45589e-01  6.99910e-01  6.52691e-01
  6.03933e-01  5.53640e-01  5.01818e-01  4.48473e-01  3.93613e-01  3.37248e-01
  2.79388e-01  2.20048e-01  1.59240e-01  9.69820e-02  3.32907e-02 -3.18145e-02
 -9.83124e-02 -1.66180e-01 -2.35394e-01 -3.05927e-01 -3.77752e-01 -4.50839e-01
 -5.25157e-01 -6.00673e-01 -6.77352e-01 -7.55158e-01 -8.34053e-01 -9.13995e-01
 -9.94945e-01 -1.07686e+00 -1.15969e+00 -1.24339e+00 -1.32792e+00 -1.41321e+00
 -1.49923e+00 -1.58592e+00 -1.67322e+00 -1.76107e+00 -1.84942e+00 -1.93821e+00
 -2.02737e+00 -2.11685e+00 -2.20658e+00 -2.29649e+00 -2.38651e+00 -2.47659e+00
 -2.56664e+00 -2.65660e+00 -2.74640e+00 -2.83595e+00 -2.92520e+00 -3.01406e+00
 -3.10246e+00 -3.19032e+00 -3.27756e+00 -3.36410e+00 -3.44987e+00 -3.53478e+00
 -3.61876e+00 -3.70172e+00 -3.78358e+00 -3.86426e+00 -3.94368e+00 -4.02175e+00
 -4.09840e+00 -4.17354e+00 -4.24709e+00 -4.31896e+00 -4.38908e+00 -4.45737e+00
 -4.52374e+00 -4.58811e+00 -4.65041e+00 -4.71055e+00 -4.76845e+00 -4.82405e+00
 -4.87726e+00 -4.92801e+00 -4.97623e+00 -5.02184e+00 -5.06477e+00 -5.10496e+00
 -5.14233e+00 -5.17682e+00 -5.20837e+00 -5.23691e+00 -5.26239e+00 -5.28475e+00
 -5.30392e+00 -5.31987e+00 -5.33254e+00 -5.34188e+00 -5.34785e+00 -5.35040e+00
 -5.34950e+00 -5.34510e+00 -5.33719e+00 -5.32571e+00 -5.31067e+00 -5.29201e+00
 -5.26973e+00 -5.24381e+00 -5.21423e+00 -5.18099e+00 -5.14408e+00 -5.10350e+00
 -5.05926e+00 -5.01135e+00 -4.95978e+00 -4.90458e+00 -4.84575e+00 -4.78332e+00
 -4.71731e+00 -4.64776e+00 -4.57470e+00 -4.49816e+00 -4.41819e+00 -4.33484e+00
 -4.24814e+00 -4.15816e+00 -4.06496e+00 -3.96859e+00 -3.86913e+00 -3.76663e+00
 -3.66118e+00 -3.55286e+00 -3.44174e+00 -3.32790e+00 -3.21145e+00 -3.09246e+00
 -2.97103e+00 -2.84726e+00 -2.72126e+00 -2.59312e+00 -2.46295e+00 -2.33087e+00
 -2.19698e+00 -2.06141e+00 -1.92426e+00 -1.78566e+00 -1.64573e+00 -1.50458e+00
 -1.36236e+00 -1.21918e+00 -1.07517e+00 -9.30465e-01 -7.85188e-01 -6.39472e-01
 -4.93449e-01 -3.47252e-01 -2.01011e-01 -5.48597e-02  9.10700e-02  2.36647e-01
  3.81739e-01  5.26216e-01  6.69948e-01  8.12807e-01  9.54666e-01  1.09540e+00
  1.23488e+00  1.37299e+00  1.50960e+00  1.64461e+00  1.77788e+00  1.90931e+00
  2.03879e+00  2.16621e+00  2.29146e+00  2.41445e+00  2.53507e+00  2.65322e+00
  2.76881e+00  2.88176e+00  2.99198e+00  3.09939e+00  3.20391e+00  3.30547e+00
  3.40398e+00  3.49940e+00  3.59166e+00  3.68070e+00  3.76646e+00  3.84889e+00
  3.92796e+00  4.00362e+00  4.07583e+00  4.14456e+00  4.20978e+00  4.27147e+00
  4.32960e+00  4.38416e+00  4.43514e+00  4.48254e+00  4.52633e+00  4.56653e+00
  4.60315e+00  4.63617e+00  4.66563e+00  4.69153e+00  4.71389e+00  4.73274e+00
  4.74809e+00  4.75999e+00  4.76845e+00  4.77352e+00  4.77523e+00  4.77362e+00
  4.76874e+00  4.76064e+00  4.74935e+00  4.73494e+00  4.71746e+00  4.69696e+00
  4.67350e+00  4.64714e+00  4.61794e+00  4.58597e+00  4.55129e+00  4.51396e+00
  4.47406e+00  4.43165e+00  4.38681e+00  4.33959e+00  4.29009e+00  4.23836e+00
  4.18448e+00  4.12853e+00  4.07058e+00  4.01071e+00  3.94899e+00  3.88549e+00
  3.82030e+00  3.75349e+00  3.68513e+00  3.61529e+00  3.54407e+00  3.47152e+00
  3.39773e+00  3.32277e+00  3.24671e+00  3.16963e+00  3.09160e+00  3.01269e+00
  2.93297e+00  2.85252e+00  2.77140e+00  2.68969e+00  2.60744e+00  2.52474e+00
  2.44165e+00  2.35822e+00  2.27454e+00  2.19065e+00  2.10663e+00  2.02253e+00
  1.93841e+00  1.85435e+00  1.77038e+00  1.68658e+00  1.60299e+00  1.51968e+00
  1.43669e+00  1.35409e+00  1.27191e+00  1.19021e+00  1.10905e+00  1.02846e+00
  9.48496e-01  8.69205e-01  7.90628e-01  7.12811e-01  6.35795e-01  5.59620e-01
  4.84327e-01  4.09954e-01  3.36539e-01  2.64117e-01  1.92723e-01  1.22391e-01
  5.31532e-02 -1.49593e-02 -8.19163e-02 -1.47689e-01 -2.12251e-01 -2.75574e-01
 -3.37635e-01 -3.98409e-01 -4.57873e-01 -5.16007e-01 -5.72790e-01 -6.28204e-01
 -6.82231e-01 -7.34854e-01 -7.86058e-01 -8.35829e-01 -8.84154e-01 -9.31023e-01
 -9.76423e-01 -1.02035e+00 -1.06279e+00 -1.10374e+00 -1.14319e+00 -1.18114e+00
 -1.21759e+00 -1.25253e+00 -1.28597e+00 -1.31790e+00 -1.34833e+00 -1.37725e+00
 -1.40468e+00 -1.43061e+00 -1.45506e+00 -1.47803e+00 -1.49953e+00 -1.51957e+00
 -1.53816e+00 -1.55531e+00 -1.57103e+00 -1.58534e+00 -1.59825e+00 -1.60978e+00
 -1.61994e+00 -1.62874e+00 -1.63622e+00 -1.64239e+00 -1.64726e+00 -1.65085e+00
 -1.65320e+00 -1.65432e+00 -1.65423e+00 -1.65295e+00 -1.65052e+00 -1.64695e+00
 -1.64227e+00 -1.63650e+00 -1.62968e+00 -1.62182e+00 -1.61296e+00 -1.60312e+00
 -1.59233e+00 -1.58061e+00 -1.56800e+00 -1.55453e+00 -1.54022e+00 -1.52510e+00
 -1.50920e+00 -1.49255e+00 -1.47518e+00 -1.45712e+00 -1.43840e+00 -1.41904e+00
 -1.39908e+00 -1.37854e+00 -1.35745e+00 -1.33585e+00 -1.31375e+00 -1.29120e+00
 -1.26821e+00 -1.24481e+00 -1.22104e+00 -1.19691e+00 -1.17246e+00 -1.14770e+00
 -1.12268e+00 -1.09741e+00 -1.07191e+00 -1.04622e+00 -1.02035e+00 -9.94333e-01
 -9.68186e-01 -9.41934e-01 -9.15599e-01 -8.89201e-01 -8.62762e-01 -8.36303e-01
 -8.09841e-01 -7.83398e-01 -7.56990e-01 -7.30636e-01 -7.04354e-01 -6.78159e-01
 -6.52068e-01 -6.26097e-01 -6.00260e-01 -5.74571e-01 -5.49044e-01 -5.23693e-01
 -4.98529e-01 -4.73565e-01 -4.48813e-01 -4.24283e-01 -3.99985e-01 -3.75930e-01
 -3.52127e-01 -3.28584e-01 -3.05309e-01 -2.82312e-01 -2.59598e-01 -2.37174e-01
 -2.15048e-01 -1.93225e-01 -1.71711e-01 -1.50510e-01 -1.29629e-01 -1.09071e-01
 -8.88406e-02 -6.89415e-02 -4.93774e-02 -3.01514e-02 -1.12663e-02  7.27512e-03
  2.54706e-02  4.33180e-02  6.08154e-02  7.79613e-02  9.47541e-02  1.11192e-01
  1.27275e-01  1.43002e-01  1.58371e-01  1.73382e-01  1.88035e-01  2.02329e-01
  2.16264e-01  2.29839e-01  2.43055e-01  2.55912e-01  2.68410e-01  2.80549e-01
  2.92330e-01  3.03753e-01  3.14818e-01  3.25527e-01  3.35880e-01  3.45877e-01
  3.55519e-01  3.64808e-01  3.73743e-01  3.82327e-01  3.90560e-01  3.98443e-01
  4.05978e-01  4.13166e-01  4.20008e-01  4.26506e-01  4.32661e-01  4.38475e-01
  4.43950e-01  4.49087e-01  4.53889e-01  4.58357e-01  4.62494e-01  4.66302e-01
  4.69783e-01  4.72940e-01  4.75775e-01  4.78292e-01  4.80492e-01  4.82380e-01
  4.83957e-01  4.85228e-01  4.86196e-01  4.86864e-01  4.87237e-01  4.87317e-01
  4.87109e-01  4.86617e-01  4.85846e-01  4.84799e-01  4.83482e-01  4.81899e-01
  4.80056e-01  4.77956e-01  4.75606e-01  4.73012e-01  4.70177e-01  4.67108e-01
  4.63811e-01  4.60292e-01  4.56555e-01  4.52609e-01  4.48458e-01  4.44109e-01
  4.39568e-01  4.34842e-01  4.29938e-01  4.24862e-01  4.19622e-01  4.14223e-01
  4.08672e-01  4.02977e-01  3.97145e-01  3.91181e-01  3.85094e-01  3.78889e-01
  3.72574e-01  3.66156e-01  3.59640e-01  3.53035e-01  3.46347e-01  3.39582e-01
  3.32747e-01  3.25849e-01  3.18893e-01  3.11887e-01  3.04836e-01  2.97746e-01
  2.90624e-01  2.83474e-01  2.76303e-01  2.69115e-01  2.61917e-01  2.54714e-01
  2.47509e-01  2.40309e-01  2.33117e-01  2.25937e-01  2.18775e-01  2.11634e-01
  2.04517e-01  1.97429e-01  1.90373e-01  1.83352e-01  1.76368e-01  1.69426e-01
  1.62527e-01  1.55674e-01  1.48869e-01  1.42114e-01  1.35412e-01  1.28763e-01
  1.22170e-01  1.15634e-01  1.09155e-01  1.02736e-01  9.63775e-02  9.00799e-02
  8.38442e-02  7.76713e-02  7.15615e-02  6.55154e-02  5.95334e-02  5.36159e-02
  4.77631e-02  4.19754e-02  3.62528e-02  3.05957e-02  2.50043e-02  1.94786e-02
  1.40189e-02  8.62546e-03  3.29850e-03 -1.96170e-03 -7.15480e-03 -1.22804e-02
 -1.73382e-02 -2.23276e-02 -2.72480e-02 -3.20990e-02 -3.68797e-02 -4.15893e-02
 -4.62272e-02 -5.07922e-02 -5.52833e-02 -5.96994e-02 -6.40392e-02 -6.83013e-02
 -7.24843e-02 -7.65866e-02 -8.06064e-02 -8.45421e-02 -8.83917e-02 -9.21533e-02
 -9.58249e-02 -9.94045e-02 -1.02890e-01 -1.06279e-01 -1.09569e-01 -1.12758e-01
 -1.15843e-01 -1.18823e-01 -1.21694e-01 -1.24455e-01 -1.27102e-01 -1.29633e-01
 -1.32045e-01 -1.34337e-01 -1.36506e-01 -1.38549e-01 -1.40464e-01 -1.42248e-01
 -1.43900e-01 -1.45417e-01 -1.46796e-01 -1.48037e-01 -1.49136e-01 -1.50092e-01
 -1.50904e-01 -1.51569e-01 -1.52087e-01 -1.52455e-01 -1.52674e-01 -1.52741e-01
 -1.52657e-01 -1.52420e-01 -1.52030e-01 -1.51486e-01 -1.50790e-01 -1.49939e-01
 -1.48936e-01 -1.47781e-01 -1.46474e-01 -1.45016e-01 -1.43408e-01 -1.41652e-01
 -1.39750e-01 -1.37703e-01 -1.35513e-01 -1.33183e-01 -1.30714e-01 -1.28110e-01
 -1.25374e-01 -1.22509e-01 -1.19517e-01 -1.16403e-01 -1.13170e-01 -1.09822e-01
 -1.06363e-01 -1.02798e-01 -9.91299e-02 -9.53644e-02 -9.15059e-02 -8.75593e-02
 -8.35295e-02 -7.94217e-02 -7.52412e-02 -7.09933e-02 -6.66834e-02 -6.23172e-02
 -5.79002e-02 -5.34381e-02 -4.89366e-02 -4.44014e-02 -3.98384e-02 -3.52532e-02
 -3.06516e-02 -2.60395e-02 -2.14226e-02 -1.68066e-02 -1.21973e-02 -7.60036e-03
 -3.02134e-03  1.53423e-03  6.06092e-03  1.05534e-02  1.50065e-02  1.94151e-02
  2.37741e-02  2.80789e-02  3.23245e-02  3.65065e-02  4.06204e-02  4.46619e-02
  4.86268e-02  5.25112e-02  5.63113e-02  6.00236e-02  6.36447e-02  6.71714e-02
  7.06007e-02  7.39299e-02  7.71563e-02  8.02775e-02  8.32913e-02  8.61955e-02
  8.89885e-02  9.16684e-02  9.42340e-02  9.66838e-02  9.90170e-02  1.01233e-01
  1.03330e-01  1.05309e-01  1.07168e-01  1.08909e-01  1.10531e-01  1.12033e-01
  1.13418e-01  1.14684e-01  1.15833e-01  1.16865e-01  1.17782e-01  1.18584e-01
  1.19273e-01  1.19850e-01  1.20317e-01  1.20674e-01  1.20924e-01  1.21068e-01
  1.21109e-01  1.21047e-01  1.20886e-01  1.20626e-01  1.20270e-01  1.19821e-01
  1.19280e-01  1.18649e-01  1.17932e-01  1.17129e-01  1.16244e-01  1.15279e-01
  1.14236e-01  1.13117e-01  1.11926e-01  1.10663e-01  1.09333e-01  1.07936e-01
  1.06476e-01  1.04954e-01  1.03373e-01  1.01736e-01  1.00044e-01  9.82999e-02
  9.65056e-02  9.46636e-02  9.27759e-02  9.08446e-02  8.88719e-02  8.68598e-02
  8.48103e-02  8.27256e-02  8.06073e-02  7.84576e-02  7.62783e-02  7.40712e-02
  7.18381e-02  6.95809e-02  6.73012e-02  6.50007e-02  6.26812e-02  6.03442e-02
  5.79914e-02  5.56244e-02  5.32446e-02  5.08537e-02  4.84530e-02  4.60440e-02
  4.36281e-02  4.12067e-02  3.87813e-02  3.63530e-02  3.39234e-02  3.14936e-02
  2.90651e-02  2.66391e-02  2.42168e-02  2.17995e-02  1.93884e-02  1.69848e-02
  1.45900e-02  1.22050e-02  9.83117e-03  7.46972e-03  5.12184e-03  2.78874e-03
  4.71627e-04 -1.82831e-03 -4.10988e-03 -6.37188e-03 -8.61314e-03 -1.08324e-02
 -1.30286e-02 -1.52005e-02 -1.73469e-02 -1.94667e-02 -2.15588e-02 -2.36219e-02
 -2.56550e-02 -2.76569e-02 -2.96266e-02 -3.15629e-02 -3.34646e-02 -3.53307e-02
 -3.71601e-02 -3.89516e-02 -4.07042e-02 -4.24168e-02 -4.40884e-02 -4.57180e-02
 -4.73044e-02 -4.88469e-02 -5.03445e-02 -5.17962e-02 -5.32012e-02 -5.45587e-02
 -5.58677e-02 -5.71276e-02 -5.83375e-02 -5.94966e-02 -6.06044e-02 -6.16601e-02
 -6.26631e-02 -6.36130e-02 -6.45091e-02 -6.53511e-02 -6.61385e-02 -6.68710e-02
 -6.75483e-02 -6.81702e-02 -6.87366e-02 -6.92473e-02 -6.97022e-02 -7.01014e-02
 -7.04449e-02 -7.07328e-02 -7.09652e-02 -7.11423e-02 -7.12644e-02 -7.13318e-02
 -7.13448e-02 -7.13038e-02 -7.12094e-02 -7.10621e-02 -7.08625e-02 -7.06113e-02
 -7.03091e-02 -6.99569e-02 -6.95554e-02 -6.91054e-02 -6.86079e-02 -6.80639e-02
 -6.74743e-02 -6.68401e-02 -6.61626e-02 -6.54428e-02 -6.46818e-02 -6.38810e-02
 -6.30415e-02 -6.21646e-02 -6.12518e-02 -6.03042e-02 -5.93233e-02 -5.83105e-02
 -5.72672e-02 -5.61949e-02 -5.50949e-02 -5.39688e-02 -5.28181e-02 -5.16442e-02
 -5.04486e-02 -4.92329e-02 -4.79985e-02 -4.67470e-02 -4.54800e-02 -4.41988e-02
 -4.29050e-02 -4.16002e-02 -4.02859e-02 -3.89636e-02 -3.76347e-02 -3.63009e-02
 -3.49635e-02 -3.36240e-02 -3.22839e-02 -3.09447e-02 -2.96077e-02 -2.82744e-02
 -2.69463e-02 -2.56246e-02 -2.43108e-02 -2.30062e-02 -2.17121e-02 -2.04298e-02
 -1.91606e-02 -1.79056e-02 -1.66661e-02 -1.54432e-02 -1.42380e-02 -1.30517e-02
 -1.18853e-02 -1.07399e-02 -9.61642e-03 -8.51597e-03 -7.43946e-03 -6.38779e-03
 -5.36185e-03 -4.36248e-03 -3.39050e-03 -2.44668e-03 -1.53179e-03 -6.46555e-04
  2.08307e-04  1.03211e-03  1.82421e-03  2.58397e-03  3.31082e-03  4.00421e-03
  4.66363e-03  5.28860e-03  5.87870e-03  6.43353e-03  6.95273e-03  7.43598e-03
  7.88298e-03  8.29346e-03  8.66717e-03  9.00392e-03  9.30351e-03  9.56580e-03
  9.79070e-03  9.97811e-03  1.01280e-02  1.02404e-02  1.03153e-02  1.03528e-02
  1.03529e-02  1.03158e-02  1.02416e-02  1.01305e-02  9.98260e-03  9.79824e-03
  9.57764e-03  9.32109e-03  9.02892e-03  8.70150e-03  8.33921e-03  7.94249e-03
  7.51183e-03  7.04774e-03  6.55074e-03  6.02141e-03  5.46035e-03  4.86817e-03
  4.24553e-03  3.59310e-03  2.91157e-03  2.20167e-03  1.46415e-03  6.99793e-04
 -9.05954e-05 -9.06179e-04 -1.74609e-03 -2.60944e-03 -3.49530e-03 -4.40276e-03
 -5.33086e-03 -6.27865e-03 -7.24519e-03 -8.22952e-03 -9.23065e-03 -1.02476e-02
 -1.12794e-02 -1.23249e-02 -1.33832e-02 -1.44532e-02 -1.55339e-02 -1.66241e-02
 -1.77230e-02 -1.88293e-02 -1.99421e-02 -2.10604e-02 -2.21831e-02 -2.33092e-02
 -2.44378e-02 -2.55679e-02 -2.66986e-02 -2.78289e-02 -2.89579e-02 -3.00847e-02
 -3.12083e-02 -3.23279e-02 -3.34426e-02 -3.45517e-02 -3.56542e-02 -3.67496e-02
 -3.78369e-02 -3.89155e-02 -3.99848e-02 -4.10441e-02 -4.20929e-02 -4.31305e-02
 -4.41564e-02 -4.51701e-02 -4.61711e-02 -4.71589e-02 -4.81331e-02 -4.90933e-02
 -5.00391e-02 -5.09703e-02 -5.18864e-02 -5.27873e-02 -5.36728e-02 -5.45426e-02
 -5.53967e-02 -5.62348e-02 -5.70568e-02 -5.78628e-02 -5.86526e-02 -5.94261e-02
 -6.01833e-02 -6.09242e-02 -6.16488e-02 -6.23570e-02 -6.30491e-02 -6.37248e-02
 -6.43845e-02 -6.50280e-02 -6.56556e-02 -6.62673e-02 -6.68631e-02 -6.74433e-02
 -6.80079e-02 -6.85571e-02 -6.90909e-02 -6.96094e-02 -7.01127e-02 -7.06010e-02
 -7.10742e-02 -7.15326e-02 -7.19761e-02 -7.24048e-02 -7.28188e-02 -7.32181e-02
 -7.36028e-02 -7.39728e-02 -7.43282e-02 -7.46689e-02 -7.49949e-02 -7.53061e-02
 -7.56026e-02 -7.58842e-02 -7.61508e-02 -7.64024e-02 -7.66389e-02 -7.68601e-02
 -7.70660e-02 -7.72564e-02 -7.74312e-02 -7.75901e-02 -7.77329e-02 -7.78594e-02
 -7.79695e-02 -7.80628e-02 -7.81390e-02 -7.81980e-02 -7.82395e-02 -7.82631e-02
 -7.82686e-02 -7.82558e-02 -7.82245e-02 -7.81743e-02 -7.81050e-02 -7.80164e-02
 -7.79082e-02 -7.77801e-02 -7.76319e-02 -7.74632e-02 -7.72738e-02 -7.70634e-02
 -7.68319e-02 -7.65790e-02 -7.63044e-02 -7.60080e-02 -7.56896e-02 -7.53491e-02
 -7.49862e-02 -7.46009e-02 -7.41931e-02 -7.37626e-02 -7.33095e-02 -7.28335e-02
 -7.23347e-02 -7.18132e-02 -7.12688e-02 -7.07018e-02 -7.01121e-02 -6.95000e-02
 -6.88655e-02 -6.82089e-02 -6.75304e-02 -6.68301e-02 -6.61084e-02 -6.53655e-02
 -6.46018e-02 -6.38176e-02 -6.30132e-02 -6.21891e-02 -6.13457e-02 -6.04835e-02
 -5.96029e-02 -5.87044e-02 -5.77885e-02 -5.68559e-02 -5.59071e-02 -5.49426e-02
 -5.39631e-02 -5.29692e-02 -5.19617e-02 -5.09411e-02 -4.99081e-02 -4.88636e-02
 -4.78082e-02 -4.67426e-02 -4.56675e-02 -4.45838e-02 -4.34922e-02 -4.23933e-02
 -4.12881e-02 -4.01772e-02 -3.90613e-02 -3.79414e-02 -3.68179e-02 -3.56918e-02
 -3.45638e-02 -3.34345e-02 -3.23047e-02 -3.11752e-02 -3.00465e-02 -2.89195e-02
 -2.77948e-02 -2.66730e-02 -2.55548e-02 -2.44408e-02 -2.33317e-02 -2.22279e-02
 -2.11302e-02 -2.00390e-02 -1.89548e-02 -1.78782e-02 -1.68096e-02 -1.57496e-02
 -1.46984e-02 -1.36565e-02 -1.26244e-02 -1.16024e-02 -1.05908e-02 -9.59005e-03
 -8.60035e-03 -7.62200e-03 -6.65527e-03 -5.70039e-03 -4.75758e-03 -3.82702e-03
 -2.90888e-03 -2.00331e-03 -1.11043e-03 -2.30340e-04  6.36848e-04  1.49105e-03
  2.33219e-03  3.16020e-03  3.97504e-03  4.77669e-03  5.56514e-03  6.34040e-03
  7.10249e-03  7.85145e-03  8.58732e-03  9.31014e-03  1.00200e-02  1.07169e-02
  1.14010e-02  1.20723e-02  1.27310e-02  1.33772e-02  1.40110e-02  1.46324e-02
  1.52416e-02  1.58389e-02  1.64242e-02  1.69977e-02  1.75596e-02  1.81100e-02
  1.86491e-02  1.91769e-02  1.96937e-02  2.01995e-02  2.06946e-02  2.11792e-02
  2.16533e-02  2.21172e-02  2.25711e-02  2.30151e-02  2.34495e-02  2.38744e-02
  2.42899e-02  2.46963e-02  2.50937e-02  2.54824e-02  2.58625e-02  2.62342e-02
  2.65977e-02  2.69532e-02  2.73009e-02  2.76410e-02  2.79736e-02  2.82991e-02
  2.86175e-02  2.89292e-02  2.92342e-02  2.95329e-02  2.98255e-02  3.01121e-02
  3.03929e-02  3.06683e-02  3.09384e-02  3.12034e-02  3.14635e-02  3.17190e-02
  3.19700e-02  3.22168e-02  3.24597e-02  3.26987e-02  3.29341e-02  3.31661e-02
  3.33949e-02  3.36207e-02  3.38437e-02  3.40640e-02  3.42820e-02  3.44977e-02
  3.47114e-02  3.49233e-02  3.51335e-02  3.53423e-02  3.55499e-02  3.57563e-02
  3.59619e-02  3.61666e-02  3.63708e-02  3.65744e-02  3.67776e-02  3.69806e-02
  3.71835e-02  3.73863e-02  3.75892e-02  3.77922e-02  3.79956e-02  3.81992e-02
  3.84033e-02  3.86078e-02  3.88128e-02  3.90183e-02  3.92244e-02  3.94311e-02
  3.96383e-02  3.98461e-02  4.00544e-02  4.02632e-02  4.04725e-02  4.06821e-02
  4.08921e-02  4.11024e-02  4.13128e-02  4.15232e-02  4.17335e-02  4.19436e-02
  4.21533e-02  4.23625e-02  4.25710e-02  4.27788e-02  4.29854e-02  4.31909e-02
  4.33950e-02  4.35976e-02  4.37983e-02  4.39969e-02  4.41932e-02  4.43870e-02
  4.45779e-02  4.47657e-02  4.49501e-02  4.51308e-02  4.53074e-02  4.54797e-02
  4.56475e-02  4.58102e-02  4.59678e-02  4.61198e-02  4.62659e-02  4.64058e-02
  4.65393e-02  4.66660e-02  4.67856e-02  4.68979e-02  4.70024e-02  4.70990e-02
  4.71872e-02  4.72668e-02  4.73375e-02  4.73990e-02  4.74509e-02  4.74930e-02
  4.75250e-02  4.75466e-02  4.75575e-02  4.75576e-02  4.75465e-02  4.75240e-02
  4.74900e-02  4.74442e-02  4.73865e-02  4.73166e-02  4.72345e-02  4.71400e-02
  4.70330e-02  4.69133e-02  4.67809e-02  4.66356e-02  4.64773e-02  4.63061e-02
  4.61218e-02  4.59245e-02  4.57140e-02  4.54905e-02  4.52540e-02  4.50045e-02
  4.47421e-02  4.44668e-02  4.41788e-02  4.38781e-02  4.35650e-02  4.32395e-02
  4.29019e-02  4.25522e-02  4.21907e-02  4.18176e-02  4.14330e-02  4.10372e-02
  4.06304e-02  4.02129e-02  3.97849e-02  3.93468e-02  3.88987e-02  3.84411e-02
  3.79741e-02  3.74981e-02  3.70134e-02  3.65204e-02  3.60194e-02  3.55106e-02
  3.49945e-02  3.44713e-02  3.39414e-02  3.34051e-02  3.28628e-02  3.23148e-02
  3.17614e-02  3.12029e-02  3.06396e-02  3.00720e-02  2.95002e-02  2.89247e-02
  2.83456e-02  2.77634e-02  2.71782e-02  2.65904e-02  2.60003e-02  2.54080e-02
  2.48138e-02  2.42179e-02  2.36206e-02  2.30220e-02  2.24222e-02  2.18215e-02
  2.12199e-02  2.06177e-02  2.00150e-02  1.94118e-02  1.88082e-02  1.82043e-02
  1.76003e-02  1.69960e-02  1.63915e-02  1.57868e-02  1.51819e-02  1.45768e-02
  1.39713e-02  1.33655e-02  1.27592e-02  1.21523e-02  1.15446e-02  1.09361e-02
  1.03266e-02  9.71600e-03  9.10404e-03  8.49059e-03  7.87545e-03  7.25841e-03
  6.63926e-03  6.01776e-03  5.39369e-03  4.76679e-03  4.13680e-03  3.50346e-03
  2.86650e-03  2.22567e-03  1.58069e-03  9.31316e-04  2.77284e-04 -3.81655e-04
 -1.04575e-03 -1.71527e-03 -2.39045e-03 -3.07155e-03 -3.75880e-03 -4.45246e-03
 -5.15273e-03 -5.85983e-03 -6.57395e-03 -7.29525e-03 -8.02389e-03 -8.75999e-03
 -9.50367e-03 -1.02550e-02 -1.10141e-02 -1.17810e-02 -1.25557e-02 -1.33382e-02
 -1.41286e-02 -1.49267e-02 -1.57325e-02 -1.65460e-02 -1.73669e-02 -1.81952e-02
 -1.90306e-02 -1.98730e-02 -2.07221e-02 -2.15777e-02 -2.24394e-02 -2.33071e-02
 -2.41803e-02 -2.50586e-02 -2.59417e-02 -2.68291e-02 -2.77203e-02 -2.86147e-02
 -2.95119e-02 -3.04112e-02 -3.13121e-02 -3.22139e-02 -3.31161e-02 -3.40179e-02
 -3.49187e-02 -3.58179e-02 -3.67146e-02 -3.76083e-02 -3.84981e-02 -3.93832e-02
 -4.02630e-02 -4.11365e-02 -4.20030e-02 -4.28616e-02 -4.37115e-02 -4.45518e-02
 -4.53817e-02 -4.62004e-02 -4.70071e-02 -4.78009e-02 -4.85809e-02 -4.93465e-02
 -5.00967e-02 -5.08308e-02 -5.15479e-02 -5.22471e-02 -5.29278e-02 -5.35892e-02
 -5.42304e-02 -5.48507e-02 -5.54494e-02 -5.60259e-02 -5.65794e-02 -5.71094e-02
 -5.76152e-02 -5.80963e-02 -5.85521e-02 -5.89820e-02 -5.93856e-02 -5.97624e-02
 -6.01119e-02 -6.04337e-02 -6.07275e-02 -6.09929e-02 -6.12295e-02 -6.14371e-02
 -6.16155e-02 -6.17644e-02 -6.18837e-02 -6.19733e-02 -6.20330e-02 -6.20629e-02
 -6.20629e-02 -6.20330e-02 -6.19732e-02 -6.18838e-02 -6.17647e-02 -6.16162e-02
 -6.14384e-02 -6.12317e-02 -6.09961e-02 -6.07322e-02 -6.04401e-02 -6.01202e-02
 -5.97730e-02 -5.93988e-02 -5.89982e-02 -5.85716e-02 -5.81194e-02 -5.76421e-02
 -5.71404e-02 -5.66146e-02 -5.60655e-02 -5.54934e-02 -5.48992e-02 -5.42833e-02
 -5.36465e-02 -5.29894e-02 -5.23126e-02 -5.16169e-02 -5.09029e-02 -5.01714e-02
 -4.94230e-02 -4.86584e-02 -4.78783e-02 -4.70834e-02 -4.62744e-02 -4.54519e-02
 -4.46167e-02 -4.37695e-02 -4.29110e-02 -4.20418e-02 -4.11627e-02 -4.02744e-02
 -3.93775e-02 -3.84727e-02 -3.75608e-02 -3.66423e-02 -3.57179e-02 -3.47884e-02
 -3.38542e-02 -3.29161e-02 -3.19746e-02 -3.10303e-02 -3.00838e-02 -2.91357e-02
 -2.81866e-02 -2.72369e-02 -2.62874e-02 -2.53383e-02 -2.43904e-02 -2.34442e-02
 -2.25000e-02 -2.15585e-02 -2.06201e-02 -1.96853e-02 -1.87546e-02 -1.78283e-02
 -1.69071e-02 -1.59912e-02 -1.50810e-02 -1.41771e-02 -1.32798e-02 -1.23895e-02
 -1.15065e-02 -1.06313e-02 -9.76426e-03 -8.90570e-03 -8.05599e-03 -7.21548e-03
 -6.38452e-03 -5.56344e-03 -4.75256e-03 -3.95220e-03 -3.16267e-03 -2.38425e-03
 -1.61724e-03 -8.61913e-04 -1.18557e-04  6.12554e-04  1.33115e-03  2.03695e-03
  2.72971e-03  3.40916e-03  4.07506e-03  4.72715e-03  5.36521e-03  5.98900e-03
  6.59832e-03  7.19295e-03  7.77270e-03  8.33737e-03  8.88679e-03  9.42078e-03
  9.93920e-03  1.04419e-02  1.09287e-02  1.13995e-02  1.18542e-02  1.22927e-02
  1.27147e-02  1.31203e-02  1.35094e-02  1.38818e-02  1.42375e-02  1.45764e-02
  1.48985e-02  1.52037e-02  1.54921e-02  1.57637e-02  1.60183e-02  1.62561e-02
  1.64771e-02  1.66812e-02  1.68686e-02  1.70392e-02  1.71931e-02  1.73304e-02
  1.74512e-02  1.75555e-02  1.76434e-02  1.77151e-02  1.77707e-02  1.78103e-02
  1.78341e-02  1.78421e-02  1.78346e-02  1.78118e-02  1.77737e-02  1.77205e-02
  1.76525e-02  1.75698e-02  1.74725e-02  1.73610e-02  1.72355e-02  1.70960e-02
  1.69429e-02  1.67764e-02  1.65966e-02  1.64039e-02  1.61983e-02  1.59802e-02
  1.57497e-02  1.55071e-02  1.52525e-02  1.49863e-02  1.47086e-02  1.44197e-02
  1.41198e-02  1.38091e-02  1.34879e-02  1.31565e-02  1.28149e-02  1.24635e-02
  1.21025e-02  1.17320e-02  1.13523e-02  1.09636e-02  1.05660e-02  1.01598e-02
  9.74516e-03  9.32227e-03  8.89134e-03  8.45255e-03  8.00610e-03  7.55217e-03
  7.09094e-03  6.62256e-03  6.14722e-03  5.66505e-03  5.17621e-03  4.68085e-03
  4.17910e-03  3.67112e-03  3.15705e-03  2.63703e-03  2.11121e-03  1.57974e-03
  1.04275e-03  5.00407e-04 -4.71456e-05 -5.99749e-04 -1.15724e-03 -1.71946e-03
 -2.28624e-03 -2.85741e-03 -3.43281e-03 -4.01225e-03 -4.59554e-03 -5.18251e-03
 -5.77296e-03 -6.36667e-03 -6.96342e-03 -7.56298e-03 -8.16510e-03 -8.76953e-03
 -9.37601e-03 -9.98424e-03 -1.05939e-02 -1.12048e-02 -1.18165e-02 -1.24288e-02
 -1.30413e-02 -1.36536e-02 -1.42654e-02 -1.48764e-02 -1.54861e-02 -1.60942e-02
 -1.67002e-02 -1.73036e-02 -1.79041e-02 -1.85012e-02 -1.90944e-02 -1.96831e-02
 -2.02669e-02 -2.08453e-02 -2.14178e-02 -2.19838e-02 -2.25427e-02 -2.30939e-02
 -2.36370e-02 -2.41714e-02 -2.46963e-02 -2.52112e-02 -2.57155e-02 -2.62086e-02
 -2.66898e-02 -2.71585e-02 -2.76140e-02 -2.80557e-02 -2.84830e-02 -2.88952e-02
 -2.92916e-02 -2.96716e-02 -3.00346e-02 -3.03798e-02 -3.07066e-02 -3.10143e-02
 -3.13023e-02 -3.15700e-02 -3.18166e-02 -3.20416e-02 -3.22443e-02 -3.24241e-02
 -3.25804e-02 -3.27125e-02 -3.28200e-02 -3.29022e-02 -3.29585e-02 -3.29884e-02
 -3.29914e-02 -3.29668e-02 -3.29143e-02 -3.28333e-02 -3.27232e-02 -3.25837e-02
 -3.24142e-02 -3.22143e-02 -3.19836e-02 -3.17218e-02 -3.14283e-02 -3.11030e-02
 -3.07454e-02 -3.03553e-02 -2.99323e-02 -2.94763e-02 -2.89870e-02 -2.84642e-02
 -2.79076e-02 -2.73171e-02 -2.66926e-02 -2.60339e-02 -2.53409e-02 -2.46136e-02
 -2.38520e-02 -2.30559e-02 -2.22255e-02 -2.13608e-02 -2.04618e-02 -1.95287e-02
 -1.85616e-02 -1.75607e-02 -1.65262e-02 -1.54582e-02 -1.43571e-02 -1.32230e-02
 -1.20565e-02 -1.08577e-02 -9.62707e-03 -8.36505e-03 -7.07205e-03 -5.74857e-03
 -4.39512e-03 -3.01224e-03 -1.60050e-03 -1.60512e-04  1.30708e-03  2.80161e-03
  4.32236e-03  5.86858e-03  7.43949e-03  9.03429e-03  1.06521e-02  1.22921e-02
  1.39534e-02  1.56350e-02  1.73359e-02  1.90552e-02  2.07917e-02  2.25445e-02
  2.43125e-02  2.60944e-02  2.78893e-02  2.96958e-02  3.15128e-02  3.33391e-02
  3.51734e-02  3.70144e-02  3.88608e-02  4.07113e-02  4.25645e-02  4.44190e-02
  4.62733e-02  4.81262e-02  4.99760e-02  5.18214e-02  5.36608e-02  5.54928e-02
  5.73160e-02  5.91286e-02  6.09294e-02  6.27166e-02  6.44888e-02  6.62444e-02
  6.79818e-02  6.96995e-02  7.13959e-02  7.30694e-02  7.47184e-02  7.63414e-02
  7.79369e-02  7.95032e-02  8.10389e-02  8.25423e-02  8.40121e-02  8.54467e-02
  8.68446e-02  8.82044e-02  8.95245e-02  9.08035e-02  9.20402e-02  9.32329e-02
  9.43805e-02  9.54816e-02  9.65350e-02  9.75392e-02  9.84932e-02  9.93958e-02
  1.00246e-01  1.01042e-01  1.01784e-01  1.02470e-01  1.03099e-01  1.03670e-01
  1.04183e-01  1.04636e-01  1.05030e-01  1.05363e-01  1.05634e-01  1.05843e-01
  1.05989e-01  1.06072e-01  1.06092e-01  1.06048e-01  1.05939e-01  1.05766e-01
  1.05528e-01  1.05225e-01  1.04858e-01  1.04425e-01  1.03928e-01  1.03366e-01
  1.02740e-01  1.02049e-01  1.01294e-01  1.00476e-01  9.95953e-02  9.86517e-02
  9.76462e-02  9.65795e-02  9.54521e-02  9.42650e-02  9.30189e-02  9.17148e-02
  9.03537e-02  8.89365e-02  8.74644e-02  8.59386e-02  8.43602e-02  8.27305e-02
  8.10509e-02  7.93227e-02  7.75472e-02  7.57261e-02  7.38607e-02  7.19527e-02
  7.00036e-02  6.80151e-02  6.59890e-02  6.39268e-02  6.18305e-02  5.97018e-02
  5.75426e-02  5.53547e-02  5.31401e-02  5.09006e-02  4.86381e-02  4.63548e-02
  4.40524e-02  4.17331e-02  3.93988e-02  3.70516e-02  3.46935e-02  3.23265e-02
  2.99527e-02  2.75742e-02  2.51930e-02  2.28111e-02  2.04305e-02  1.80534e-02
  1.56817e-02  1.33174e-02  1.09626e-02  8.61908e-03  6.28891e-03  3.97402e-03
  1.67629e-03 -6.02381e-04 -2.86014e-03 -5.09516e-03 -7.30566e-03 -9.48989e-03
 -1.16461e-02 -1.37727e-02 -1.58680e-02 -1.79305e-02 -1.99586e-02 -2.19508e-02
 -2.39057e-02 -2.58219e-02 -2.76981e-02 -2.95329e-02 -3.13252e-02 -3.30737e-02
 -3.47772e-02 -3.64348e-02 -3.80454e-02 -3.96080e-02 -4.11218e-02 -4.25858e-02
 -4.39994e-02 -4.53618e-02 -4.66723e-02 -4.79305e-02 -4.91357e-02 -5.02874e-02
 -5.13853e-02 -5.24291e-02 -5.34183e-02 -5.43528e-02 -5.52324e-02 -5.60570e-02
 -5.68264e-02 -5.75407e-02 -5.81999e-02 -5.88042e-02 -5.93536e-02 -5.98484e-02
 -6.02890e-02 -6.06755e-02 -6.10084e-02 -6.12881e-02 -6.15151e-02 -6.16899e-02
 -6.18131e-02 -6.18852e-02 -6.19070e-02 -6.18790e-02 -6.18020e-02 -6.16768e-02
 -6.15041e-02 -6.12848e-02 -6.10197e-02 -6.07097e-02 -6.03557e-02 -5.99587e-02
 -5.95196e-02 -5.90394e-02 -5.85192e-02 -5.79599e-02 -5.73627e-02 -5.67287e-02
 -5.60589e-02 -5.53545e-02 -5.46165e-02 -5.38462e-02 -5.30446e-02 -5.22129e-02
 -5.13522e-02 -5.04638e-02 -4.95487e-02 -4.86082e-02 -4.76434e-02 -4.66554e-02
 -4.56455e-02 -4.46148e-02 -4.35645e-02 -4.24958e-02 -4.14097e-02 -4.03076e-02
 -3.91904e-02 -3.80594e-02 -3.69156e-02 -3.57602e-02 -3.45942e-02 -3.34188e-02
 -3.22351e-02 -3.10440e-02 -2.98467e-02 -2.86441e-02 -2.74374e-02 -2.62274e-02
 -2.50153e-02 -2.38019e-02 -2.25882e-02 -2.13751e-02 -2.01636e-02 -1.89546e-02
 -1.77489e-02 -1.65473e-02 -1.53508e-02 -1.41602e-02 -1.29762e-02 -1.17996e-02
 -1.06312e-02 -9.47172e-03 -8.32186e-03 -7.18234e-03 -6.05380e-03 -4.93690e-03
 -3.83228e-03 -2.74055e-03 -1.66228e-03 -5.98053e-04  4.51592e-04  1.48613e-03
  2.50505e-03  3.50788e-03  4.49415e-03  5.46342e-03  6.41528e-03  7.34932e-03
  8.26515e-03  9.16243e-03  1.00408e-02  1.09000e-02  1.17396e-02  1.25595e-02
  1.33592e-02  1.41387e-02  1.48976e-02  1.56357e-02  1.63528e-02  1.70489e-02
  1.77236e-02  1.83768e-02  1.90086e-02  1.96186e-02  2.02068e-02  2.07732e-02
  2.13176e-02  2.18401e-02  2.23406e-02  2.28190e-02  2.32753e-02  2.37096e-02
  2.41218e-02  2.45119e-02  2.48800e-02  2.52261e-02  2.55502e-02  2.58524e-02
  2.61328e-02  2.63914e-02  2.66284e-02  2.68437e-02  2.70376e-02  2.72100e-02
  2.73612e-02  2.74912e-02  2.76002e-02  2.76882e-02  2.77554e-02  2.78020e-02
  2.78280e-02  2.78337e-02  2.78190e-02  2.77843e-02  2.77296e-02  2.76550e-02
  2.75609e-02  2.74472e-02  2.73142e-02  2.71619e-02  2.69907e-02  2.68005e-02
  2.65916e-02  2.63641e-02  2.61181e-02  2.58539e-02  2.55714e-02  2.52710e-02
  2.49526e-02  2.46166e-02  2.42629e-02  2.38918e-02  2.35035e-02  2.30979e-02
  2.26753e-02  2.22358e-02  2.17795e-02  2.13066e-02  2.08171e-02  2.03113e-02
  1.97892e-02  1.92509e-02  1.86967e-02  1.81266e-02  1.75407e-02  1.69393e-02
  1.63224e-02  1.56901e-02  1.50426e-02  1.43801e-02  1.37026e-02  1.30103e-02
  1.23034e-02  1.15819e-02  1.08461e-02  1.00962e-02  9.33226e-03  8.55455e-03
  7.76325e-03  6.95859e-03  6.14077e-03  5.31003e-03  4.46663e-03  3.61081e-03
  2.74284e-03  1.86300e-03  9.71575e-04  6.88706e-05 -8.44794e-04 -1.76908e-03
 -2.70364e-03 -3.64811e-03 -4.60210e-03 -5.56519e-03 -6.53698e-03 -7.51700e-03
 -8.50481e-03 -9.49991e-03 -1.05018e-02 -1.15099e-02 -1.25238e-02 -1.35428e-02
 -1.45662e-02 -1.55936e-02 -1.66243e-02 -1.76575e-02 -1.86926e-02 -1.97289e-02
 -2.07657e-02 -2.18022e-02 -2.28377e-02 -2.38713e-02 -2.49023e-02 -2.59299e-02
 -2.69532e-02 -2.79715e-02 -2.89837e-02 -2.99890e-02 -3.09865e-02 -3.19753e-02
 -3.29543e-02 -3.39228e-02 -3.48795e-02 -3.58237e-02 -3.67543e-02 -3.76704e-02
 -3.85708e-02 -3.94546e-02 -4.03209e-02 -4.11685e-02 -4.19965e-02 -4.28038e-02
 -4.35894e-02 -4.43523e-02 -4.50914e-02 -4.58057e-02 -4.64942e-02 -4.71559e-02
 -4.77897e-02 -4.83947e-02 -4.89699e-02 -4.95143e-02 -5.00269e-02 -5.05069e-02
 -5.09533e-02 -5.13652e-02 -5.17417e-02 -5.20820e-02 -5.23853e-02 -5.26506e-02
 -5.28772e-02 -5.30644e-02 -5.32115e-02 -5.33177e-02 -5.33823e-02 -5.34048e-02
 -5.33845e-02 -5.33210e-02 -5.32136e-02 -5.30619e-02 -5.28655e-02 -5.26240e-02
 -5.23370e-02 -5.20042e-02 -5.16253e-02 -5.12002e-02 -5.07285e-02 -5.02102e-02
 -4.96452e-02 -4.90335e-02 -4.83750e-02 -4.76698e-02 -4.69180e-02 -4.61198e-02
 -4.52753e-02 -4.43849e-02 -4.34488e-02 -4.24674e-02 -4.14412e-02 -4.03704e-02
 -3.92558e-02 -3.80977e-02 -3.68969e-02 -3.56539e-02 -3.43695e-02 -3.30444e-02
 -3.16794e-02 -3.02754e-02 -2.88333e-02 -2.73539e-02 -2.58384e-02 -2.42876e-02
 -2.27027e-02 -2.10848e-02 -1.94351e-02 -1.77546e-02 -1.60447e-02 -1.43066e-02
 -1.25415e-02 -1.07509e-02 -8.93613e-03 -7.09849e-03 -5.23945e-03 -3.36045e-03
 -1.46295e-03  4.51547e-04  2.38155e-03  4.32552e-03  6.28192e-03  8.24917e-03
  1.02257e-02  1.22099e-02  1.42002e-02  1.61949e-02  1.81923e-02  2.01910e-02
  2.21891e-02  2.41852e-02  2.61774e-02  2.81643e-02  3.01441e-02  3.21152e-02
  3.40761e-02  3.60250e-02  3.79604e-02  3.98807e-02  4.17843e-02  4.36696e-02
  4.55351e-02  4.73792e-02  4.92004e-02  5.09973e-02  5.27683e-02  5.45121e-02
  5.62271e-02  5.79119e-02  5.95653e-02  6.11858e-02  6.27721e-02  6.43230e-02
  6.58372e-02  6.73134e-02  6.87506e-02  7.01475e-02  7.15029e-02  7.28160e-02
  7.40855e-02  7.53105e-02  7.64900e-02  7.76231e-02  7.87088e-02  7.97464e-02
  8.07349e-02  8.16737e-02  8.25620e-02  8.33991e-02  8.41844e-02  8.49173e-02
  8.55971e-02  8.62234e-02  8.67958e-02  8.73137e-02  8.77768e-02  8.81848e-02
  8.85373e-02  8.88341e-02  8.90749e-02  8.92595e-02  8.93879e-02  8.94599e-02
  8.94754e-02  8.94344e-02  8.93370e-02  8.91833e-02  8.89732e-02  8.87071e-02
  8.83850e-02  8.80073e-02  8.75741e-02  8.70859e-02  8.65429e-02  8.59455e-02
  8.52942e-02  8.45894e-02  8.38316e-02  8.30214e-02  8.21593e-02  8.12459e-02
  8.02820e-02  7.92680e-02  7.82048e-02  7.70931e-02  7.59336e-02  7.47272e-02
  7.34746e-02  7.21768e-02  7.08345e-02  6.94488e-02  6.80205e-02  6.65506e-02
  6.50402e-02  6.34903e-02  6.19018e-02  6.02759e-02  5.86137e-02  5.69163e-02
  5.51848e-02  5.34204e-02  5.16242e-02  4.97975e-02  4.79415e-02  4.60573e-02
  4.41463e-02  4.22096e-02  4.02486e-02  3.82646e-02  3.62588e-02  3.42326e-02
  3.21873e-02  3.01242e-02  2.80448e-02  2.59502e-02  2.38420e-02  2.17214e-02
  1.95898e-02  1.74485e-02  1.52990e-02  1.31425e-02  1.09805e-02  8.81427e-03
  6.64520e-03  4.47467e-03  2.30402e-03  1.34640e-04 -2.03214e-03 -4.19498e-03
 -6.35254e-03 -8.50351e-03 -1.06466e-02 -1.27805e-02 -1.49040e-02 -1.70157e-02
 -1.91145e-02 -2.11992e-02 -2.32684e-02 -2.53211e-02 -2.73560e-02 -2.93719e-02
 -3.13678e-02 -3.33424e-02 -3.52948e-02 -3.72238e-02 -3.91284e-02 -4.10075e-02
 -4.28603e-02 -4.46857e-02 -4.64827e-02 -4.82506e-02 -4.99883e-02 -5.16951e-02
 -5.33701e-02 -5.50126e-02 -5.66217e-02 -5.81967e-02 -5.97369e-02 -6.12416e-02
 -6.27102e-02 -6.41421e-02 -6.55367e-02 -6.68934e-02 -6.82118e-02 -6.94913e-02
 -7.07315e-02 -7.19320e-02 -7.30923e-02 -7.42122e-02 -7.52912e-02 -7.63292e-02
 -7.73257e-02 -7.82806e-02 -7.91937e-02 -8.00648e-02 -8.08937e-02 -8.16803e-02
 -8.24246e-02 -8.31265e-02 -8.37859e-02 -8.44029e-02 -8.49775e-02 -8.55097e-02
 -8.59995e-02 -8.64472e-02 -8.68528e-02 -8.72165e-02 -8.75384e-02 -8.78188e-02
 -8.80579e-02 -8.82559e-02 -8.84131e-02 -8.85298e-02 -8.86062e-02 -8.86429e-02
 -8.86399e-02 -8.85979e-02 -8.85170e-02 -8.83977e-02 -8.82405e-02 -8.80457e-02
 -8.78138e-02 -8.75453e-02 -8.72407e-02 -8.69005e-02 -8.65252e-02 -8.61152e-02
 -8.56712e-02 -8.51937e-02 -8.46831e-02 -8.41402e-02 -8.35654e-02 -8.29594e-02
 -8.23226e-02 -8.16558e-02 -8.09596e-02 -8.02345e-02 -7.94812e-02 -7.87003e-02
 -7.78925e-02 -7.70584e-02 -7.61987e-02 -7.53139e-02 -7.44048e-02 -7.34720e-02
 -7.25161e-02 -7.15379e-02 -7.05381e-02 -6.95172e-02 -6.84759e-02 -6.74151e-02
 -6.63352e-02 -6.52371e-02 -6.41213e-02 -6.29886e-02 -6.18397e-02 -6.06751e-02
 -5.94957e-02 -5.83020e-02 -5.70948e-02 -5.58747e-02 -5.46424e-02 -5.33986e-02
 -5.21439e-02 -5.08790e-02 -4.96045e-02 -4.83212e-02 -4.70296e-02 -4.57304e-02
 -4.44243e-02 -4.31120e-02 -4.17940e-02 -4.04711e-02 -3.91438e-02 -3.78127e-02
 -3.64786e-02 -3.51421e-02 -3.38036e-02 -3.24639e-02 -3.11235e-02 -2.97829e-02
 -2.84428e-02 -2.71037e-02 -2.57662e-02 -2.44309e-02 -2.30982e-02 -2.17688e-02
 -2.04432e-02 -1.91219e-02 -1.78056e-02 -1.64946e-02 -1.51895e-02 -1.38908e-02
 -1.25990e-02 -1.13145e-02 -1.00379e-02 -8.76954e-03 -7.50996e-03 -6.25957e-03
 -5.01882e-03 -3.78816e-03 -2.56801e-03 -1.35879e-03 -1.60921e-04  1.02520e-03
  2.19917e-03  3.36062e-03  4.50917e-03  5.64446e-03  6.76613e-03  7.87383e-03
  8.96722e-03  1.00460e-02  1.11097e-02  1.21581e-02  1.31909e-02  1.42077e-02
  1.52083e-02  1.61922e-02  1.71592e-02  1.81091e-02  1.90414e-02  1.99559e-02
  2.08524e-02  2.17305e-02  2.25900e-02  2.34307e-02  2.42521e-02  2.50542e-02
  2.58365e-02  2.65989e-02  2.73411e-02  2.80629e-02  2.87639e-02  2.94440e-02
  3.01028e-02  3.07403e-02  3.13560e-02  3.19499e-02  3.25216e-02  3.30710e-02
  3.35979e-02  3.41020e-02  3.45830e-02  3.50409e-02  3.54754e-02  3.58863e-02
  3.62733e-02  3.66364e-02  3.69752e-02  3.72898e-02  3.75798e-02  3.78451e-02
  3.80855e-02  3.83010e-02  3.84914e-02  3.86565e-02  3.87963e-02  3.89105e-02
  3.89993e-02  3.90623e-02  3.90997e-02  3.91112e-02  3.90970e-02  3.90569e-02
  3.89909e-02  3.88991e-02  3.87814e-02  3.86380e-02  3.84688e-02  3.82739e-02
  3.80534e-02  3.78075e-02  3.75362e-02  3.72397e-02  3.69182e-02  3.65719e-02
  3.62010e-02  3.58057e-02  3.53862e-02  3.49430e-02  3.44762e-02  3.39861e-02
  3.34732e-02  3.29379e-02  3.23804e-02  3.18012e-02  3.12009e-02  3.05797e-02
  2.99383e-02  2.92771e-02  2.85966e-02  2.78975e-02  2.71804e-02  2.64458e-02
  2.56944e-02  2.49269e-02  2.41440e-02  2.33463e-02  2.25347e-02  2.17098e-02
  2.08726e-02  2.00236e-02  1.91638e-02  1.82940e-02  1.74150e-02  1.65277e-02
  1.56329e-02  1.47317e-02  1.38248e-02  1.29133e-02  1.19980e-02  1.10800e-02
  1.01602e-02  9.23955e-03  8.31907e-03  7.39977e-03  6.48263e-03  5.56870e-03
  4.65897e-03  3.75448e-03  2.85626e-03  1.96535e-03  1.08277e-03  2.09562e-04
 -6.53236e-04 -1.50459e-03 -2.34349e-03 -3.16889e-03 -3.97980e-03 -4.77520e-03
 -5.55410e-03 -6.31552e-03 -7.05847e-03 -7.78201e-03 -8.48517e-03 -9.16702e-03
 -9.82665e-03 -1.04632e-02 -1.10756e-02 -1.16633e-02 -1.22251e-02 -1.27604e-02
 -1.32684e-02 -1.37482e-02 -1.41991e-02 -1.46204e-02 -1.50113e-02 -1.53713e-02
 -1.56996e-02 -1.59956e-02 -1.62587e-02 -1.64885e-02 -1.66843e-02 -1.68456e-02
 -1.69721e-02 -1.70632e-02 -1.71185e-02 -1.71378e-02 -1.71206e-02 -1.70668e-02
 -1.69759e-02 -1.68480e-02 -1.66826e-02 -1.64799e-02 -1.62395e-02 -1.59615e-02
 -1.56459e-02 -1.52926e-02 -1.49018e-02 -1.44735e-02 -1.40079e-02 -1.35052e-02
 -1.29655e-02 -1.23893e-02 -1.17767e-02 -1.11281e-02 -1.04439e-02 -9.72449e-03
 -8.97041e-03 -8.18213e-03 -7.36018e-03 -6.50516e-03 -5.61769e-03 -4.69841e-03
 -3.74804e-03 -2.76729e-03 -1.75694e-03 -7.17788e-04  3.49319e-04  1.44351e-03
  2.56386e-03  3.70944e-03  4.87925e-03  6.07229e-03  7.28750e-03  8.52381e-03
  9.78011e-03  1.10553e-02  1.23481e-02  1.36574e-02  1.49821e-02  1.63207e-02
  1.76721e-02  1.90351e-02  2.04082e-02  2.17901e-02  2.31796e-02  2.45753e-02
  2.59757e-02  2.73795e-02  2.87853e-02  3.01916e-02  3.15971e-02  3.30002e-02
  3.43996e-02  3.57937e-02  3.71812e-02  3.85605e-02  3.99302e-02  4.12888e-02
  4.26350e-02  4.39671e-02  4.52838e-02  4.65836e-02  4.78651e-02  4.91269e-02
  5.03676e-02  5.15857e-02  5.27798e-02  5.39487e-02  5.50909e-02  5.62050e-02
  5.72898e-02  5.83441e-02  5.93664e-02  6.03556e-02  6.13104e-02  6.22297e-02
  6.31124e-02  6.39573e-02  6.47632e-02  6.55293e-02  6.62544e-02  6.69377e-02
  6.75780e-02  6.81746e-02  6.87266e-02  6.92331e-02  6.96934e-02  7.01068e-02
  7.04725e-02  7.07898e-02  7.10584e-02  7.12775e-02  7.14467e-02  7.15655e-02
  7.16336e-02  7.16505e-02  7.16161e-02  7.15301e-02  7.13922e-02  7.12023e-02
  7.09603e-02  7.06662e-02  7.03200e-02  6.99217e-02  6.94716e-02  6.89697e-02
  6.84162e-02  6.78116e-02  6.71560e-02  6.64498e-02  6.56936e-02  6.48877e-02
  6.40327e-02  6.31291e-02  6.21777e-02  6.11789e-02  6.01337e-02  5.90427e-02
  5.79066e-02  5.67265e-02  5.55031e-02  5.42375e-02  5.29305e-02  5.15831e-02
  5.01965e-02  4.87717e-02  4.73098e-02  4.58119e-02  4.42793e-02  4.27131e-02
  4.11146e-02  3.94851e-02  3.78257e-02  3.61379e-02  3.44231e-02  3.26824e-02
  3.09174e-02  2.91293e-02  2.73197e-02  2.54899e-02  2.36413e-02  2.17754e-02
  1.98936e-02  1.79974e-02  1.60883e-02  1.41677e-02  1.22370e-02  1.02977e-02
  8.35130e-03  6.39922e-03  4.44292e-03  2.48384e-03  5.23400e-04 -1.43696e-03
 -3.39584e-03 -5.35183e-03 -7.30355e-03 -9.24962e-03 -1.11887e-02 -1.31195e-02
 -1.50406e-02 -1.69509e-02 -1.88489e-02 -2.07336e-02 -2.26037e-02 -2.44579e-02
 -2.62953e-02 -2.81145e-02 -2.99145e-02 -3.16943e-02 -3.34528e-02 -3.51890e-02
 -3.69018e-02 -3.85905e-02 -4.02539e-02 -4.18913e-02 -4.35019e-02 -4.50848e-02
 -4.66392e-02 -4.81644e-02 -4.96598e-02 -5.11246e-02 -5.25583e-02 -5.39603e-02
 -5.53300e-02 -5.66668e-02 -5.79704e-02 -5.92402e-02 -6.04760e-02 -6.16773e-02
 -6.28438e-02 -6.39752e-02 -6.50713e-02 -6.61319e-02 -6.71567e-02 -6.81458e-02
 -6.90988e-02 -7.00159e-02 -7.08969e-02 -7.17418e-02 -7.25506e-02 -7.33235e-02
 -7.40605e-02 -7.47617e-02 -7.54273e-02 -7.60574e-02 -7.66523e-02 -7.72122e-02
 -7.77374e-02 -7.82282e-02 -7.86848e-02 -7.91075e-02 -7.94969e-02 -7.98532e-02
 -8.01769e-02 -8.04684e-02 -8.07280e-02 -8.09564e-02 -8.11540e-02 -8.13213e-02
 -8.14587e-02 -8.15668e-02 -8.16463e-02 -8.16975e-02 -8.17211e-02 -8.17177e-02
 -8.16878e-02 -8.16320e-02 -8.15509e-02 -8.14452e-02 -8.13154e-02 -8.11622e-02
 -8.09860e-02 -8.07876e-02 -8.05676e-02 -8.03265e-02 -8.00649e-02 -7.97835e-02
 -7.94829e-02 -7.91636e-02 -7.88263e-02 -7.84714e-02 -7.80997e-02 -7.77115e-02
 -7.73076e-02 -7.68883e-02 -7.64543e-02 -7.60061e-02 -7.55442e-02 -7.50690e-02
 -7.45810e-02 -7.40808e-02 -7.35686e-02 -7.30451e-02 -7.25105e-02 -7.19653e-02
 -7.14099e-02 -7.08445e-02 -7.02696e-02 -6.96855e-02 -6.90924e-02 -6.84907e-02
 -6.78805e-02 -6.72622e-02 -6.66359e-02 -6.60019e-02 -6.53603e-02 -6.47113e-02
 -6.40551e-02 -6.33917e-02 -6.27212e-02 -6.20437e-02 -6.13593e-02 -6.06680e-02
 -5.99699e-02 -5.92648e-02 -5.85529e-02 -5.78340e-02 -5.71081e-02 -5.63752e-02
 -5.56352e-02 -5.48879e-02 -5.41332e-02 -5.33711e-02 -5.26013e-02 -5.18237e-02
 -5.10382e-02 -5.02445e-02 -4.94424e-02 -4.86318e-02 -4.78124e-02 -4.69841e-02
 -4.61466e-02 -4.52996e-02 -4.44430e-02 -4.35765e-02 -4.26998e-02 -4.18128e-02
 -4.09151e-02 -4.00065e-02 -3.90868e-02 -3.81556e-02 -3.72129e-02 -3.62584e-02
 -3.52917e-02 -3.43128e-02 -3.33213e-02 -3.23172e-02 -3.13001e-02 -3.02699e-02
 -2.92265e-02 -2.81696e-02 -2.70991e-02 -2.60149e-02 -2.49168e-02 -2.38048e-02
 -2.26788e-02 -2.15387e-02 -2.03845e-02 -1.92161e-02 -1.80336e-02 -1.68370e-02
 -1.56262e-02 -1.44014e-02 -1.31627e-02 -1.19101e-02 -1.06437e-02 -9.36379e-03
 -8.07045e-03 -6.76392e-03 -5.44442e-03 -4.11221e-03 -2.76756e-03 -1.41079e-03
 -4.22205e-05  1.33779e-03  2.72886e-03  4.13059e-03  5.54253e-03  6.96422e-03
  8.39517e-03  9.83487e-03  1.12828e-02  1.27383e-02  1.42009e-02  1.56699e-02
  1.71446e-02  1.86245e-02  2.01088e-02  2.15968e-02  2.30879e-02  2.45811e-02
  2.60759e-02  2.75713e-02  2.90666e-02  3.05610e-02  3.20536e-02  3.35436e-02
  3.50301e-02  3.65123e-02  3.79892e-02  3.94599e-02  4.09236e-02  4.23793e-02
  4.38261e-02  4.52630e-02  4.66892e-02  4.81036e-02  4.95052e-02  5.08932e-02
  5.22666e-02  5.36245e-02  5.49658e-02  5.62896e-02  5.75950e-02  5.88810e-02
  6.01467e-02  6.13912e-02  6.26136e-02  6.38129e-02  6.49882e-02  6.61387e-02
  6.72634e-02  6.83615e-02  6.94323e-02  7.04747e-02  7.14880e-02  7.24715e-02
  7.34244e-02  7.43458e-02  7.52351e-02  7.60916e-02  7.69145e-02  7.77033e-02
  7.84571e-02  7.91756e-02  7.98579e-02  8.05037e-02  8.11122e-02  8.16831e-02
  8.22157e-02  8.27098e-02  8.31648e-02  8.35804e-02  8.39561e-02  8.42917e-02
  8.45868e-02  8.48411e-02  8.50545e-02  8.52268e-02  8.53576e-02  8.54469e-02
  8.54945e-02  8.55004e-02  8.54646e-02  8.53868e-02  8.52673e-02  8.51060e-02
  8.49029e-02  8.46583e-02  8.43721e-02  8.40447e-02  8.36760e-02  8.32665e-02
  8.28163e-02  8.23257e-02  8.17950e-02  8.12246e-02  8.06148e-02  7.99660e-02
  7.92787e-02  7.85533e-02  7.77902e-02  7.69900e-02  7.61532e-02  7.52803e-02
  7.43720e-02  7.34288e-02  7.24512e-02  7.14400e-02  7.03959e-02  6.93194e-02
  6.82113e-02  6.70724e-02  6.59033e-02  6.47048e-02  6.34777e-02  6.22228e-02
  6.09409e-02  5.96327e-02  5.82992e-02  5.69413e-02  5.55596e-02  5.41553e-02
  5.27290e-02  5.12818e-02  4.98145e-02  4.83280e-02  4.68234e-02  4.53015e-02
  4.37632e-02  4.22095e-02  4.06414e-02  3.90598e-02  3.74657e-02  3.58601e-02
  3.42439e-02  3.26181e-02  3.09837e-02  2.93417e-02  2.76930e-02  2.60387e-02
  2.43796e-02  2.27169e-02  2.10514e-02  1.93842e-02  1.77161e-02  1.60483e-02
  1.43816e-02  1.27170e-02  1.10555e-02  9.39800e-03  7.74551e-03  6.09895e-03
  4.45926e-03  2.82735e-03  1.20414e-03 -4.09442e-04 -2.01251e-03 -3.60418e-03
 -5.18356e-03 -6.74978e-03 -8.30198e-03 -9.83930e-03 -1.13609e-02 -1.28660e-02
 -1.43537e-02 -1.58232e-02 -1.72738e-02 -1.87047e-02 -2.01151e-02 -2.15042e-02
 -2.28714e-02 -2.42159e-02 -2.55370e-02 -2.68340e-02 -2.81063e-02 -2.93533e-02
 -3.05742e-02 -3.17686e-02 -3.29357e-02 -3.40750e-02 -3.51860e-02 -3.62681e-02
 -3.73208e-02 -3.83435e-02 -3.93359e-02 -4.02974e-02 -4.12276e-02 -4.21260e-02
 -4.29924e-02 -4.38262e-02 -4.46272e-02 -4.53949e-02 -4.61292e-02 -4.68296e-02
 -4.74960e-02 -4.81280e-02 -4.87254e-02 -4.92881e-02 -4.98159e-02 -5.03085e-02
 -5.07659e-02 -5.11879e-02 -5.15744e-02 -5.19254e-02 -5.22408e-02 -5.25206e-02
 -5.27648e-02 -5.29734e-02 -5.31465e-02 -5.32841e-02 -5.33863e-02 -5.34532e-02
 -5.34850e-02 -5.34818e-02 -5.34438e-02 -5.33712e-02 -5.32642e-02 -5.31231e-02
 -5.29481e-02 -5.27395e-02 -5.24976e-02 -5.22228e-02 -5.19153e-02 -5.15756e-02
 -5.12040e-02 -5.08010e-02 -5.03669e-02 -4.99022e-02 -4.94074e-02 -4.88829e-02
 -4.83293e-02 -4.77470e-02 -4.71366e-02 -4.64986e-02 -4.58336e-02 -4.51422e-02
 -4.44250e-02 -4.36826e-02 -4.29156e-02 -4.21248e-02 -4.13106e-02 -4.04738e-02
 -3.96151e-02 -3.87352e-02 -3.78347e-02 -3.69144e-02 -3.59751e-02 -3.50175e-02
 -3.40422e-02 -3.30502e-02 -3.20420e-02 -3.10186e-02 -2.99807e-02 -2.89291e-02
 -2.78646e-02 -2.67879e-02 -2.56998e-02 -2.46012e-02 -2.34929e-02 -2.23757e-02
 -2.12503e-02 -2.01177e-02 -1.89787e-02 -1.78340e-02 -1.66844e-02 -1.55309e-02
 -1.43742e-02 -1.32152e-02 -1.20546e-02 -1.08932e-02 -9.73190e-03 -8.57145e-03
 -7.41265e-03 -6.25627e-03 -5.10311e-03 -3.95394e-03 -2.80951e-03 -1.67059e-03
 -5.37922e-04  5.87751e-04  1.70570e-03  2.81521e-03  3.91558e-03  5.00611e-03
  6.08613e-03  7.15496e-03  8.21196e-03  9.25649e-03  1.02879e-02  1.13056e-02
  1.23090e-02  1.32976e-02  1.42707e-02  1.52277e-02  1.61683e-02  1.70918e-02
  1.79978e-02  1.88857e-02  1.97552e-02  2.06058e-02  2.14371e-02  2.22487e-02
  2.30402e-02  2.38112e-02  2.45615e-02  2.52907e-02  2.59985e-02  2.66847e-02
  2.73489e-02  2.79911e-02  2.86109e-02  2.92081e-02  2.97827e-02  3.03345e-02
  3.08634e-02  3.13691e-02  3.18518e-02  3.23113e-02  3.27476e-02  3.31606e-02
  3.35504e-02  3.39170e-02  3.42605e-02  3.45809e-02  3.48782e-02  3.51527e-02
  3.54045e-02  3.56337e-02  3.58404e-02  3.60249e-02  3.61874e-02  3.63281e-02
  3.64472e-02  3.65451e-02  3.66219e-02  3.66779e-02  3.67136e-02  3.67292e-02
  3.67249e-02  3.67013e-02  3.66586e-02  3.65973e-02  3.65177e-02  3.64202e-02
  3.63053e-02  3.61733e-02  3.60248e-02  3.58602e-02  3.56799e-02  3.54844e-02
  3.52742e-02  3.50498e-02  3.48115e-02  3.45601e-02  3.42958e-02  3.40194e-02
  3.37311e-02  3.34316e-02  3.31214e-02  3.28010e-02  3.24708e-02  3.21315e-02
  3.17835e-02  3.14274e-02  3.10637e-02  3.06928e-02  3.03153e-02  2.99317e-02
  2.95425e-02  2.91482e-02  2.87493e-02  2.83463e-02  2.79397e-02  2.75299e-02
  2.71174e-02  2.67027e-02  2.62862e-02  2.58684e-02  2.54497e-02  2.50306e-02
  2.46113e-02  2.41925e-02  2.37744e-02  2.33575e-02  2.29421e-02  2.25286e-02
  2.21174e-02  2.17087e-02  2.13029e-02  2.09004e-02  2.05014e-02  2.01062e-02
  1.97151e-02  1.93284e-02  1.89463e-02  1.85690e-02  1.81968e-02  1.78298e-02
  1.74683e-02  1.71125e-02  1.67625e-02  1.64185e-02  1.60805e-02  1.57488e-02
  1.54234e-02  1.51044e-02  1.47919e-02  1.44860e-02  1.41867e-02  1.38940e-02
  1.36080e-02  1.33288e-02  1.30562e-02  1.27903e-02  1.25312e-02  1.22786e-02
  1.20326e-02  1.17932e-02  1.15603e-02  1.13337e-02  1.11134e-02  1.08992e-02
  1.06912e-02  1.04890e-02  1.02926e-02  1.01019e-02  9.91660e-03  9.73663e-03
  9.56181e-03  9.39193e-03  9.22682e-03  9.06628e-03  8.91010e-03  8.75806e-03
  8.60996e-03  8.46557e-03  8.32464e-03  8.18694e-03  8.05223e-03  7.92024e-03
  7.79073e-03  7.66343e-03  7.53808e-03  7.41442e-03  7.29217e-03  7.17108e-03
  7.05087e-03  6.93128e-03  6.81204e-03  6.69288e-03  6.57352e-03  6.45369e-03
  6.33312e-03  6.21153e-03  6.08864e-03  5.96418e-03  5.83788e-03  5.70945e-03
  5.57863e-03  5.44516e-03  5.30877e-03  5.16921e-03  5.02622e-03  4.87956e-03
  4.72898e-03  4.57425e-03  4.41513e-03  4.25141e-03  4.08286e-03  3.90926e-03
  3.73041e-03  3.54610e-03  3.35615e-03  3.16035e-03  2.95853e-03  2.75052e-03
  2.53614e-03  2.31526e-03  2.08772e-03  1.85338e-03  1.61212e-03  1.36381e-03
  1.10835e-03  8.45632e-04  5.75570e-04  2.98080e-04  1.30867e-05 -2.79473e-04
 -5.79655e-04 -8.87503e-04 -1.20305e-03 -1.52633e-03 -1.85734e-03 -2.19608e-03
 -2.54255e-03 -2.89673e-03 -3.25858e-03 -3.62807e-03 -4.00513e-03 -4.38970e-03
 -4.78171e-03 -5.18107e-03 -5.58769e-03 -6.00147e-03 -6.42229e-03 -6.85003e-03
 -7.28455e-03 -7.72573e-03 -8.17341e-03 -8.62743e-03 -9.08762e-03 -9.55380e-03
 -1.00258e-02 -1.05034e-02 -1.09864e-02 -1.14746e-02 -1.19678e-02 -1.24657e-02
 -1.29681e-02 -1.34747e-02 -1.39854e-02 -1.44997e-02 -1.50176e-02 -1.55387e-02
 -1.60627e-02 -1.65894e-02 -1.71184e-02 -1.76496e-02 -1.81825e-02 -1.87169e-02
 -1.92525e-02 -1.97890e-02 -2.03261e-02 -2.08635e-02 -2.14008e-02 -2.19377e-02
 -2.24740e-02 -2.30092e-02 -2.35432e-02 -2.40755e-02 -2.46058e-02 -2.51338e-02
 -2.56593e-02 -2.61818e-02 -2.67010e-02 -2.72167e-02 -2.77285e-02 -2.82361e-02
 -2.87391e-02 -2.92374e-02 -2.97304e-02 -3.02181e-02 -3.06999e-02 -3.11757e-02
 -3.16452e-02 -3.21080e-02 -3.25640e-02 -3.30127e-02 -3.34539e-02 -3.38874e-02
 -3.43128e-02 -3.47300e-02 -3.51386e-02 -3.55384e-02 -3.59292e-02 -3.63107e-02
 -3.66827e-02 -3.70449e-02 -3.73972e-02 -3.77393e-02 -3.80711e-02 -3.83922e-02
 -3.87026e-02 -3.90021e-02 -3.92905e-02 -3.95676e-02 -3.98333e-02 -4.00875e-02
 -4.03299e-02 -4.05605e-02 -4.07791e-02 -4.09856e-02 -4.11800e-02 -4.13620e-02
 -4.15317e-02 -4.16889e-02 -4.18336e-02 -4.19657e-02 -4.20851e-02 -4.21918e-02
 -4.22858e-02 -4.23670e-02 -4.24354e-02 -4.24911e-02 -4.25339e-02 -4.25640e-02
 -4.25813e-02 -4.25859e-02 -4.25778e-02 -4.25570e-02 -4.25237e-02 -4.24778e-02
 -4.24195e-02 -4.23488e-02 -4.22658e-02 -4.21706e-02 -4.20634e-02 -4.19441e-02
 -4.18131e-02 -4.16703e-02 -4.15160e-02 -4.13502e-02 -4.11731e-02 -4.09850e-02
 -4.07858e-02 -4.05759e-02 -4.03555e-02 -4.01246e-02 -3.98835e-02 -3.96324e-02
 -3.93715e-02 -3.91010e-02 -3.88211e-02 -3.85321e-02 -3.82342e-02 -3.79275e-02
 -3.76124e-02 -3.72891e-02 -3.69578e-02 -3.66187e-02 -3.62722e-02 -3.59184e-02
 -3.55576e-02 -3.51901e-02 -3.48161e-02 -3.44358e-02 -3.40496e-02 -3.36577e-02
 -3.32602e-02 -3.28576e-02 -3.24499e-02 -3.20376e-02 -3.16207e-02 -3.11996e-02
 -3.07745e-02 -3.03456e-02 -2.99132e-02 -2.94775e-02 -2.90387e-02 -2.85970e-02
 -2.81527e-02 -2.77060e-02 -2.72570e-02 -2.68061e-02 -2.63533e-02 -2.58988e-02
 -2.54430e-02 -2.49858e-02 -2.45275e-02 -2.40683e-02 -2.36083e-02 -2.31476e-02
 -2.26864e-02 -2.22248e-02 -2.17629e-02 -2.13009e-02 -2.08388e-02 -2.03768e-02
 -1.99149e-02 -1.94532e-02 -1.89917e-02 -1.85306e-02 -1.80699e-02 -1.76096e-02
 -1.71497e-02 -1.66903e-02 -1.62314e-02 -1.57730e-02 -1.53151e-02 -1.48577e-02
 -1.44008e-02 -1.39443e-02 -1.34882e-02 -1.30324e-02 -1.25770e-02 -1.21219e-02
 -1.16669e-02 -1.12121e-02 -1.07574e-02 -1.03026e-02 -9.84775e-03 -9.39270e-03
 -8.93737e-03 -8.48165e-03 -8.02546e-03 -7.56867e-03 -7.11118e-03 -6.65287e-03
 -6.19362e-03 -5.73330e-03 -5.27181e-03 -4.80901e-03 -4.34477e-03 -3.87898e-03
 -3.41150e-03 -2.94221e-03 -2.47099e-03 -1.99771e-03 -1.52225e-03 -1.04449e-03
 -5.64295e-04 -8.15627e-05  4.03828e-04  8.91989e-04  1.38303e-03  1.87706e-03
  2.37417e-03  2.87447e-03  3.37804e-03  3.88497e-03  4.39534e-03  4.90921e-03
  5.42666e-03  5.94774e-03  6.47251e-03  7.00101e-03  7.53327e-03  8.06934e-03
  8.60924e-03  9.15299e-03  9.70060e-03  1.02521e-02  1.08074e-02  1.13666e-02
  1.19296e-02  1.24964e-02  1.30670e-02  1.36413e-02  1.42191e-02  1.48006e-02
  1.53856e-02  1.59739e-02  1.65656e-02  1.71605e-02  1.77585e-02  1.83594e-02
  1.89632e-02  1.95698e-02  2.01789e-02  2.07904e-02  2.14042e-02  2.20200e-02
  2.26377e-02  2.32571e-02  2.38780e-02  2.45002e-02  2.51234e-02  2.57475e-02
  2.63722e-02  2.69972e-02  2.76224e-02  2.82474e-02  2.88720e-02  2.94959e-02
  3.01188e-02  3.07406e-02  3.13608e-02  3.19791e-02  3.25954e-02  3.32092e-02
  3.38202e-02  3.44282e-02  3.50327e-02  3.56335e-02  3.62302e-02  3.68225e-02
  3.74101e-02  3.79925e-02  3.85695e-02  3.91407e-02  3.97057e-02  4.02641e-02
  4.08156e-02  4.13598e-02  4.18964e-02  4.24250e-02  4.29451e-02  4.34566e-02
  4.39588e-02  4.44516e-02  4.49345e-02  4.54071e-02  4.58691e-02  4.63201e-02
  4.67597e-02  4.71876e-02  4.76034e-02  4.80067e-02  4.83971e-02  4.87744e-02
  4.91381e-02  4.94879e-02  4.98234e-02  5.01443e-02  5.04503e-02  5.07410e-02
  5.10161e-02  5.12753e-02  5.15182e-02  5.17446e-02  5.19541e-02  5.21465e-02
  5.23214e-02  5.24786e-02  5.26179e-02  5.27388e-02  5.28413e-02  5.29250e-02
  5.29898e-02  5.30353e-02  5.30614e-02  5.30679e-02  5.30545e-02  5.30212e-02
  5.29676e-02  5.28937e-02  5.27993e-02  5.26842e-02  5.25484e-02  5.23917e-02
  5.22140e-02  5.20152e-02  5.17952e-02  5.15541e-02  5.12916e-02  5.10078e-02
  5.07027e-02  5.03762e-02  5.00284e-02  4.96591e-02  4.92686e-02  4.88567e-02
  4.84235e-02  4.79691e-02  4.74936e-02  4.69970e-02  4.64795e-02  4.59412e-02
  4.53821e-02  4.48024e-02  4.42024e-02  4.35820e-02  4.29416e-02  4.22813e-02
  4.16012e-02  4.09017e-02  4.01829e-02  3.94451e-02  3.86884e-02  3.79132e-02
  3.71198e-02  3.63084e-02  3.54792e-02  3.46327e-02  3.37691e-02  3.28886e-02
  3.19918e-02  3.10787e-02  3.01499e-02  2.92057e-02  2.82465e-02  2.72725e-02
  2.62842e-02  2.52821e-02  2.42664e-02  2.32376e-02  2.21961e-02  2.11424e-02
  2.00768e-02  1.89998e-02  1.79118e-02  1.68133e-02  1.57047e-02  1.45865e-02
  1.34591e-02  1.23231e-02  1.11788e-02  1.00268e-02  8.86757e-03  7.70158e-03
  6.52934e-03  5.35135e-03  4.16810e-03  2.98012e-03  1.78790e-03  5.91967e-04
 -6.07162e-04 -1.80896e-03 -3.01291e-03 -4.21848e-03 -5.42514e-03 -6.63234e-03
 -7.83955e-03 -9.04623e-03 -1.02518e-02 -1.14558e-02 -1.26577e-02 -1.38568e-02
 -1.50527e-02 -1.62447e-02 -1.74325e-02 -1.86153e-02 -1.97926e-02 -2.09640e-02
 -2.21287e-02 -2.32864e-02 -2.44364e-02 -2.55781e-02 -2.67111e-02 -2.78347e-02
 -2.89485e-02 -3.00518e-02 -3.11442e-02 -3.22251e-02 -3.32938e-02 -3.43500e-02
 -3.53931e-02 -3.64224e-02 -3.74376e-02 -3.84379e-02 -3.94231e-02 -4.03924e-02
 -4.13454e-02 -4.22815e-02 -4.32003e-02 -4.41013e-02 -4.49839e-02 -4.58477e-02
 -4.66921e-02 -4.75167e-02 -4.83211e-02 -4.91048e-02 -4.98672e-02 -5.06080e-02
 -5.13267e-02 -5.20229e-02 -5.26962e-02 -5.33461e-02 -5.39722e-02 -5.45742e-02
 -5.51516e-02 -5.57040e-02 -5.62312e-02 -5.67327e-02 -5.72083e-02 -5.76575e-02
 -5.80800e-02 -5.84757e-02 -5.88440e-02 -5.91849e-02 -5.94980e-02 -5.97831e-02
 -6.00399e-02 -6.02682e-02 -6.04678e-02 -6.06385e-02 -6.07802e-02 -6.08926e-02
 -6.09756e-02 -6.10291e-02 -6.10529e-02 -6.10470e-02 -6.10113e-02 -6.09456e-02
 -6.08500e-02 -6.07244e-02 -6.05688e-02 -6.03832e-02 -6.01675e-02 -5.99219e-02
 -5.96464e-02 -5.93411e-02 -5.90059e-02 -5.86411e-02 -5.82468e-02 -5.78230e-02
 -5.73700e-02 -5.68879e-02 -5.63769e-02 -5.58372e-02 -5.52690e-02 -5.46726e-02
 -5.40482e-02 -5.33961e-02 -5.27166e-02 -5.20099e-02 -5.12766e-02 -5.05167e-02
 -4.97308e-02 -4.89192e-02 -4.80823e-02 -4.72204e-02 -4.63341e-02 -4.54236e-02
 -4.44896e-02 -4.35324e-02 -4.25526e-02 -4.15505e-02 -4.05268e-02 -3.94819e-02
 -3.84164e-02 -3.73308e-02 -3.62257e-02 -3.51016e-02 -3.39591e-02 -3.27989e-02
 -3.16215e-02 -3.04275e-02 -2.92176e-02 -2.79924e-02 -2.67526e-02 -2.54988e-02
 -2.42316e-02 -2.29518e-02 -2.16601e-02 -2.03570e-02 -1.90433e-02 -1.77197e-02
 -1.63869e-02 -1.50457e-02 -1.36966e-02 -1.23404e-02 -1.09780e-02 -9.60986e-03
 -8.23689e-03 -6.85976e-03 -5.47922e-03 -4.09601e-03 -2.71086e-03 -1.32450e-03
  6.23240e-05  1.44887e-03  2.83441e-03  4.21821e-03  5.59951e-03  6.97761e-03
  8.35175e-03  9.72121e-03  1.10853e-02  1.24432e-02  1.37944e-02  1.51379e-02
  1.64733e-02  1.77997e-02  1.91165e-02  2.04231e-02  2.17186e-02  2.30026e-02
  2.42742e-02  2.55329e-02  2.67780e-02  2.80088e-02  2.92249e-02  3.04254e-02
  3.16099e-02  3.27778e-02  3.39284e-02  3.50612e-02  3.61757e-02  3.72713e-02
  3.83475e-02  3.94037e-02  4.04395e-02  4.14544e-02  4.24478e-02  4.34194e-02
  4.43687e-02  4.52952e-02  4.61986e-02  4.70784e-02  4.79342e-02  4.87657e-02
  4.95726e-02  5.03544e-02  5.11109e-02  5.18417e-02  5.25466e-02  5.32252e-02
  5.38774e-02  5.45028e-02  5.51013e-02  5.56727e-02  5.62166e-02  5.67331e-02
  5.72219e-02  5.76829e-02  5.81159e-02  5.85208e-02  5.88977e-02  5.92463e-02
  5.95666e-02  5.98586e-02  6.01222e-02  6.03575e-02  6.05645e-02  6.07432e-02
  6.08935e-02  6.10157e-02  6.11097e-02  6.11757e-02  6.12137e-02  6.12238e-02
  6.12064e-02  6.11613e-02  6.10889e-02  6.09892e-02  6.08626e-02  6.07092e-02
  6.05292e-02  6.03229e-02  6.00905e-02  5.98322e-02  5.95485e-02  5.92395e-02
  5.89055e-02  5.85469e-02  5.81640e-02  5.77571e-02  5.73265e-02  5.68727e-02
  5.63960e-02  5.58967e-02  5.53753e-02  5.48322e-02  5.42677e-02  5.36823e-02
  5.30765e-02  5.24505e-02  5.18049e-02  5.11402e-02  5.04568e-02  4.97551e-02
  4.90356e-02  4.82989e-02  4.75453e-02  4.67754e-02  4.59896e-02  4.51885e-02
  4.43726e-02  4.35423e-02  4.26983e-02  4.18408e-02  4.09707e-02  4.00882e-02
  3.91940e-02  3.82885e-02  3.73724e-02  3.64460e-02  3.55101e-02  3.45651e-02
  3.36115e-02  3.26498e-02  3.16807e-02  3.07046e-02  2.97220e-02  2.87336e-02
  2.77397e-02  2.67410e-02  2.57380e-02  2.47311e-02  2.37210e-02  2.27080e-02
  2.16928e-02  2.06759e-02  1.96576e-02  1.86387e-02  1.76195e-02  1.66005e-02
  1.55823e-02  1.45653e-02  1.35500e-02  1.25369e-02  1.15265e-02  1.05191e-02
  9.51532e-03  8.51554e-03  7.52020e-03  6.52976e-03  5.54462e-03  4.56522e-03
  3.59196e-03  2.62525e-03  1.66548e-03  7.13041e-04 -2.31689e-04 -1.16834e-03
 -2.09656e-03 -3.01598e-03 -3.92628e-03 -4.82713e-03 -5.71819e-03 -6.59918e-03
 -7.46977e-03 -8.32970e-03 -9.17867e-03 -1.00164e-02 -1.08427e-02 -1.16573e-02
 -1.24599e-02 -1.32503e-02 -1.40284e-02 -1.47938e-02 -1.55465e-02 -1.62862e-02
 -1.70128e-02 -1.77262e-02 -1.84261e-02 -1.91124e-02 -1.97851e-02 -2.04440e-02
 -2.10890e-02 -2.17201e-02 -2.23371e-02 -2.29401e-02 -2.35289e-02 -2.41036e-02
 -2.46641e-02 -2.52104e-02 -2.57425e-02 -2.62604e-02 -2.67642e-02 -2.72538e-02
 -2.77293e-02 -2.81908e-02 -2.86382e-02 -2.90718e-02 -2.94915e-02 -2.98975e-02
 -3.02899e-02 -3.06687e-02 -3.10341e-02 -3.13862e-02 -3.17251e-02 -3.20510e-02
 -3.23641e-02 -3.26644e-02 -3.29522e-02 -3.32276e-02 -3.34909e-02 -3.37421e-02
 -3.39816e-02 -3.42095e-02 -3.44259e-02 -3.46311e-02 -3.48254e-02 -3.50089e-02
 -3.51818e-02 -3.53444e-02 -3.54968e-02 -3.56394e-02 -3.57723e-02 -3.58958e-02
 -3.60100e-02 -3.61152e-02 -3.62117e-02 -3.62997e-02 -3.63794e-02 -3.64510e-02
 -3.65148e-02 -3.65709e-02 -3.66197e-02 -3.66613e-02 -3.66960e-02 -3.67240e-02
 -3.67454e-02 -3.67606e-02 -3.67696e-02 -3.67728e-02 -3.67702e-02 -3.67621e-02
 -3.67487e-02 -3.67302e-02 -3.67068e-02 -3.66785e-02 -3.66457e-02 -3.66083e-02
 -3.65667e-02 -3.65209e-02 -3.64711e-02 -3.64174e-02 -3.63600e-02 -3.62989e-02
 -3.62343e-02 -3.61662e-02 -3.60949e-02 -3.60203e-02 -3.59425e-02 -3.58617e-02
 -3.57779e-02 -3.56912e-02 -3.56015e-02 -3.55090e-02 -3.54137e-02 -3.53156e-02
 -3.52148e-02 -3.51113e-02 -3.50050e-02 -3.48960e-02 -3.47843e-02 -3.46698e-02
 -3.45527e-02 -3.44327e-02 -3.43100e-02 -3.41845e-02 -3.40561e-02 -3.39248e-02
 -3.37905e-02 -3.36533e-02 -3.35130e-02 -3.33696e-02 -3.32230e-02 -3.30732e-02
 -3.29200e-02 -3.27635e-02 -3.26034e-02 -3.24399e-02 -3.22726e-02 -3.21017e-02
 -3.19269e-02 -3.17482e-02 -3.15656e-02 -3.13788e-02 -3.11879e-02 -3.09927e-02
 -3.07931e-02 -3.05891e-02 -3.03805e-02 -3.01673e-02 -2.99493e-02 -2.97266e-02
 -2.94989e-02 -2.92662e-02 -2.90285e-02 -2.87855e-02 -2.85374e-02 -2.82839e-02
 -2.80250e-02 -2.77607e-02 -2.74908e-02 -2.72153e-02 -2.69341e-02 -2.66472e-02
 -2.63546e-02 -2.60561e-02 -2.57517e-02 -2.54414e-02 -2.51252e-02 -2.48030e-02
 -2.44747e-02 -2.41404e-02 -2.38001e-02 -2.34537e-02 -2.31012e-02 -2.27427e-02
 -2.23780e-02 -2.20073e-02 -2.16306e-02 -2.12478e-02 -2.08590e-02 -2.04642e-02
 -2.00634e-02 -1.96567e-02 -1.92442e-02 -1.88258e-02 -1.84016e-02 -1.79716e-02
 -1.75361e-02 -1.70948e-02 -1.66481e-02 -1.61959e-02 -1.57383e-02 -1.52754e-02
 -1.48073e-02 -1.43341e-02 -1.38558e-02 -1.33726e-02 -1.28845e-02 -1.23918e-02
 -1.18944e-02 -1.13925e-02 -1.08862e-02 -1.03757e-02 -9.86101e-03 -9.34231e-03
 -8.81972e-03 -8.29337e-03 -7.76339e-03 -7.22992e-03 -6.69310e-03 -6.15307e-03
 -5.60996e-03 -5.06393e-03 -4.51511e-03 -3.96365e-03 -3.40969e-03 -2.85339e-03
 -2.29489e-03 -1.73435e-03 -1.17190e-03 -6.07715e-04 -4.19363e-05  5.25278e-04
  1.09377e-03  1.66339e-03  2.23398e-03  2.80539e-03  3.37745e-03  3.95001e-03
  4.52291e-03  5.09600e-03  5.66911e-03  6.24210e-03  6.81480e-03  7.38705e-03
  7.95869e-03  8.52958e-03  9.09954e-03  9.66842e-03  1.02361e-02  1.08023e-02
  1.13670e-02  1.19300e-02  1.24911e-02  1.30502e-02  1.36070e-02  1.41616e-02
  1.47136e-02  1.52629e-02  1.58094e-02  1.63530e-02  1.68934e-02  1.74306e-02
  1.79643e-02  1.84944e-02  1.90208e-02  1.95432e-02  2.00616e-02  2.05758e-02
  2.10855e-02  2.15908e-02  2.20913e-02  2.25870e-02  2.30776e-02  2.35631e-02
  2.40433e-02  2.45180e-02  2.49870e-02  2.54503e-02  2.59076e-02  2.63588e-02
  2.68037e-02  2.72422e-02  2.76742e-02  2.80994e-02  2.85177e-02  2.89290e-02
  2.93331e-02  2.97299e-02  3.01191e-02  3.05007e-02  3.08745e-02  3.12404e-02
  3.15981e-02  3.19476e-02  3.22886e-02  3.26211e-02  3.29450e-02  3.32599e-02
  3.35659e-02  3.38628e-02  3.41504e-02  3.44286e-02  3.46973e-02  3.49563e-02
  3.52055e-02  3.54447e-02  3.56739e-02  3.58930e-02  3.61017e-02  3.63000e-02
  3.64877e-02  3.66648e-02  3.68311e-02  3.69866e-02  3.71311e-02  3.72645e-02
  3.73868e-02  3.74978e-02  3.75974e-02  3.76857e-02  3.77624e-02  3.78276e-02
  3.78811e-02  3.79228e-02  3.79528e-02  3.79710e-02  3.79772e-02  3.79715e-02
  3.79538e-02  3.79241e-02  3.78824e-02  3.78285e-02  3.77626e-02  3.76845e-02
  3.75944e-02  3.74920e-02  3.73776e-02  3.72510e-02  3.71123e-02  3.69615e-02
  3.67987e-02  3.66237e-02  3.64368e-02  3.62379e-02  3.60271e-02  3.58045e-02
  3.55700e-02  3.53238e-02  3.50659e-02  3.47965e-02  3.45155e-02  3.42231e-02
  3.39195e-02  3.36046e-02  3.32786e-02  3.29416e-02  3.25938e-02  3.22352e-02
  3.18660e-02  3.14864e-02  3.10964e-02  3.06963e-02  3.02861e-02  2.98661e-02
  2.94364e-02  2.89972e-02  2.85487e-02  2.80911e-02  2.76244e-02  2.71490e-02
  2.66651e-02  2.61728e-02  2.56724e-02  2.51640e-02  2.46479e-02  2.41243e-02
  2.35935e-02  2.30556e-02  2.25109e-02  2.19597e-02  2.14022e-02  2.08386e-02
  2.02692e-02  1.96943e-02  1.91141e-02  1.85289e-02  1.79389e-02  1.73444e-02
  1.67457e-02  1.61431e-02  1.55368e-02  1.49271e-02  1.43144e-02  1.36988e-02
  1.30807e-02  1.24604e-02  1.18381e-02  1.12141e-02  1.05888e-02  9.96231e-03
  9.33507e-03  8.70732e-03  8.07936e-03  7.45148e-03  6.82397e-03  6.19714e-03
  5.57127e-03  4.94666e-03  4.32359e-03  3.70235e-03  3.08325e-03  2.46656e-03
  1.85257e-03  1.24156e-03  6.33831e-04  2.96491e-05 -5.70701e-04 -1.16694e-03
 -1.75881e-03 -2.34602e-03 -2.92831e-03 -3.50542e-03 -4.07709e-03 -4.64306e-03
 -5.20309e-03 -5.75691e-03 -6.30428e-03 -6.84497e-03 -7.37872e-03 -7.90531e-03
 -8.42452e-03 -8.93610e-03 -9.43984e-03 -9.93553e-03 -1.04230e-02 -1.09019e-02
 -1.13722e-02 -1.18336e-02 -1.22860e-02 -1.27291e-02 -1.31628e-02 -1.35870e-02
 -1.40014e-02 -1.44060e-02 -1.48005e-02 -1.51848e-02 -1.55588e-02 -1.59223e-02
 -1.62753e-02 -1.66176e-02 -1.69490e-02 -1.72696e-02 -1.75792e-02 -1.78777e-02
 -1.81651e-02 -1.84412e-02 -1.87061e-02 -1.89596e-02 -1.92017e-02 -1.94323e-02
 -1.96515e-02 -1.98592e-02 -2.00554e-02 -2.02401e-02 -2.04132e-02 -2.05749e-02
 -2.07250e-02 -2.08636e-02 -2.09907e-02 -2.11065e-02 -2.12108e-02 -2.13039e-02
 -2.13856e-02 -2.14562e-02 -2.15156e-02 -2.15639e-02 -2.16013e-02 -2.16278e-02
 -2.16435e-02 -2.16486e-02 -2.16431e-02 -2.16272e-02 -2.16011e-02 -2.15647e-02
 -2.15183e-02 -2.14621e-02 -2.13962e-02 -2.13207e-02 -2.12358e-02 -2.11417e-02
 -2.10386e-02 -2.09265e-02 -2.08058e-02 -2.06766e-02 -2.05378e-02 -2.03840e-02
 -2.02026e-02 -1.99716e-02 -1.96604e-02 -1.92323e-02 -1.86492e-02 -1.78777e-02
 -1.68954e-02 -1.56970e-02 -1.42980e-02 -1.27339e-02 -1.10576e-02 -9.33354e-03
 -7.63141e-03 -6.01976e-03 -4.55914e-03 -3.29623e-03 -2.25904e-03 -1.45444e-03
 -8.68989e-04 -4.73193e-04 -2.28059e-04 -9.20528e-05 -2.69115e-05 -1.70500e-06
  5.09947e-06  5.77787e-06  5.49872e-06  5.44537e-06  5.46803e-06  5.41775e-06
  5.35077e-06  5.32174e-06  5.28892e-06  5.21280e-06  5.15475e-06  5.17152e-06
  5.09310e-06  4.76572e-06  4.22187e-06  3.51482e-06  2.72305e-06  1.93124e-06
  1.19579e-06  5.66679e-07  1.43161e-07  0.00000e+00  0.00000e+00  0.00000e+00
  0.00000e+00  0.00000e+00  0.00000e+00  0.00000e+00  0.00000e+00  0.00000e+00
  0.00000e+00  0.00000e+00  0.00000e+00  0.00000e+00  0.00000e+00  0.00000e+00
  0.00000e+00  0.00000e+00  0.00000e+00  0.00000e+00  0.00000e+00  0.00000e+00
  0.00000e+00  0.00000e+00  0.00000e+00  0.00000e+00  0.00000e+00  0.00000e+00
  0.00000e+00  0.00000e+00  0.00000e+00  0.00000e+00  0.00000e+00  0.00000e+00
  0.00000e+00  0.00000e+00  0.00000e+00  0.00000e+00  0.00000e+00  0.00000e+00
  0.00000e+00  0.00000e+00  0.00000e+00  0.00000e+00  0.00000e+00  0.00000e+00
  0.00000e+00  0.00000e+00  0.00000e+00  0.00000e+00  0.00000e+00  0.00000e+00
  0.00000e+00  0.00000e+00  0.00000e+00  0.00000e+00  0.00000e+00  0.00000e+00
  0.00000e+00  0.00000e+00  0.00000e+00  0.00000e+00  0.00000e+00  0.00000e+00
  0.00000e+00  0.00000e+00  0.00000e+00  0.00000e+00  0.00000e+00  0.00000e+00
  0.00000e+00  0.00000e+00  0.00000e+00  0.00000e+00  0.00000e+00  0.00000e+00
  0.00000e+00  0.00000e+00  0.00000e+00  0.00000e+00  0.00000e+00  0.00000e+00
  0.00000e+00  0.00000e+00  0.00000e+00  0.00000e+00  0.00000e+00  0.00000e+00
  0.00000e+00  0.00000e+00  0.00000e+00  0.00000e+00  0.00000e+00  0.00000e+00
  0.00000e+00  0.00000e+00  0.00000e+00  0.00000e+00  0.00000e+00  0.00000e+00
  0.00000e+00  0.00000e+00  0.00000e+00  0.00000e+00  0.00000e+00  0.00000e+00
  0.00000e+00  0.00000e+00  0.00000e+00  0.00000e+00  0.00000e+00  0.00000e+00
  0.00000e+00  0.00000e+00  0.00000e+00  0.00000e+00  0.00000e+00  0.00000e+00
  0.00000e+00  0.00000e+00  0.00000e+00  0.00000e+00  0.00000e+00  0.00000e+00
  0.00000e+00  0.00000e+00  0.00000e+00  0.00000e+00  0.00000e+00  0.00000e+00
  0.00000e+00  0.00000e+00  0.00000e+00  0.00000e+00  0.00000e+00  0.00000e+00
  0.00000e+00  0.00000e+00  0.00000e+00  0.00000e+00  0.00000e+00  0.00000e+00
  0.00000e+00  0.00000e+00  0.00000e+00  0.00000e+00  0.00000e+00  0.00000e+00
  0.00000e+00  0.00000e+00  0.00000e+00  0.00000e+00  0.00000e+00  0.00000e+00
  0.00000e+00  0.00000e+00  0.00000e+00  0.00000e+00  0.00000e+00  0.00000e+00
  0.00000e+00  0.00000e+00  0.00000e+00  0.00000e+00  0.00000e+00  0.00000e+00
  0.00000e+00  0.00000e+00  0.00000e+00  0.00000e+00  0.00000e+00  0.00000e+00
  0.00000e+00  0.00000e+00  0.00000e+00  0.00000e+00  0.00000e+00  0.00000e+00
  0.00000e+00  0.00000e+00  0.00000e+00  0.00000e+00  0.00000e+00  0.00000e+00
  0.00000e+00  0.00000e+00  0.00000e+00  0.00000e+00  0.00000e+00  0.00000e+00
  0.00000e+00  0.00000e+00  0.00000e+00  0.00000e+00  0.00000e+00  0.00000e+00
  0.00000e+00  0.00000e+00  0.00000e+00  0.00000e+00  0.00000e+00  0.00000e+00
  0.00000e+00  0.00000e+00  0.00000e+00  0.00000e+00  0.00000e+00  0.00000e+00
  0.00000e+00  0.00000e+00  0.00000e+00  0.00000e+00  0.00000e+00  0.00000e+00
  0.00000e+00  0.00000e+00  0.00000e+00  0.00000e+00  0.00000e+00  0.00000e+00
  0.00000e+00  0.00000e+00  0.00000e+00  0.00000e+00  0.00000e+00  0.00000e+00
  0.00000e+00  0.00000e+00  0.00000e+00  0.00000e+00  0.00000e+00  0.00000e+00
  0.00000e+00  0.00000e+00  0.00000e+00  0.00000e+00  0.00000e+00  0.00000e+00
  0.00000e+00  0.00000e+00  0.00000e+00  0.00000e+00  0.00000e+00  0.00000e+00
  0.00000e+00  0.00000e+00  0.00000e+00  0.00000e+00  0.00000e+00  0.00000e+00
  0.00000e+00  0.00000e+00  0.00000e+00  0.00000e+00  0.00000e+00  0.00000e+00
  0.00000e+00  0.00000e+00  0.00000e+00  0.00000e+00  0.00000e+00  0.00000e+00
  0.00000e+00  0.00000e+00  0.00000e+00  0.00000e+00  0.00000e+00  0.00000e+00
  0.00000e+00  0.00000e+00  0.00000e+00  0.00000e+00  0.00000e+00  0.00000e+00
  0.00000e+00  0.00000e+00  0.00000e+00  0.00000e+00  0.00000e+00  0.00000e+00
  0.00000e+00  0.00000e+00  0.00000e+00  0.00000e+00  0.00000e+00  0.00000e+00
  0.00000e+00  0.00000e+00  0.00000e+00  0.00000e+00  0.00000e+00  0.00000e+00
  0.00000e+00  0.00000e+00  0.00000e+00  0.00000e+00  0.00000e+00  0.00000e+00
  0.00000e+00  0.00000e+00  0.00000e+00  0.00000e+00  0.00000e+00  0.00000e+00
  0.00000e+00  0.00000e+00  0.00000e+00  0.00000e+00  0.00000e+00  0.00000e+00
  0.00000e+00  0.00000e+00  0.00000e+00  0.00000e+00  0.00000e+00  0.00000e+00
  0.00000e+00  0.00000e+00  0.00000e+00  0.00000e+00  0.00000e+00  0.00000e+00
  0.00000e+00  0.00000e+00  0.00000e+00  0.00000e+00  0.00000e+00  0.00000e+00
  0.00000e+00  0.00000e+00  0.00000e+00  0.00000e+00  0.00000e+00  0.00000e+00
  0.00000e+00  0.00000e+00  0.00000e+00  0.00000e+00  0.00000e+00  0.00000e+00
  0.00000e+00  0.00000e+00  0.00000e+00  0.00000e+00  0.00000e+00  0.00000e+00
  0.00000e+00  0.00000e+00  0.00000e+00  0.00000e+00  0.00000e+00  0.00000e+00
  0.00000e+00  0.00000e+00  0.00000e+00  0.00000e+00  0.00000e+00  0.00000e+00
  0.00000e+00  0.00000e+00  0.00000e+00  0.00000e+00  0.00000e+00  0.00000e+00
  0.00000e+00  0.00000e+00  0.00000e+00  0.00000e+00  0.00000e+00  0.00000e+00
  0.00000e+00  0.00000e+00  0.00000e+00  0.00000e+00  0.00000e+00  0.00000e+00
  0.00000e+00  0.00000e+00  0.00000e+00  0.00000e+00  0.00000e+00  0.00000e+00
  0.00000e+00  0.00000e+00  0.00000e+00  0.00000e+00  0.00000e+00  0.00000e+00
  0.00000e+00  0.00000e+00  0.00000e+00  0.00000e+00  0.00000e+00  0.00000e+00
  0.00000e+00  0.00000e+00  0.00000e+00  0.00000e+00  0.00000e+00  0.00000e+00
  0.00000e+00  0.00000e+00  0.00000e+00  0.00000e+00  0.00000e+00  0.00000e+00
  0.00000e+00  0.00000e+00  0.00000e+00  0.00000e+00  0.00000e+00  0.00000e+00
  0.00000e+00  0.00000e+00  0.00000e+00  0.00000e+00  0.00000e+00  0.00000e+00
  0.00000e+00  0.00000e+00  0.00000e+00  0.00000e+00  0.00000e+00  0.00000e+00
  0.00000e+00  0.00000e+00  0.00000e+00  0.00000e+00  0.00000e+00  0.00000e+00
  0.00000e+00  0.00000e+00  0.00000e+00  0.00000e+00  0.00000e+00  0.00000e+00
  0.00000e+00  0.00000e+00  0.00000e+00  0.00000e+00  0.00000e+00  0.00000e+00
  0.00000e+00  0.00000e+00  0.00000e+00  0.00000e+00  0.00000e+00  0.00000e+00
  0.00000e+00  0.00000e+00  0.00000e+00  0.00000e+00  0.00000e+00  0.00000e+00
  0.00000e+00  0.00000e+00  0.00000e+00  0.00000e+00  0.00000e+00  0.00000e+00
  0.00000e+00  0.00000e+00  0.00000e+00  0.00000e+00  0.00000e+00  0.00000e+00
  0.00000e+00  0.00000e+00  0.00000e+00  0.00000e+00  0.00000e+00  0.00000e+00
  0.00000e+00  0.00000e+00  0.00000e+00  0.00000e+00  0.00000e+00  0.00000e+00
  0.00000e+00  0.00000e+00  0.00000e+00  0.00000e+00  0.00000e+00  0.00000e+00
  0.00000e+00  0.00000e+00  0.00000e+00  0.00000e+00  0.00000e+00  0.00000e+00
  0.00000e+00  0.00000e+00  0.00000e+00  0.00000e+00  0.00000e+00  0.00000e+00
  0.00000e+00  0.00000e+00  0.00000e+00  0.00000e+00  0.00000e+00  0.00000e+00
  0.00000e+00  0.00000e+00  0.00000e+00  0.00000e+00  0.00000e+00  0.00000e+00
  0.00000e+00  0.00000e+00  0.00000e+00  0.00000e+00  0.00000e+00  0.00000e+00
  0.00000e+00  0.00000e+00  0.00000e+00  0.00000e+00  0.00000e+00  0.00000e+00
  0.00000e+00  0.00000e+00  0.00000e+00  0.00000e+00  0.00000e+00  0.00000e+00
  0.00000e+00  0.00000e+00  0.00000e+00  0.00000e+00  0.00000e+00  0.00000e+00
  0.00000e+00  0.00000e+00  0.00000e+00  0.00000e+00  0.00000e+00  0.00000e+00
  0.00000e+00  0.00000e+00  0.00000e+00  0.00000e+00  0.00000e+00  0.00000e+00
  0.00000e+00  0.00000e+00  0.00000e+00  0.00000e+00  0.00000e+00  0.00000e+00
  0.00000e+00  0.00000e+00  0.00000e+00  0.00000e+00  0.00000e+00  0.00000e+00
  0.00000e+00  0.00000e+00  0.00000e+00  0.00000e+00  0.00000e+00  0.00000e+00
