AZ_TRO     090 TITLE
6000  5.00000e-03 0 0 -5.00000e-02  0.00000e+00  0.00000e+00  0.00000e+00
 -6.98046e-13  7.80661e-07  3.40492e-06  8.92502e-06  1.80038e-05  3.07833e-05
  4.69387e-05  6.57444e-05  8.61130e-05  1.06680e-04  1.25951e-04  1.42449e-04
  1.54845e-04  1.62089e-04  1.63525e-04  1.58935e-04  1.48530e-04  1.32965e-04
  1.13339e-04  9.10169e-05  6.72350e-05  4.27360e-05  1.77272e-05 -7.85228e-06
 -3.40528e-05 -6.08444e-05 -8.81905e-05 -1.16088e-04 -1.44536e-04 -1.73521e-04
 -2.03027e-04 -2.33047e-04 -2.63567e-04 -2.94571e-04 -3.26060e-04 -3.58028e-04
 -3.90440e-04 -4.23267e-04 -4.56557e-04 -4.90362e-04 -5.24473e-04 -5.58977e-04
 -5.93861e-04 -6.29110e-04 -6.64707e-04 -7.00638e-04 -7.36883e-04 -7.73427e-04
 -8.10248e-04 -8.47327e-04 -8.84641e-04 -9.22169e-04 -9.59885e-04 -9.97765e-04
 -1.03578e-03 -1.07391e-03 -1.11211e-03 -1.15036e-03 -1.18863e-03 -1.22688e-03
 -1.26507e-03 -1.30317e-03 -1.34114e-03 -1.37895e-03 -1.41654e-03 -1.45388e-03
 -1.49093e-03 -1.52763e-03 -1.56395e-03 -1.59983e-03 -1.63522e-03 -1.67008e-03
 -1.70435e-03 -1.73798e-03 -1.77092e-03 -1.80311e-03 -1.83449e-03 -1.86501e-03
 -1.89461e-03 -1.92323e-03 -1.95081e-03 -1.97730e-03 -2.00262e-03 -2.02673e-03
 -2.04955e-03 -2.07103e-03 -2.09110e-03 -2.10970e-03 -2.12677e-03 -2.14224e-03
 -2.15605e-03 -2.16814e-03 -2.17845e-03 -2.18691e-03 -2.19346e-03 -2.19804e-03
 -2.20059e-03 -2.20105e-03 -2.19937e-03 -2.19547e-03 -2.18932e-03 -2.18084e-03
 -2.16999e-03 -2.15671e-03 -2.14096e-03 -2.12267e-03 -2.10181e-03 -2.07833e-03
 -2.05217e-03 -2.02331e-03 -1.99169e-03 -1.95729e-03 -1.92006e-03 -1.87996e-03
 -1.83697e-03 -1.79106e-03 -1.74220e-03 -1.69036e-03 -1.63552e-03 -1.57766e-03
 -1.51676e-03 -1.45282e-03 -1.38581e-03 -1.31573e-03 -1.24257e-03 -1.16633e-03
 -1.08702e-03 -1.00463e-03 -9.19166e-04 -8.30646e-04 -7.39081e-04 -6.44487e-04
 -5.46884e-04 -4.46297e-04 -3.42753e-04 -2.36282e-04 -1.26921e-04 -1.47074e-05
  1.00316e-04  2.18101e-04  3.38599e-04  4.61754e-04  5.87507e-04  7.15794e-04
  8.46548e-04  9.79697e-04  1.11516e-03  1.25287e-03  1.39272e-03  1.53464e-03
  1.67852e-03  1.82426e-03  1.97177e-03  2.12093e-03  2.27162e-03  2.42373e-03
  2.57713e-03  2.73170e-03  2.88729e-03  3.04377e-03  3.20100e-03  3.35882e-03
  3.51707e-03  3.67561e-03  3.83427e-03  3.99287e-03  4.15125e-03  4.30922e-03
  4.46659e-03  4.62320e-03  4.77883e-03  4.93329e-03  5.08638e-03  5.23791e-03
  5.38764e-03  5.53539e-03  5.68092e-03  5.82402e-03  5.96447e-03  6.10204e-03
  6.23650e-03  6.36763e-03  6.49518e-03  6.61894e-03  6.73865e-03  6.85409e-03
  6.96501e-03  7.07117e-03  7.17235e-03  7.26829e-03  7.35876e-03  7.44352e-03
  7.52234e-03  7.59498e-03  7.66121e-03  7.72079e-03  7.77351e-03  7.81914e-03
  7.85745e-03  7.88824e-03  7.91128e-03  7.92638e-03  7.93333e-03  7.93194e-03
  7.92201e-03  7.90337e-03  7.87583e-03  7.83924e-03  7.79342e-03  7.73823e-03
  7.67353e-03  7.59917e-03  7.51503e-03  7.42099e-03  7.31696e-03  7.20283e-03
  7.07852e-03  6.94396e-03  6.79908e-03  6.64383e-03  6.47818e-03  6.30210e-03
  6.11558e-03  5.91861e-03  5.71121e-03  5.49340e-03  5.26522e-03  5.02672e-03
  4.77797e-03  4.51905e-03  4.25005e-03  3.97108e-03  3.68225e-03  3.38370e-03
  3.07559e-03  2.75807e-03  2.43132e-03  2.09554e-03  1.75092e-03  1.39768e-03
  1.03606e-03  6.66312e-04  2.88682e-04 -9.65544e-05 -4.89110e-04 -8.88688e-04
 -1.29498e-03 -1.70765e-03 -2.12638e-03 -2.55081e-03 -2.98059e-03 -3.41535e-03
 -3.85469e-03 -4.29824e-03 -4.74559e-03 -5.19633e-03 -5.65003e-03 -6.10626e-03
 -6.56458e-03 -7.02455e-03 -7.48571e-03 -7.94760e-03 -8.40974e-03 -8.87166e-03
 -9.33287e-03 -9.79289e-03 -1.02512e-02 -1.07074e-02 -1.11608e-02 -1.16110e-02
 -1.20575e-02 -1.24998e-02 -1.29373e-02 -1.33696e-02 -1.37960e-02 -1.42162e-02
 -1.46294e-02 -1.50353e-02 -1.54333e-02 -1.58229e-02 -1.62035e-02 -1.65746e-02
 -1.69357e-02 -1.72862e-02 -1.76257e-02 -1.79536e-02 -1.82694e-02 -1.85727e-02
 -1.88627e-02 -1.91392e-02 -1.94015e-02 -1.96492e-02 -1.98817e-02 -2.00986e-02
 -2.02994e-02 -2.04835e-02 -2.06506e-02 -2.08001e-02 -2.09315e-02 -2.10445e-02
 -2.11385e-02 -2.12130e-02 -2.12677e-02 -2.13020e-02 -2.13156e-02 -2.13080e-02
 -2.12787e-02 -2.12273e-02 -2.11535e-02 -2.10568e-02 -2.09367e-02 -2.07929e-02
 -2.06251e-02 -2.04326e-02 -2.02153e-02 -1.99727e-02 -1.97044e-02 -1.94101e-02
 -1.90893e-02 -1.87417e-02 -1.83669e-02 -1.79646e-02 -1.75344e-02 -1.70760e-02
 -1.65889e-02 -1.60729e-02 -1.55276e-02 -1.49526e-02 -1.43477e-02 -1.37124e-02
 -1.30464e-02 -1.23494e-02 -1.16211e-02 -1.08611e-02 -1.00690e-02 -9.24468e-03
 -8.38766e-03 -7.49766e-03 -6.57435e-03 -5.61741e-03 -4.62654e-03 -3.60141e-03
 -2.54172e-03 -1.44715e-03 -3.17412e-04  8.47799e-04  2.04878e-03  3.28581e-03
  4.55919e-03  5.86918e-03  7.21607e-03  8.60012e-03  1.00216e-02  1.14807e-02
  1.29777e-02  1.45128e-02  1.60863e-02  1.76983e-02  1.93491e-02  2.10387e-02
  2.27674e-02  2.45353e-02  2.63425e-02  2.81891e-02  3.00752e-02  3.20008e-02
  3.39660e-02  3.59708e-02  3.80152e-02  4.00991e-02  4.22225e-02  4.43853e-02
  4.65872e-02  4.88283e-02  5.11083e-02  5.34269e-02  5.57840e-02  5.81793e-02
  6.06123e-02  6.30828e-02  6.55904e-02  6.81346e-02  7.07150e-02  7.33310e-02
  7.59822e-02  7.86678e-02  8.13875e-02  8.41404e-02  8.69258e-02  8.97431e-02
  9.25915e-02  9.54701e-02  9.83781e-02  1.01315e-01  1.04279e-01  1.07270e-01
  1.10286e-01  1.13328e-01  1.16393e-01  1.19480e-01  1.22589e-01  1.25719e-01
  1.28867e-01  1.32034e-01  1.35217e-01  1.38416e-01  1.41629e-01  1.44855e-01
  1.48094e-01  1.51342e-01  1.54600e-01  1.57865e-01  1.61137e-01  1.64415e-01
  1.67696e-01  1.70979e-01  1.74264e-01  1.77548e-01  1.80830e-01  1.84110e-01
  1.87385e-01  1.90654e-01  1.93916e-01  1.97170e-01  2.00413e-01  2.03646e-01
  2.06866e-01  2.10073e-01  2.13264e-01  2.16439e-01  2.19596e-01  2.22734e-01
  2.25852e-01  2.28949e-01  2.32023e-01  2.35073e-01  2.38098e-01  2.41097e-01
  2.44069e-01  2.47012e-01  2.49925e-01  2.52808e-01  2.55659e-01  2.58476e-01
  2.61260e-01  2.64008e-01  2.66720e-01  2.69395e-01  2.72031e-01  2.74627e-01
  2.77183e-01  2.79697e-01  2.82168e-01  2.84596e-01  2.86978e-01  2.89315e-01
  2.91604e-01  2.93844e-01  2.96035e-01  2.98176e-01  3.00264e-01  3.02300e-01
  3.04281e-01  3.06207e-01  3.08076e-01  3.09887e-01  3.11638e-01  3.13329e-01
  3.14957e-01  3.16522e-01  3.18022e-01  3.19456e-01  3.20821e-01  3.22118e-01
  3.23343e-01  3.24495e-01  3.25574e-01  3.26576e-01  3.27501e-01  3.28347e-01
  3.29112e-01  3.29794e-01  3.30392e-01  3.30903e-01  3.31327e-01  3.31660e-01
  3.31902e-01  3.32050e-01  3.32103e-01  3.32058e-01  3.31914e-01  3.31669e-01
  3.31321e-01  3.30867e-01  3.30307e-01  3.29638e-01  3.28858e-01  3.27965e-01
  3.26957e-01  3.25834e-01  3.24591e-01  3.23229e-01  3.21745e-01  3.20136e-01
  3.18403e-01  3.16542e-01  3.14552e-01  3.12431e-01  3.10178e-01  3.07791e-01
  3.05269e-01  3.02610e-01  2.99812e-01  2.96876e-01  2.93798e-01  2.90577e-01
  2.87214e-01  2.83705e-01  2.80052e-01  2.76251e-01  2.72304e-01  2.68207e-01
  2.63962e-01  2.59567e-01  2.55022e-01  2.50325e-01  2.45477e-01  2.40478e-01
  2.35327e-01  2.30023e-01  2.24568e-01  2.18960e-01  2.13200e-01  2.07289e-01
  2.01226e-01  1.95012e-01  1.88648e-01  1.82133e-01  1.75470e-01  1.68658e-01
  1.61699e-01  1.54594e-01  1.47344e-01  1.39950e-01  1.32413e-01  1.24736e-01
  1.16920e-01  1.08966e-01  1.00877e-01  9.26540e-02  8.43001e-02  7.58171e-02
  6.72075e-02  5.84739e-02  4.96188e-02  4.06451e-02  3.15558e-02  2.23539e-02
  1.30426e-02  3.62540e-03 -5.89435e-03 -1.55129e-02 -2.52266e-02 -3.50313e-02
 -4.49231e-02 -5.48977e-02 -6.49508e-02 -7.50777e-02 -8.52739e-02 -9.55344e-02
 -1.05854e-01 -1.16229e-01 -1.26652e-01 -1.37118e-01 -1.47623e-01 -1.58159e-01
 -1.68722e-01 -1.79305e-01 -1.89901e-01 -2.00505e-01 -2.11109e-01 -2.21708e-01
 -2.32293e-01 -2.42858e-01 -2.53397e-01 -2.63900e-01 -2.74362e-01 -2.84774e-01
 -2.95128e-01 -3.05416e-01 -3.15631e-01 -3.25764e-01 -3.35806e-01 -3.45749e-01
 -3.55585e-01 -3.65303e-01 -3.74897e-01 -3.84355e-01 -3.93669e-01 -4.02830e-01
 -4.11828e-01 -4.20653e-01 -4.29296e-01 -4.37747e-01 -4.45996e-01 -4.54033e-01
 -4.61848e-01 -4.69430e-01 -4.76770e-01 -4.83857e-01 -4.90680e-01 -4.97230e-01
 -5.03495e-01 -5.09466e-01 -5.15130e-01 -5.20479e-01 -5.25501e-01 -5.30185e-01
 -5.34521e-01 -5.38499e-01 -5.42107e-01 -5.45335e-01 -5.48172e-01 -5.50609e-01
 -5.52634e-01 -5.54237e-01 -5.55408e-01 -5.56136e-01 -5.56412e-01 -5.56226e-01
 -5.55567e-01 -5.54426e-01 -5.52793e-01 -5.50660e-01 -5.48016e-01 -5.44852e-01
 -5.41161e-01 -5.36933e-01 -5.32160e-01 -5.26833e-01 -5.20945e-01 -5.14488e-01
 -5.07455e-01 -4.99839e-01 -4.91632e-01 -4.82830e-01 -4.73425e-01 -4.63412e-01
 -4.52785e-01 -4.41541e-01 -4.29673e-01 -4.17178e-01 -4.04053e-01 -3.90294e-01
 -3.75898e-01 -3.60863e-01 -3.45187e-01 -3.28869e-01 -3.11908e-01 -2.94303e-01
 -2.76056e-01 -2.57166e-01 -2.37635e-01 -2.17465e-01 -1.96658e-01 -1.75218e-01
 -1.53148e-01 -1.30453e-01 -1.07138e-01 -8.32079e-02 -5.86694e-02 -3.35293e-02
 -7.79547e-03  1.85239e-02  4.54199e-02  7.28826e-02  1.00902e-01  1.29466e-01
  1.58564e-01  1.88183e-01  2.18310e-01  2.48930e-01  2.80029e-01  3.11591e-01
  3.43600e-01  3.76039e-01  4.08890e-01  4.42135e-01  4.75755e-01  5.09729e-01
  5.44036e-01  5.78656e-01  6.13566e-01  6.48743e-01  6.84164e-01  7.19804e-01
  7.55638e-01  7.91640e-01  8.27785e-01  8.64044e-01  9.00390e-01  9.36795e-01
  9.73229e-01  1.00966e+00  1.04607e+00  1.08241e+00  1.11866e+00  1.15478e+00
  1.19075e+00  1.22653e+00  1.26208e+00  1.29738e+00  1.33238e+00  1.36706e+00
  1.40137e+00  1.43529e+00  1.46877e+00  1.50178e+00  1.53429e+00  1.56625e+00
  1.59764e+00  1.62841e+00  1.65852e+00  1.68795e+00  1.71665e+00  1.74458e+00
  1.77172e+00  1.79801e+00  1.82343e+00  1.84794e+00  1.87150e+00  1.89407e+00
  1.91563e+00  1.93613e+00  1.95554e+00  1.97383e+00  1.99095e+00  2.00689e+00
  2.02160e+00  2.03505e+00  2.04722e+00  2.05806e+00  2.06756e+00  2.07568e+00
  2.08239e+00  2.08767e+00  2.09149e+00  2.09382e+00  2.09465e+00  2.09395e+00
  2.09169e+00  2.08787e+00  2.08245e+00  2.07543e+00  2.06678e+00  2.05649e+00
  2.04455e+00  2.03095e+00  2.01568e+00  1.99872e+00  1.98008e+00  1.95975e+00
  1.93772e+00  1.91400e+00  1.88859e+00  1.86148e+00  1.83268e+00  1.80220e+00
  1.77005e+00  1.73624e+00  1.70077e+00  1.66367e+00  1.62495e+00  1.58463e+00
  1.54272e+00  1.49926e+00  1.45426e+00  1.40775e+00  1.35977e+00  1.31033e+00
  1.25948e+00  1.20724e+00  1.15365e+00  1.09876e+00  1.04260e+00  9.85206e-01
  9.26632e-01  8.66919e-01  8.06113e-01  7.44265e-01  6.81424e-01  6.17642e-01
  5.52972e-01  4.87469e-01  4.21189e-01  3.54190e-01  2.86529e-01  2.18268e-01
  1.49465e-01  8.01844e-02  1.04873e-02 -5.95627e-02 -1.29901e-01 -2.00464e-01
 -2.71185e-01 -3.42000e-01 -4.12841e-01 -4.83643e-01 -5.54339e-01 -6.24862e-01
 -6.95148e-01 -7.65128e-01 -8.34737e-01 -9.03909e-01 -9.72580e-01 -1.04068e+00
 -1.10816e+00 -1.17494e+00 -1.24096e+00 -1.30617e+00 -1.37049e+00 -1.43388e+00
 -1.49628e+00 -1.55762e+00 -1.61785e+00 -1.67692e+00 -1.73478e+00 -1.79137e+00
 -1.84664e+00 -1.90055e+00 -1.95305e+00 -2.00410e+00 -2.05365e+00 -2.10167e+00
 -2.14811e+00 -2.19294e+00 -2.23613e+00 -2.27764e+00 -2.31745e+00 -2.35552e+00
 -2.39183e+00 -2.42636e+00 -2.45908e+00 -2.48998e+00 -2.51905e+00 -2.54625e+00
 -2.57159e+00 -2.59506e+00 -2.61664e+00 -2.63633e+00 -2.65412e+00 -2.67002e+00
 -2.68403e+00 -2.69614e+00 -2.70637e+00 -2.71471e+00 -2.72119e+00 -2.72581e+00
 -2.72857e+00 -2.72951e+00 -2.72863e+00 -2.72594e+00 -2.72148e+00 -2.71526e+00
 -2.70731e+00 -2.69764e+00 -2.68629e+00 -2.67328e+00 -2.65865e+00 -2.64241e+00
 -2.62460e+00 -2.60526e+00 -2.58442e+00 -2.56210e+00 -2.53836e+00 -2.51321e+00
 -2.48671e+00 -2.45888e+00 -2.42977e+00 -2.39941e+00 -2.36784e+00 -2.33511e+00
 -2.30126e+00 -2.26631e+00 -2.23033e+00 -2.19334e+00 -2.15539e+00 -2.11652e+00
 -2.07677e+00 -2.03619e+00 -1.99482e+00 -1.95269e+00 -1.90985e+00 -1.86635e+00
 -1.82222e+00 -1.77751e+00 -1.73225e+00 -1.68649e+00 -1.64026e+00 -1.59362e+00
 -1.54659e+00 -1.49922e+00 -1.45154e+00 -1.40360e+00 -1.35543e+00 -1.30707e+00
 -1.25856e+00 -1.20993e+00 -1.16122e+00 -1.11246e+00 -1.06369e+00 -1.01495e+00
 -9.66260e-01 -9.17661e-01 -8.69184e-01 -8.20860e-01 -7.72719e-01 -7.24793e-01
 -6.77111e-01 -6.29700e-01 -5.82590e-01 -5.35809e-01 -4.89381e-01 -4.43335e-01
 -3.97694e-01 -3.52484e-01 -3.07729e-01 -2.63452e-01 -2.19676e-01 -1.76422e-01
 -1.33711e-01 -9.15654e-02 -5.00034e-02 -9.04459e-03  3.12926e-02  7.09904e-02
  1.10032e-01  1.48400e-01  1.86080e-01  2.23057e-01  2.59316e-01  2.94843e-01
  3.29626e-01  3.63652e-01  3.96910e-01  4.29389e-01  4.61079e-01  4.91969e-01
  5.22053e-01  5.51320e-01  5.79764e-01  6.07378e-01  6.34155e-01  6.60090e-01
  6.85178e-01  7.09415e-01  7.32797e-01  7.55321e-01  7.76984e-01  7.97786e-01
  8.17724e-01  8.36799e-01  8.55010e-01  8.72358e-01  8.88846e-01  9.04474e-01
  9.19245e-01  9.33162e-01  9.46230e-01  9.58453e-01  9.69835e-01  9.80382e-01
  9.90100e-01  9.98996e-01  1.00708e+00  1.01435e+00  1.02082e+00  1.02650e+00
  1.03140e+00  1.03553e+00  1.03889e+00  1.04150e+00  1.04337e+00  1.04451e+00
  1.04493e+00  1.04465e+00  1.04367e+00  1.04201e+00  1.03968e+00  1.03670e+00
  1.03307e+00  1.02882e+00  1.02395e+00  1.01849e+00  1.01245e+00  1.00583e+00
  9.98668e-01  9.90964e-01  9.82739e-01  9.74008e-01  9.64788e-01  9.55093e-01
  9.44941e-01  9.34347e-01  9.23329e-01  9.11902e-01  9.00083e-01  8.87888e-01
  8.75335e-01  8.62439e-01  8.49217e-01  8.35686e-01  8.21861e-01  8.07760e-01
  7.93399e-01  7.78793e-01  7.63958e-01  7.48912e-01  7.33669e-01  7.18245e-01
  7.02655e-01  6.86916e-01  6.71042e-01  6.55048e-01  6.38948e-01  6.22758e-01
  6.06491e-01  5.90162e-01  5.73784e-01  5.57370e-01  5.40934e-01  5.24489e-01
  5.08047e-01  4.91620e-01  4.75221e-01  4.58862e-01  4.42554e-01  4.26308e-01
  4.10135e-01  3.94045e-01  3.78049e-01  3.62156e-01  3.46376e-01  3.30718e-01
  3.15190e-01  2.99802e-01  2.84561e-01  2.69476e-01  2.54553e-01  2.39801e-01
  2.25225e-01  2.10833e-01  1.96631e-01  1.82625e-01  1.68820e-01  1.55222e-01
  1.41837e-01  1.28668e-01  1.15720e-01  1.02998e-01  9.05053e-02  7.82456e-02
  6.62223e-02  5.44386e-02  4.28976e-02  3.16019e-02  2.05540e-02  9.75633e-03
 -7.89109e-04 -1.10804e-02 -2.11159e-02 -3.08941e-02 -4.04137e-02 -4.96738e-02
 -5.86734e-02 -6.74117e-02 -7.58882e-02 -8.41023e-02 -9.20538e-02 -9.97425e-02
 -1.07168e-01 -1.14331e-01 -1.21231e-01 -1.27869e-01 -1.34244e-01 -1.40359e-01
 -1.46212e-01 -1.51805e-01 -1.57138e-01 -1.62213e-01 -1.67030e-01 -1.71591e-01
 -1.75897e-01 -1.79949e-01 -1.83748e-01 -1.87297e-01 -1.90595e-01 -1.93646e-01
 -1.96451e-01 -1.99011e-01 -2.01328e-01 -2.03405e-01 -2.05243e-01 -2.06845e-01
 -2.08212e-01 -2.09347e-01 -2.10253e-01 -2.10930e-01 -2.11383e-01 -2.11613e-01
 -2.11624e-01 -2.11417e-01 -2.10997e-01 -2.10365e-01 -2.09525e-01 -2.08480e-01
 -2.07232e-01 -2.05787e-01 -2.04145e-01 -2.02312e-01 -2.00291e-01 -1.98085e-01
 -1.95699e-01 -1.93135e-01 -1.90399e-01 -1.87493e-01 -1.84423e-01 -1.81193e-01
 -1.77806e-01 -1.74267e-01 -1.70582e-01 -1.66753e-01 -1.62787e-01 -1.58687e-01
 -1.54459e-01 -1.50108e-01 -1.45638e-01 -1.41055e-01 -1.36363e-01 -1.31569e-01
 -1.26677e-01 -1.21693e-01 -1.16622e-01 -1.11469e-01 -1.06241e-01 -1.00942e-01
 -9.55784e-02 -9.01555e-02 -8.46789e-02 -7.91544e-02 -7.35877e-02 -6.79843e-02
 -6.23499e-02 -5.66903e-02 -5.10109e-02 -4.53174e-02 -3.96155e-02 -3.39106e-02
 -2.82082e-02 -2.25140e-02 -1.68332e-02 -1.11713e-02 -5.53355e-03  7.48025e-05
  5.64864e-03  1.11829e-02  1.66727e-02  2.21131e-02  2.74996e-02  3.28274e-02
  3.80921e-02  4.32893e-02  4.84149e-02  5.34646e-02  5.84346e-02  6.33210e-02
  6.81201e-02  7.28284e-02  7.74425e-02  8.19592e-02  8.63756e-02  9.06887e-02
  9.48958e-02  9.89944e-02  1.02982e-01  1.06857e-01  1.10616e-01  1.14259e-01
  1.17782e-01  1.21185e-01  1.24466e-01  1.27624e-01  1.30658e-01  1.33566e-01
  1.36347e-01  1.39002e-01  1.41530e-01  1.43929e-01  1.46201e-01  1.48344e-01
  1.50359e-01  1.52247e-01  1.54006e-01  1.55637e-01  1.57142e-01  1.58520e-01
  1.59772e-01  1.60899e-01  1.61901e-01  1.62780e-01  1.63536e-01  1.64171e-01
  1.64685e-01  1.65080e-01  1.65356e-01  1.65516e-01  1.65560e-01  1.65490e-01
  1.65306e-01  1.65012e-01  1.64607e-01  1.64093e-01  1.63473e-01  1.62746e-01
  1.61916e-01  1.60983e-01  1.59949e-01  1.58816e-01  1.57585e-01  1.56258e-01
  1.54836e-01  1.53321e-01  1.51715e-01  1.50018e-01  1.48234e-01  1.46364e-01
  1.44408e-01  1.42370e-01  1.40250e-01  1.38050e-01  1.35772e-01  1.33417e-01
  1.30988e-01  1.28486e-01  1.25913e-01  1.23270e-01  1.20559e-01  1.17782e-01
  1.14942e-01  1.12039e-01  1.09075e-01  1.06053e-01  1.02974e-01  9.98396e-02
  9.66527e-02  9.34148e-02  9.01278e-02  8.67939e-02  8.34150e-02  7.99931e-02
  7.65305e-02  7.30292e-02  6.94914e-02  6.59194e-02  6.23153e-02  5.86815e-02
  5.50204e-02  5.13341e-02  4.76253e-02  4.38961e-02  4.01491e-02  3.63868e-02
  3.26115e-02  2.88259e-02  2.50326e-02  2.12340e-02  1.74327e-02  1.36315e-02
  9.83293e-03  6.03968e-03  2.25444e-03 -1.52011e-03 -5.28125e-03 -9.02629e-03
 -1.27525e-02 -1.64572e-02 -2.01376e-02 -2.37910e-02 -2.74147e-02 -3.10061e-02
 -3.45624e-02 -3.80809e-02 -4.15591e-02 -4.49944e-02 -4.83841e-02 -5.17257e-02
 -5.50168e-02 -5.82548e-02 -6.14375e-02 -6.45623e-02 -6.76271e-02 -7.06296e-02
 -7.35676e-02 -7.64390e-02 -7.92419e-02 -8.19742e-02 -8.46342e-02 -8.72200e-02
 -8.97301e-02 -9.21629e-02 -9.45168e-02 -9.67905e-02 -9.89827e-02 -1.01092e-01
 -1.03118e-01 -1.05058e-01 -1.06913e-01 -1.08682e-01 -1.10363e-01 -1.11956e-01
 -1.13461e-01 -1.14877e-01 -1.16205e-01 -1.17443e-01 -1.18593e-01 -1.19654e-01
 -1.20626e-01 -1.21510e-01 -1.22305e-01 -1.23014e-01 -1.23635e-01 -1.24171e-01
 -1.24621e-01 -1.24987e-01 -1.25269e-01 -1.25470e-01 -1.25589e-01 -1.25628e-01
 -1.25589e-01 -1.25473e-01 -1.25280e-01 -1.25014e-01 -1.24674e-01 -1.24264e-01
 -1.23783e-01 -1.23235e-01 -1.22621e-01 -1.21943e-01 -1.21202e-01 -1.20400e-01
 -1.19540e-01 -1.18622e-01 -1.17649e-01 -1.16622e-01 -1.15544e-01 -1.14417e-01
 -1.13241e-01 -1.12020e-01 -1.10755e-01 -1.09447e-01 -1.08099e-01 -1.06713e-01
 -1.05290e-01 -1.03832e-01 -1.02341e-01 -1.00819e-01 -9.92665e-02 -9.76863e-02
 -9.60796e-02 -9.44481e-02 -9.27932e-02 -9.11165e-02 -8.94195e-02 -8.77036e-02
 -8.59703e-02 -8.42209e-02 -8.24567e-02 -8.06792e-02 -7.88895e-02 -7.70888e-02
 -7.52783e-02 -7.34592e-02 -7.16325e-02 -6.97993e-02 -6.79606e-02 -6.61173e-02
 -6.42705e-02 -6.24210e-02 -6.05699e-02 -5.87178e-02 -5.68658e-02 -5.50146e-02
 -5.31650e-02 -5.13178e-02 -4.94736e-02 -4.76332e-02 -4.57974e-02 -4.39666e-02
 -4.21415e-02 -4.03228e-02 -3.85109e-02 -3.67063e-02 -3.49097e-02 -3.31215e-02
 -3.13422e-02 -2.95723e-02 -2.78123e-02 -2.60625e-02 -2.43235e-02 -2.25958e-02
 -2.08796e-02 -1.91755e-02 -1.74839e-02 -1.58052e-02 -1.41398e-02 -1.24880e-02
 -1.08502e-02 -9.22678e-03 -7.61814e-03 -6.02468e-03 -4.44678e-03 -2.88485e-03
 -1.33928e-03  1.89533e-04  1.70120e-03  3.19535e-03  4.67160e-03  6.12959e-03
  7.56895e-03  8.98933e-03  1.03904e-02  1.17717e-02  1.31329e-02  1.44737e-02
  1.57936e-02  1.70921e-02  1.83689e-02  1.96236e-02  2.08556e-02  2.20646e-02
  2.32501e-02  2.44116e-02  2.55488e-02  2.66613e-02  2.77487e-02  2.88105e-02
  2.98464e-02  3.08560e-02  3.18389e-02  3.27947e-02  3.37230e-02  3.46235e-02
  3.54956e-02  3.63392e-02  3.71537e-02  3.79390e-02  3.86946e-02  3.94202e-02
  4.01157e-02  4.07807e-02  4.14149e-02  4.20182e-02  4.25903e-02  4.31310e-02
  4.36400e-02  4.41173e-02  4.45625e-02  4.49756e-02  4.53564e-02  4.57049e-02
  4.60210e-02  4.63046e-02  4.65558e-02  4.67746e-02  4.69609e-02  4.71149e-02
  4.72366e-02  4.73261e-02  4.73833e-02  4.74086e-02  4.74018e-02  4.73633e-02
  4.72930e-02  4.71913e-02  4.70583e-02  4.68942e-02  4.66992e-02  4.64737e-02
  4.62179e-02  4.59321e-02  4.56167e-02  4.52718e-02  4.48980e-02  4.44955e-02
  4.40647e-02  4.36059e-02  4.31197e-02  4.26063e-02  4.20661e-02  4.14997e-02
  4.09074e-02  4.02897e-02  3.96470e-02  3.89800e-02  3.82891e-02  3.75748e-02
  3.68378e-02  3.60786e-02  3.52978e-02  3.44960e-02  3.36738e-02  3.28317e-02
  3.19705e-02  3.10906e-02  3.01929e-02  2.92779e-02  2.83463e-02  2.73987e-02
  2.64360e-02  2.54588e-02  2.44679e-02  2.34641e-02  2.24481e-02  2.14208e-02
  2.03829e-02  1.93353e-02  1.82788e-02  1.72142e-02  1.61424e-02  1.50642e-02
  1.39806e-02  1.28924e-02  1.18005e-02  1.07060e-02  9.60967e-03  8.51254e-03
  7.41558e-03  6.31978e-03  5.22612e-03  4.13559e-03  3.04918e-03  1.96787e-03
  8.92659e-04 -1.75497e-04 -1.23562e-03 -2.28674e-03 -3.32789e-03 -4.35808e-03
 -5.37636e-03 -6.38172e-03 -7.37320e-03 -8.34979e-03 -9.31051e-03 -1.02544e-02
 -1.11804e-02 -1.20876e-02 -1.29751e-02 -1.38418e-02 -1.46870e-02 -1.55096e-02
 -1.63088e-02 -1.70837e-02 -1.78334e-02 -1.85571e-02 -1.92539e-02 -1.99229e-02
 -2.05635e-02 -2.11747e-02 -2.17558e-02 -2.23061e-02 -2.28248e-02 -2.33113e-02
 -2.37648e-02 -2.41848e-02 -2.45706e-02 -2.49216e-02 -2.52373e-02 -2.55172e-02
 -2.57606e-02 -2.59672e-02 -2.61365e-02 -2.62680e-02 -2.63614e-02 -2.64162e-02
 -2.64322e-02 -2.64090e-02 -2.63463e-02 -2.62439e-02 -2.61017e-02 -2.59193e-02
 -2.56968e-02 -2.54340e-02 -2.51310e-02 -2.47876e-02 -2.44041e-02 -2.39804e-02
 -2.35167e-02 -2.30131e-02 -2.24699e-02 -2.18873e-02 -2.12655e-02 -2.06049e-02
 -1.99059e-02 -1.91688e-02 -1.83941e-02 -1.75822e-02 -1.67338e-02 -1.58494e-02
 -1.49296e-02 -1.39750e-02 -1.29864e-02 -1.19645e-02 -1.09100e-02 -9.82379e-03
 -8.70658e-03 -7.55928e-03 -6.38278e-03 -5.17802e-03 -3.94596e-03 -2.68762e-03
 -1.40401e-03 -9.62151e-05  1.23468e-03  2.58755e-03  3.96125e-03  5.35461e-03
  6.76643e-03  8.19548e-03  9.64052e-03  1.11003e-02  1.25735e-02  1.40589e-02
  1.55552e-02  1.70610e-02  1.85752e-02  2.00963e-02  2.16231e-02  2.31541e-02
  2.46881e-02  2.62238e-02  2.77598e-02  2.92946e-02  3.08271e-02  3.23559e-02
  3.38795e-02  3.53967e-02  3.69062e-02  3.84067e-02  3.98968e-02  4.13753e-02
  4.28409e-02  4.42923e-02  4.57283e-02  4.71477e-02  4.85492e-02  4.99317e-02
  5.12940e-02  5.26348e-02  5.39532e-02  5.52479e-02  5.65180e-02  5.77623e-02
  5.89798e-02  6.01696e-02  6.13306e-02  6.24618e-02  6.35626e-02  6.46318e-02
  6.56688e-02  6.66726e-02  6.76425e-02  6.85778e-02  6.94778e-02  7.03417e-02
  7.11689e-02  7.19589e-02  7.27110e-02  7.34248e-02  7.40997e-02  7.47352e-02
  7.53311e-02  7.58869e-02  7.64023e-02  7.68770e-02  7.73108e-02  7.77034e-02
  7.80547e-02  7.83645e-02  7.86327e-02  7.88592e-02  7.90439e-02  7.91869e-02
  7.92881e-02  7.93478e-02  7.93659e-02  7.93428e-02  7.92785e-02  7.91733e-02
  7.90276e-02  7.88414e-02  7.86153e-02  7.83495e-02  7.80444e-02  7.77004e-02
  7.73178e-02  7.68973e-02  7.64391e-02  7.59439e-02  7.54122e-02  7.48447e-02
  7.42418e-02  7.36044e-02  7.29329e-02  7.22280e-02  7.14906e-02  7.07212e-02
  6.99205e-02  6.90893e-02  6.82283e-02  6.73383e-02  6.64200e-02  6.54743e-02
  6.45018e-02  6.35034e-02  6.24798e-02  6.14319e-02  6.03605e-02  5.92664e-02
  5.81505e-02  5.70135e-02  5.58565e-02  5.46801e-02  5.34853e-02  5.22729e-02
  5.10438e-02  4.97989e-02  4.85390e-02  4.72650e-02  4.59778e-02  4.46782e-02
  4.33670e-02  4.20452e-02  4.07136e-02  3.93730e-02  3.80242e-02  3.66681e-02
  3.53057e-02  3.39376e-02  3.25649e-02  3.11883e-02  2.98087e-02  2.84270e-02
  2.70439e-02  2.56604e-02  2.42771e-02  2.28951e-02  2.15150e-02  2.01376e-02
  1.87639e-02  1.73945e-02  1.60302e-02  1.46720e-02  1.33204e-02  1.19764e-02
  1.06406e-02  9.31387e-03  7.99689e-03  6.69041e-03  5.39514e-03  4.11180e-03
  2.84110e-03  1.58375e-03  3.40434e-04 -8.88152e-04 -2.10134e-03 -3.29847e-03
 -4.47892e-03 -5.64208e-03 -6.78735e-03 -7.91418e-03 -9.02198e-03 -1.01102e-02
 -1.11784e-02 -1.22259e-02 -1.32524e-02 -1.42573e-02 -1.52401e-02 -1.62006e-02
 -1.71381e-02 -1.80524e-02 -1.89431e-02 -1.98097e-02 -2.06520e-02 -2.14697e-02
 -2.22623e-02 -2.30297e-02 -2.37715e-02 -2.44875e-02 -2.51776e-02 -2.58415e-02
 -2.64790e-02 -2.70902e-02 -2.76747e-02 -2.82326e-02 -2.87638e-02 -2.92682e-02
 -2.97460e-02 -3.01969e-02 -3.06212e-02 -3.10188e-02 -3.13899e-02 -3.17345e-02
 -3.20529e-02 -3.23451e-02 -3.26114e-02 -3.28521e-02 -3.30672e-02 -3.32572e-02
 -3.34223e-02 -3.35628e-02 -3.36790e-02 -3.37712e-02 -3.38400e-02 -3.38856e-02
 -3.39085e-02 -3.39092e-02 -3.38880e-02 -3.38456e-02 -3.37824e-02 -3.36990e-02
 -3.35958e-02 -3.34736e-02 -3.33328e-02 -3.31742e-02 -3.29981e-02 -3.28054e-02
 -3.25966e-02 -3.23724e-02 -3.21335e-02 -3.18806e-02 -3.16142e-02 -3.13353e-02
 -3.10444e-02 -3.07423e-02 -3.04297e-02 -3.01074e-02 -2.97760e-02 -2.94364e-02
 -2.90891e-02 -2.87351e-02 -2.83749e-02 -2.80093e-02 -2.76391e-02 -2.72650e-02
 -2.68876e-02 -2.65078e-02 -2.61262e-02 -2.57435e-02 -2.53605e-02 -2.49777e-02
 -2.45959e-02 -2.42157e-02 -2.38377e-02 -2.34625e-02 -2.30909e-02 -2.27234e-02
 -2.23605e-02 -2.20029e-02 -2.16511e-02 -2.13057e-02 -2.09672e-02 -2.06361e-02
 -2.03129e-02 -1.99980e-02 -1.96919e-02 -1.93950e-02 -1.91077e-02 -1.88303e-02
 -1.85633e-02 -1.83070e-02 -1.80618e-02 -1.78279e-02 -1.76057e-02 -1.73955e-02
 -1.71975e-02 -1.70119e-02 -1.68391e-02 -1.66792e-02 -1.65323e-02 -1.63987e-02
 -1.62785e-02 -1.61717e-02 -1.60786e-02 -1.59992e-02 -1.59337e-02 -1.58820e-02
 -1.58443e-02 -1.58206e-02 -1.58110e-02 -1.58155e-02 -1.58341e-02 -1.58667e-02
 -1.59134e-02 -1.59739e-02 -1.60484e-02 -1.61366e-02 -1.62385e-02 -1.63539e-02
 -1.64828e-02 -1.66250e-02 -1.67804e-02 -1.69489e-02 -1.71304e-02 -1.73246e-02
 -1.75315e-02 -1.77508e-02 -1.79822e-02 -1.82257e-02 -1.84809e-02 -1.87476e-02
 -1.90255e-02 -1.93143e-02 -1.96137e-02 -1.99235e-02 -2.02433e-02 -2.05729e-02
 -2.09119e-02 -2.12599e-02 -2.16168e-02 -2.19820e-02 -2.23553e-02 -2.27363e-02
 -2.31245e-02 -2.35197e-02 -2.39213e-02 -2.43290e-02 -2.47423e-02 -2.51608e-02
 -2.55841e-02 -2.60116e-02 -2.64431e-02 -2.68779e-02 -2.73158e-02 -2.77562e-02
 -2.81986e-02 -2.86427e-02 -2.90878e-02 -2.95336e-02 -2.99795e-02 -3.04251e-02
 -3.08699e-02 -3.13133e-02 -3.17550e-02 -3.21944e-02 -3.26311e-02 -3.30645e-02
 -3.34943e-02 -3.39200e-02 -3.43410e-02 -3.47570e-02 -3.51673e-02 -3.55717e-02
 -3.59696e-02 -3.63606e-02 -3.67442e-02 -3.71202e-02 -3.74881e-02 -3.78476e-02
 -3.81983e-02 -3.85398e-02 -3.88719e-02 -3.91942e-02 -3.95064e-02 -3.98082e-02
 -4.00993e-02 -4.03793e-02 -4.06480e-02 -4.09052e-02 -4.11506e-02 -4.13839e-02
 -4.16050e-02 -4.18138e-02 -4.20100e-02 -4.21935e-02 -4.23643e-02 -4.25222e-02
 -4.26671e-02 -4.27990e-02 -4.29178e-02 -4.30235e-02 -4.31160e-02 -4.31952e-02
 -4.32612e-02 -4.33140e-02 -4.33536e-02 -4.33800e-02 -4.33933e-02 -4.33936e-02
 -4.33808e-02 -4.33552e-02 -4.33167e-02 -4.32655e-02 -4.32017e-02 -4.31252e-02
 -4.30363e-02 -4.29350e-02 -4.28214e-02 -4.26958e-02 -4.25581e-02 -4.24086e-02
 -4.22474e-02 -4.20747e-02 -4.18905e-02 -4.16951e-02 -4.14884e-02 -4.12707e-02
 -4.10421e-02 -4.08025e-02 -4.05521e-02 -4.02909e-02 -4.00190e-02 -3.97365e-02
 -3.94433e-02 -3.91397e-02 -3.88254e-02 -3.85008e-02 -3.81656e-02 -3.78199e-02
 -3.74638e-02 -3.70970e-02 -3.67197e-02 -3.63316e-02 -3.59326e-02 -3.55228e-02
 -3.51018e-02 -3.46696e-02 -3.42260e-02 -3.37707e-02 -3.33035e-02 -3.28243e-02
 -3.23328e-02 -3.18288e-02 -3.13119e-02 -3.07818e-02 -3.02383e-02 -2.96811e-02
 -2.91097e-02 -2.85239e-02 -2.79233e-02 -2.73074e-02 -2.66760e-02 -2.60286e-02
 -2.53649e-02 -2.46844e-02 -2.39867e-02 -2.32714e-02 -2.25381e-02 -2.17864e-02
 -2.10158e-02 -2.02260e-02 -1.94164e-02 -1.85867e-02 -1.77365e-02 -1.68654e-02
 -1.59728e-02 -1.50586e-02 -1.41223e-02 -1.31636e-02 -1.21821e-02 -1.11776e-02
 -1.01496e-02 -9.09807e-03 -8.02258e-03 -6.92295e-03 -5.79894e-03 -4.65037e-03
 -3.47706e-03 -2.27888e-03 -1.05572e-03  1.92475e-04  1.46572e-03  2.76400e-03
  4.08727e-03  5.43542e-03  6.80834e-03  8.20586e-03  9.62780e-03  1.10739e-02
  1.25440e-02  1.40376e-02  1.55546e-02  1.70946e-02  1.86570e-02  2.02416e-02
  2.18477e-02  2.34749e-02  2.51226e-02  2.67901e-02  2.84768e-02  3.01820e-02
  3.19048e-02  3.36447e-02  3.54006e-02  3.71718e-02  3.89574e-02  4.07565e-02
  4.25680e-02  4.43910e-02  4.62245e-02  4.80673e-02  4.99184e-02  5.17767e-02
  5.36410e-02  5.55100e-02  5.73827e-02  5.92577e-02  6.11339e-02  6.30100e-02
  6.48846e-02  6.67565e-02  6.86243e-02  7.04868e-02  7.23424e-02  7.41900e-02
  7.60281e-02  7.78552e-02  7.96700e-02  8.14711e-02  8.32570e-02  8.50263e-02
  8.67777e-02  8.85096e-02  9.02207e-02  9.19097e-02  9.35750e-02  9.52154e-02
  9.68293e-02  9.84155e-02  9.99726e-02  1.01499e-01  1.02994e-01  1.04455e-01
  1.05882e-01  1.07274e-01  1.08628e-01  1.09944e-01  1.11220e-01  1.12455e-01
  1.13649e-01  1.14800e-01  1.15906e-01  1.16967e-01  1.17982e-01  1.18950e-01
  1.19869e-01  1.20739e-01  1.21559e-01  1.22327e-01  1.23044e-01  1.23708e-01
  1.24319e-01  1.24875e-01  1.25377e-01  1.25823e-01  1.26213e-01  1.26546e-01
  1.26821e-01  1.27039e-01  1.27199e-01  1.27300e-01  1.27343e-01  1.27326e-01
  1.27249e-01  1.27113e-01  1.26917e-01  1.26662e-01  1.26346e-01  1.25970e-01
  1.25535e-01  1.25039e-01  1.24484e-01  1.23869e-01  1.23196e-01  1.22463e-01
  1.21671e-01  1.20821e-01  1.19913e-01  1.18948e-01  1.17926e-01  1.16847e-01
  1.15713e-01  1.14524e-01  1.13280e-01  1.11982e-01  1.10631e-01  1.09228e-01
  1.07774e-01  1.06270e-01  1.04716e-01  1.03114e-01  1.01465e-01  9.97691e-02
  9.80281e-02  9.62429e-02  9.44148e-02  9.25449e-02  9.06345e-02  8.86847e-02
  8.66970e-02  8.46726e-02  8.26129e-02  8.05193e-02  7.83931e-02  7.62360e-02
  7.40491e-02  7.18341e-02  6.95924e-02  6.73255e-02  6.50350e-02  6.27222e-02
  6.03887e-02  5.80361e-02  5.56659e-02  5.32797e-02  5.08791e-02  4.84656e-02
  4.60408e-02  4.36063e-02  4.11637e-02  3.87145e-02  3.62603e-02  3.38026e-02
  3.13431e-02  2.88832e-02  2.64244e-02  2.39683e-02  2.15163e-02  1.90699e-02
  1.66305e-02  1.41995e-02  1.17783e-02  9.36834e-03  6.97089e-03  4.58731e-03
  2.21890e-03 -1.33061e-04 -2.46733e-03 -4.78268e-03 -7.07792e-03 -9.35190e-03
 -1.16035e-02 -1.38316e-02 -1.60352e-02 -1.82132e-02 -2.03648e-02 -2.24888e-02
 -2.45845e-02 -2.66510e-02 -2.86873e-02 -3.06928e-02 -3.26667e-02 -3.46081e-02
 -3.65165e-02 -3.83912e-02 -4.02314e-02 -4.20367e-02 -4.38065e-02 -4.55402e-02
 -4.72374e-02 -4.88975e-02 -5.05201e-02 -5.21049e-02 -5.36514e-02 -5.51592e-02
 -5.66282e-02 -5.80578e-02 -5.94480e-02 -6.07983e-02 -6.21086e-02 -6.33786e-02
 -6.46083e-02 -6.57974e-02 -6.69457e-02 -6.80532e-02 -6.91197e-02 -7.01452e-02
 -7.11295e-02 -7.20726e-02 -7.29743e-02 -7.38348e-02 -7.46538e-02 -7.54315e-02
 -7.61677e-02 -7.68624e-02 -7.75157e-02 -7.81276e-02 -7.86981e-02 -7.92271e-02
 -7.97148e-02 -8.01611e-02 -8.05661e-02 -8.09298e-02 -8.12522e-02 -8.15335e-02
 -8.17736e-02 -8.19726e-02 -8.21306e-02 -8.22477e-02 -8.23240e-02 -8.23595e-02
 -8.23543e-02 -8.23086e-02 -8.22224e-02 -8.20957e-02 -8.19288e-02 -8.17218e-02
 -8.14747e-02 -8.11877e-02 -8.08609e-02 -8.04945e-02 -8.00887e-02 -7.96436e-02
 -7.91595e-02 -7.86366e-02 -7.80750e-02 -7.74751e-02 -7.68370e-02 -7.61611e-02
 -7.54476e-02 -7.46967e-02 -7.39088e-02 -7.30843e-02 -7.22233e-02 -7.13264e-02
 -7.03940e-02 -6.94264e-02 -6.84240e-02 -6.73873e-02 -6.63170e-02 -6.52133e-02
 -6.40769e-02 -6.29082e-02 -6.17080e-02 -6.04767e-02 -5.92150e-02 -5.79236e-02
 -5.66030e-02 -5.52539e-02 -5.38772e-02 -5.24736e-02 -5.10438e-02 -4.95888e-02
 -4.81092e-02 -4.66060e-02 -4.50800e-02 -4.35322e-02 -4.19635e-02 -4.03749e-02
 -3.87672e-02 -3.71416e-02 -3.54989e-02 -3.38404e-02 -3.21669e-02 -3.04796e-02
 -2.87796e-02 -2.70679e-02 -2.53459e-02 -2.36144e-02 -2.18749e-02 -2.01283e-02
 -1.83760e-02 -1.66191e-02 -1.48589e-02 -1.30965e-02 -1.13332e-02 -9.57036e-03
 -7.80910e-03 -6.05072e-03 -4.29648e-03 -2.54763e-03 -8.05454e-04  9.28806e-04
  2.65389e-03  4.36855e-03  6.07154e-03  7.76162e-03  9.43754e-03  1.10981e-02
  1.27420e-02  1.43682e-02  1.59753e-02  1.75621e-02  1.91275e-02  2.06703e-02
  2.21893e-02  2.36833e-02  2.51513e-02  2.65920e-02  2.80045e-02  2.93876e-02
  3.07402e-02  3.20614e-02  3.33502e-02  3.46054e-02  3.58263e-02  3.70118e-02
  3.81610e-02  3.92730e-02  4.03470e-02  4.13820e-02  4.23774e-02  4.33322e-02
  4.42457e-02  4.51172e-02  4.59460e-02  4.67313e-02  4.74726e-02  4.81692e-02
  4.88205e-02  4.94258e-02  4.99847e-02  5.04966e-02  5.09610e-02  5.13775e-02
  5.17456e-02  5.20649e-02  5.23351e-02  5.25559e-02  5.27269e-02  5.28480e-02
  5.29190e-02  5.29396e-02  5.29096e-02  5.28292e-02  5.26980e-02  5.25161e-02
  5.22834e-02  5.20001e-02  5.16661e-02  5.12816e-02  5.08468e-02  5.03617e-02
  4.98268e-02  4.92421e-02  4.86081e-02  4.79250e-02  4.71933e-02  4.64134e-02
  4.55857e-02  4.47109e-02  4.37894e-02  4.28219e-02  4.18091e-02  4.07517e-02
  3.96503e-02  3.85059e-02  3.73192e-02  3.60912e-02  3.48227e-02  3.35147e-02
  3.21682e-02  3.07843e-02  2.93640e-02  2.79085e-02  2.64190e-02  2.48966e-02
  2.33426e-02  2.17584e-02  2.01454e-02  1.85048e-02  1.68382e-02  1.51469e-02
  1.34326e-02  1.16967e-02  9.94087e-03  8.16660e-03  6.37554e-03  4.56933e-03
  2.74964e-03  9.18154e-04 -9.23404e-04 -2.77329e-03 -4.62974e-03 -6.49096e-03
 -8.35514e-03 -1.02205e-02 -1.20851e-02 -1.39473e-02 -1.58050e-02 -1.76565e-02
 -1.95000e-02 -2.13335e-02 -2.31553e-02 -2.49634e-02 -2.67560e-02 -2.85313e-02
 -3.02875e-02 -3.20227e-02 -3.37351e-02 -3.54229e-02 -3.70844e-02 -3.87179e-02
 -4.03215e-02 -4.18936e-02 -4.34326e-02 -4.49368e-02 -4.64046e-02 -4.78344e-02
 -4.92248e-02 -5.05742e-02 -5.18812e-02 -5.31444e-02 -5.43624e-02 -5.55339e-02
 -5.66577e-02 -5.77325e-02 -5.87573e-02 -5.97308e-02 -6.06521e-02 -6.15202e-02
 -6.23342e-02 -6.30932e-02 -6.37964e-02 -6.44430e-02 -6.50323e-02 -6.55639e-02
 -6.60370e-02 -6.64512e-02 -6.68060e-02 -6.71012e-02 -6.73364e-02 -6.75113e-02
 -6.76260e-02 -6.76801e-02 -6.76739e-02 -6.76073e-02 -6.74804e-02 -6.72934e-02
 -6.70467e-02 -6.67405e-02 -6.63752e-02 -6.59512e-02 -6.54691e-02 -6.49294e-02
 -6.43328e-02 -6.36800e-02 -6.29718e-02 -6.22089e-02 -6.13922e-02 -6.05228e-02
 -5.96016e-02 -5.86297e-02 -5.76082e-02 -5.65383e-02 -5.54212e-02 -5.42582e-02
 -5.30506e-02 -5.17998e-02 -5.05071e-02 -4.91740e-02 -4.78021e-02 -4.63927e-02
 -4.49475e-02 -4.34681e-02 -4.19560e-02 -4.04131e-02 -3.88409e-02 -3.72412e-02
 -3.56157e-02 -3.39663e-02 -3.22947e-02 -3.06027e-02 -2.88921e-02 -2.71649e-02
 -2.54229e-02 -2.36679e-02 -2.19019e-02 -2.01266e-02 -1.83441e-02 -1.65562e-02
 -1.47647e-02 -1.29717e-02 -1.11789e-02 -9.38831e-03 -7.60176e-03 -5.82115e-03
 -4.04833e-03 -2.28515e-03 -5.33448e-04  1.20497e-03  2.92832e-03  4.63481e-03
  6.32270e-03  7.99026e-03  9.63577e-03  1.12576e-02  1.28540e-02  1.44234e-02
  1.59643e-02  1.74751e-02  1.89542e-02  2.04003e-02  2.18118e-02  2.31874e-02
  2.45258e-02  2.58256e-02  2.70856e-02  2.83046e-02  2.94814e-02  3.06150e-02
  3.17042e-02  3.27480e-02  3.37454e-02  3.46957e-02  3.55978e-02  3.64510e-02
  3.72546e-02  3.80079e-02  3.87103e-02  3.93613e-02  3.99602e-02  4.05067e-02
  4.10005e-02  4.14411e-02  4.18284e-02  4.21621e-02  4.24420e-02  4.26682e-02
  4.28404e-02  4.29589e-02  4.30235e-02  4.30345e-02  4.29921e-02  4.28966e-02
  4.27481e-02  4.25472e-02  4.22943e-02  4.19897e-02  4.16341e-02  4.12280e-02
  4.07721e-02  4.02670e-02  3.97134e-02  3.91122e-02  3.84642e-02  3.77702e-02
  3.70311e-02  3.62480e-02  3.54219e-02  3.45537e-02  3.36447e-02  3.26958e-02
  3.17082e-02  3.06831e-02  2.96217e-02  2.85253e-02  2.73950e-02  2.62323e-02
  2.50383e-02  2.38146e-02  2.25624e-02  2.12831e-02  1.99782e-02  1.86491e-02
  1.72973e-02  1.59242e-02  1.45312e-02  1.31200e-02  1.16920e-02  1.02486e-02
  8.79145e-03  7.32198e-03  5.84173e-03  4.35224e-03  2.85502e-03  1.35161e-03
 -1.56459e-04 -1.66767e-03 -3.18049e-03 -4.69343e-03 -6.20495e-03 -7.71358e-03
 -9.21783e-03 -1.07162e-02 -1.22073e-02 -1.36896e-02 -1.51617e-02 -1.66223e-02
 -1.80698e-02 -1.95029e-02 -2.09202e-02 -2.23205e-02 -2.37023e-02 -2.50643e-02
 -2.64053e-02 -2.77239e-02 -2.90189e-02 -3.02892e-02 -3.15334e-02 -3.27504e-02
 -3.39392e-02 -3.50984e-02 -3.62272e-02 -3.73244e-02 -3.83890e-02 -3.94201e-02
 -4.04166e-02 -4.13776e-02 -4.23024e-02 -4.31899e-02 -4.40394e-02 -4.48500e-02
 -4.56211e-02 -4.63518e-02 -4.70415e-02 -4.76896e-02 -4.82954e-02 -4.88584e-02
 -4.93779e-02 -4.98536e-02 -5.02850e-02 -5.06716e-02 -5.10130e-02 -5.13090e-02
 -5.15592e-02 -5.17633e-02 -5.19212e-02 -5.20326e-02 -5.20974e-02 -5.21155e-02
 -5.20868e-02 -5.20114e-02 -5.18892e-02 -5.17203e-02 -5.15049e-02 -5.12430e-02
 -5.09349e-02 -5.05808e-02 -5.01809e-02 -4.97357e-02 -4.92454e-02 -4.87105e-02
 -4.81314e-02 -4.75086e-02 -4.68425e-02 -4.61339e-02 -4.53831e-02 -4.45909e-02
 -4.37580e-02 -4.28849e-02 -4.19725e-02 -4.10215e-02 -4.00327e-02 -3.90069e-02
 -3.79449e-02 -3.68477e-02 -3.57163e-02 -3.45514e-02 -3.33541e-02 -3.21255e-02
 -3.08666e-02 -2.95783e-02 -2.82619e-02 -2.69183e-02 -2.55488e-02 -2.41545e-02
 -2.27366e-02 -2.12962e-02 -1.98345e-02 -1.83528e-02 -1.68523e-02 -1.53342e-02
 -1.37998e-02 -1.22502e-02 -1.06869e-02 -9.11097e-03 -7.52375e-03 -5.92651e-03
 -4.32051e-03 -2.70705e-03 -1.08738e-03  5.37211e-04  2.16547e-03  3.79614e-03
  5.42798e-03  7.05975e-03  8.69022e-03  1.03182e-02  1.19425e-02  1.35618e-02
  1.51752e-02  1.67814e-02  1.83792e-02  1.99676e-02  2.15456e-02  2.31119e-02
  2.46655e-02  2.62056e-02  2.77309e-02  2.92406e-02  3.07337e-02  3.22094e-02
  3.36666e-02  3.51047e-02  3.65227e-02  3.79198e-02  3.92954e-02  4.06487e-02
  4.19789e-02  4.32854e-02  4.45676e-02  4.58249e-02  4.70566e-02  4.82623e-02
  4.94413e-02  5.05934e-02  5.17179e-02  5.28145e-02  5.38827e-02  5.49223e-02
  5.59328e-02  5.69140e-02  5.78655e-02  5.87871e-02  5.96786e-02  6.05397e-02
  6.13702e-02  6.21701e-02  6.29391e-02  6.36772e-02  6.43842e-02  6.50601e-02
  6.57049e-02  6.63185e-02  6.69009e-02  6.74521e-02  6.79720e-02  6.84608e-02
  6.89184e-02  6.93449e-02  6.97404e-02  7.01048e-02  7.04383e-02  7.07410e-02
  7.10130e-02  7.12542e-02  7.14649e-02  7.16452e-02  7.17951e-02  7.19147e-02
  7.20042e-02  7.20637e-02  7.20932e-02  7.20928e-02  7.20628e-02  7.20031e-02
  7.19138e-02  7.17951e-02  7.16470e-02  7.14696e-02  7.12630e-02  7.10273e-02
  7.07625e-02  7.04686e-02  7.01459e-02  6.97941e-02  6.94136e-02  6.90042e-02
  6.85659e-02  6.80990e-02  6.76032e-02  6.70788e-02  6.65256e-02  6.59437e-02
  6.53331e-02  6.46937e-02  6.40257e-02  6.33290e-02  6.26035e-02  6.18493e-02
  6.10664e-02  6.02547e-02  5.94143e-02  5.85451e-02  5.76472e-02  5.67205e-02
  5.57651e-02  5.47809e-02  5.37680e-02  5.27265e-02  5.16563e-02  5.05575e-02
  4.94303e-02  4.82745e-02  4.70905e-02  4.58781e-02  4.46377e-02  4.33692e-02
  4.20728e-02  4.07487e-02  3.93970e-02  3.80180e-02  3.66119e-02  3.51789e-02
  3.37193e-02  3.22335e-02  3.07216e-02  2.91842e-02  2.76216e-02  2.60341e-02
  2.44222e-02  2.27863e-02  2.11270e-02  1.94448e-02  1.77402e-02  1.60137e-02
  1.42660e-02  1.24977e-02  1.07095e-02  8.90197e-03  7.07597e-03  5.23221e-03
  3.37147e-03  1.49459e-03 -3.97594e-04 -2.30420e-03 -4.22432e-03 -6.15701e-03
 -8.10131e-03 -1.00562e-02 -1.20207e-02 -1.39938e-02 -1.59743e-02 -1.79613e-02
 -1.99535e-02 -2.19499e-02 -2.39493e-02 -2.59505e-02 -2.79523e-02 -2.99535e-02
 -3.19530e-02 -3.39494e-02 -3.59414e-02 -3.79279e-02 -3.99075e-02 -4.18789e-02
 -4.38409e-02 -4.57921e-02 -4.77312e-02 -4.96570e-02 -5.15680e-02 -5.34630e-02
 -5.53406e-02 -5.71996e-02 -5.90387e-02 -6.08566e-02 -6.26520e-02 -6.44236e-02
 -6.61702e-02 -6.78905e-02 -6.95834e-02 -7.12475e-02 -7.28818e-02 -7.44850e-02
 -7.60559e-02 -7.75934e-02 -7.90964e-02 -8.05638e-02 -8.19945e-02 -8.33875e-02
 -8.47418e-02 -8.60565e-02 -8.73305e-02 -8.85630e-02 -8.97532e-02 -9.09002e-02
 -9.20031e-02 -9.30613e-02 -9.40739e-02 -9.50403e-02 -9.59598e-02 -9.68318e-02
 -9.76557e-02 -9.84310e-02 -9.91571e-02 -9.98336e-02 -1.00460e-01 -1.01036e-01
 -1.01562e-01 -1.02036e-01 -1.02459e-01 -1.02831e-01 -1.03151e-01 -1.03419e-01
 -1.03636e-01 -1.03800e-01 -1.03913e-01 -1.03974e-01 -1.03983e-01 -1.03941e-01
 -1.03847e-01 -1.03701e-01 -1.03505e-01 -1.03258e-01 -1.02960e-01 -1.02612e-01
 -1.02215e-01 -1.01768e-01 -1.01272e-01 -1.00727e-01 -1.00135e-01 -9.94949e-02
 -9.88082e-02 -9.80752e-02 -9.72967e-02 -9.64731e-02 -9.56053e-02 -9.46939e-02
 -9.37397e-02 -9.27434e-02 -9.17057e-02 -9.06275e-02 -8.95096e-02 -8.83528e-02
 -8.71578e-02 -8.59257e-02 -8.46572e-02 -8.33532e-02 -8.20148e-02 -8.06427e-02
 -7.92379e-02 -7.78014e-02 -7.63340e-02 -7.48368e-02 -7.33107e-02 -7.17566e-02
 -7.01755e-02 -6.85685e-02 -6.69364e-02 -6.52804e-02 -6.36013e-02 -6.19002e-02
 -6.01780e-02 -5.84358e-02 -5.66746e-02 -5.48953e-02 -5.30989e-02 -5.12865e-02
 -4.94589e-02 -4.76172e-02 -4.57623e-02 -4.38953e-02 -4.20171e-02 -4.01286e-02
 -3.82308e-02 -3.63247e-02 -3.44112e-02 -3.24912e-02 -3.05657e-02 -2.86355e-02
 -2.67017e-02 -2.47649e-02 -2.28262e-02 -2.08864e-02 -1.89464e-02 -1.70070e-02
 -1.50690e-02 -1.31333e-02 -1.12007e-02 -9.27204e-03 -7.34804e-03 -5.42952e-03
 -3.51724e-03 -1.61194e-03  2.85641e-04  2.17478e-03  4.05479e-03  5.92499e-03
  7.78471e-03  9.63331e-03  1.14702e-02  1.32946e-02  1.51061e-02  1.69040e-02
  1.86877e-02  2.04567e-02  2.22105e-02  2.39484e-02  2.56700e-02  2.73747e-02
  2.90622e-02  3.07319e-02  3.23835e-02  3.40164e-02  3.56304e-02  3.72250e-02
  3.87998e-02  4.03546e-02  4.18890e-02  4.34026e-02  4.48952e-02  4.63665e-02
  4.78162e-02  4.92441e-02  5.06499e-02  5.20334e-02  5.33944e-02  5.47328e-02
  5.60483e-02  5.73408e-02  5.86102e-02  5.98562e-02  6.10787e-02  6.22778e-02
  6.34531e-02  6.46048e-02  6.57327e-02  6.68367e-02  6.79168e-02  6.89729e-02
  7.00051e-02  7.10133e-02  7.19975e-02  7.29577e-02  7.38938e-02  7.48060e-02
  7.56941e-02  7.65582e-02  7.73984e-02  7.82145e-02  7.90067e-02  7.97750e-02
  8.05194e-02  8.12400e-02  8.19367e-02  8.26097e-02  8.32590e-02  8.38846e-02
  8.44865e-02  8.50648e-02  8.56194e-02  8.61505e-02  8.66581e-02  8.71422e-02
  8.76027e-02  8.80397e-02  8.84534e-02  8.88435e-02  8.92103e-02  8.95537e-02
  8.98737e-02  9.01703e-02  9.04436e-02  9.06935e-02  9.09200e-02  9.11230e-02
  9.13027e-02  9.14588e-02  9.15913e-02  9.17004e-02  9.17858e-02  9.18475e-02
  9.18856e-02  9.18999e-02  9.18904e-02  9.18572e-02  9.18000e-02  9.17189e-02
  9.16139e-02  9.14847e-02  9.13315e-02  9.11542e-02  9.09526e-02  9.07268e-02
  9.04766e-02  9.02022e-02  8.99034e-02  8.95802e-02  8.92326e-02  8.88607e-02
  8.84643e-02  8.80435e-02  8.75983e-02  8.71288e-02  8.66349e-02  8.61167e-02
  8.55743e-02  8.50077e-02  8.44170e-02  8.38022e-02  8.31636e-02  8.25012e-02
  8.18153e-02  8.11059e-02  8.03733e-02  7.96177e-02  7.88393e-02  7.80384e-02
  7.72152e-02  7.63700e-02  7.55031e-02  7.46148e-02  7.37055e-02  7.27754e-02
  7.18250e-02  7.08548e-02  6.98650e-02  6.88563e-02  6.78291e-02  6.67839e-02
  6.57212e-02  6.46417e-02  6.35459e-02  6.24344e-02  6.13078e-02  6.01668e-02
  5.90120e-02  5.78441e-02  5.66637e-02  5.54717e-02  5.42688e-02  5.30556e-02
  5.18331e-02  5.06020e-02  4.93631e-02  4.81172e-02  4.68652e-02  4.56081e-02
  4.43465e-02  4.30815e-02  4.18138e-02  4.05446e-02  3.92745e-02  3.80047e-02
  3.67359e-02  3.54692e-02  3.42054e-02  3.29456e-02  3.16907e-02  3.04415e-02
  2.91991e-02  2.79645e-02  2.67384e-02  2.55220e-02  2.43160e-02  2.31215e-02
  2.19393e-02  2.07704e-02  1.96156e-02  1.84758e-02  1.73518e-02  1.62446e-02
  1.51550e-02  1.40837e-02  1.30315e-02  1.19993e-02  1.09878e-02  9.99774e-03
  9.02978e-03  8.08463e-03  7.16292e-03  6.26529e-03  5.39230e-03  4.54453e-03
  3.72248e-03  2.92665e-03  2.15750e-03  1.41545e-03  7.00888e-04  1.41647e-05
 -6.44402e-04 -1.27453e-03 -1.87598e-03 -2.44855e-03 -2.99209e-03 -3.50647e-03
 -3.99163e-03 -4.44754e-03 -4.87423e-03 -5.27175e-03 -5.64020e-03 -5.97972e-03
 -6.29051e-03 -6.57279e-03 -6.82682e-03 -7.05292e-03 -7.25146e-03 -7.42283e-03
 -7.56750e-03 -7.68595e-03 -7.77872e-03 -7.84639e-03 -7.88958e-03 -7.90895e-03
 -7.90521e-03 -7.87910e-03 -7.83140e-03 -7.76293e-03 -7.67455e-03 -7.56714e-03
 -7.44166e-03 -7.29907e-03 -7.14038e-03 -6.96662e-03 -6.77886e-03 -6.57820e-03
 -6.36575e-03 -6.14266e-03 -5.91007e-03 -5.66918e-03 -5.42119e-03 -5.16732e-03
 -4.90883e-03 -4.64696e-03 -4.38300e-03 -4.11825e-03 -3.85401e-03 -3.59162e-03
 -3.33238e-03 -3.07765e-03 -2.82873e-03 -2.58697e-03 -2.35369e-03 -2.13020e-03
 -1.91782e-03 -1.71785e-03 -1.53158e-03 -1.36032e-03 -1.20532e-03 -1.06786e-03
 -9.49173e-04 -8.50502e-04 -7.73053e-04 -7.18016e-04 -6.86553e-04 -6.79795e-04
 -6.98846e-04 -7.44774e-04 -8.18614e-04 -9.21369e-04 -1.05401e-03 -1.21746e-03
 -1.41262e-03 -1.64034e-03 -1.90145e-03 -2.19672e-03 -2.52689e-03 -2.89264e-03
 -3.29462e-03 -3.73343e-03 -4.20961e-03 -4.72365e-03 -5.27599e-03 -5.86704e-03
 -6.49712e-03 -7.16652e-03 -7.87547e-03 -8.62415e-03 -9.41267e-03 -1.02411e-02
 -1.11095e-02 -1.20177e-02 -1.29658e-02 -1.39535e-02 -1.49806e-02 -1.60470e-02
 -1.71522e-02 -1.82960e-02 -1.94778e-02 -2.06972e-02 -2.19537e-02 -2.32468e-02
 -2.45756e-02 -2.59397e-02 -2.73382e-02 -2.87703e-02 -3.02352e-02 -3.17320e-02
 -3.32598e-02 -3.48176e-02 -3.64043e-02 -3.80190e-02 -3.96604e-02 -4.13274e-02
 -4.30188e-02 -4.47333e-02 -4.64697e-02 -4.82266e-02 -5.00027e-02 -5.17965e-02
 -5.36067e-02 -5.54319e-02 -5.72705e-02 -5.91209e-02 -6.09818e-02 -6.28515e-02
 -6.47285e-02 -6.66111e-02 -6.84977e-02 -7.03866e-02 -7.22763e-02 -7.41650e-02
 -7.60510e-02 -7.79326e-02 -7.98082e-02 -8.16761e-02 -8.35344e-02 -8.53817e-02
 -8.72160e-02 -8.90358e-02 -9.08392e-02 -9.26247e-02 -9.43905e-02 -9.61350e-02
 -9.78564e-02 -9.95530e-02 -1.01223e-01 -1.02866e-01 -1.04478e-01 -1.06060e-01
 -1.07608e-01 -1.09122e-01 -1.10601e-01 -1.12042e-01 -1.13444e-01 -1.14806e-01
 -1.16126e-01 -1.17403e-01 -1.18635e-01 -1.19822e-01 -1.20962e-01 -1.22053e-01
 -1.23096e-01 -1.24087e-01 -1.25027e-01 -1.25914e-01 -1.26747e-01 -1.27525e-01
 -1.28247e-01 -1.28913e-01 -1.29520e-01 -1.30070e-01 -1.30560e-01 -1.30991e-01
 -1.31361e-01 -1.31669e-01 -1.31916e-01 -1.32101e-01 -1.32223e-01 -1.32281e-01
 -1.32276e-01 -1.32208e-01 -1.32075e-01 -1.31877e-01 -1.31615e-01 -1.31288e-01
 -1.30897e-01 -1.30441e-01 -1.29920e-01 -1.29334e-01 -1.28684e-01 -1.27969e-01
 -1.27190e-01 -1.26348e-01 -1.25441e-01 -1.24472e-01 -1.23439e-01 -1.22344e-01
 -1.21188e-01 -1.19970e-01 -1.18691e-01 -1.17352e-01 -1.15954e-01 -1.14496e-01
 -1.12981e-01 -1.11409e-01 -1.09780e-01 -1.08095e-01 -1.06356e-01 -1.04563e-01
 -1.02717e-01 -1.00820e-01 -9.88715e-02 -9.68735e-02 -9.48270e-02 -9.27330e-02
 -9.05927e-02 -8.84072e-02 -8.61777e-02 -8.39055e-02 -8.15919e-02 -7.92380e-02
 -7.68453e-02 -7.44149e-02 -7.19484e-02 -6.94470e-02 -6.69121e-02 -6.43451e-02
 -6.17475e-02 -5.91206e-02 -5.64659e-02 -5.37848e-02 -5.10789e-02 -4.83497e-02
 -4.55985e-02 -4.28270e-02 -4.00366e-02 -3.72289e-02 -3.44054e-02 -3.15677e-02
 -2.87172e-02 -2.58557e-02 -2.29844e-02 -2.01051e-02 -1.72193e-02 -1.43286e-02
 -1.14344e-02 -8.53832e-03 -5.64195e-03 -2.74683e-03  1.45523e-04  3.03355e-03
  5.91573e-03  8.79051e-03  1.16564e-02  1.45119e-02  1.73554e-02  2.01855e-02
  2.30007e-02  2.57996e-02  2.85807e-02  3.13425e-02  3.40837e-02  3.68028e-02
  3.94985e-02  4.21694e-02  4.48141e-02  4.74314e-02  5.00199e-02  5.25783e-02
  5.51055e-02  5.76001e-02  6.00609e-02  6.24868e-02  6.48766e-02  6.72292e-02
  6.95435e-02  7.18185e-02  7.40530e-02  7.62462e-02  7.83970e-02  8.05046e-02
  8.25680e-02  8.45863e-02  8.65587e-02  8.84845e-02  9.03629e-02  9.21932e-02
  9.39746e-02  9.57067e-02  9.73886e-02  9.90199e-02  1.00600e-01  1.02129e-01
  1.03605e-01  1.05029e-01  1.06401e-01  1.07719e-01  1.08983e-01  1.10195e-01
  1.11352e-01  1.12455e-01  1.13504e-01  1.14499e-01  1.15440e-01  1.16327e-01
  1.17160e-01  1.17938e-01  1.18663e-01  1.19334e-01  1.19951e-01  1.20516e-01
  1.21027e-01  1.21486e-01  1.21892e-01  1.22247e-01  1.22550e-01  1.22802e-01
  1.23004e-01  1.23156e-01  1.23258e-01  1.23312e-01  1.23318e-01  1.23276e-01
  1.23187e-01  1.23052e-01  1.22872e-01  1.22648e-01  1.22379e-01  1.22068e-01
  1.21714e-01  1.21319e-01  1.20884e-01  1.20409e-01  1.19895e-01  1.19344e-01
  1.18756e-01  1.18131e-01  1.17472e-01  1.16778e-01  1.16052e-01  1.15293e-01
  1.14503e-01  1.13683e-01  1.12834e-01  1.11956e-01  1.11051e-01  1.10120e-01
  1.09163e-01  1.08182e-01  1.07178e-01  1.06151e-01  1.05103e-01  1.04034e-01
  1.02945e-01  1.01838e-01  1.00713e-01  9.95714e-02  9.84135e-02  9.72404e-02
  9.60530e-02  9.48521e-02  9.36386e-02  9.24131e-02  9.11766e-02  8.99298e-02
  8.86734e-02  8.74082e-02  8.61348e-02  8.48540e-02  8.35664e-02  8.22727e-02
  8.09735e-02  7.96694e-02  7.83609e-02  7.70487e-02  7.57332e-02  7.44150e-02
  7.30946e-02  7.17724e-02  7.04489e-02  6.91244e-02  6.77994e-02  6.64743e-02
  6.51493e-02  6.38249e-02  6.25012e-02  6.11786e-02  5.98574e-02  5.85377e-02
  5.72198e-02  5.59038e-02  5.45900e-02  5.32785e-02  5.19695e-02  5.06631e-02
  4.93593e-02  4.80583e-02  4.67601e-02  4.54647e-02  4.41723e-02  4.28827e-02
  4.15961e-02  4.03123e-02  3.90314e-02  3.77533e-02  3.64780e-02  3.52053e-02
  3.39354e-02  3.26679e-02  3.14029e-02  3.01403e-02  2.88799e-02  2.76217e-02
  2.63654e-02  2.51111e-02  2.38584e-02  2.26074e-02  2.13579e-02  2.01096e-02
  1.88625e-02  1.76165e-02  1.63713e-02  1.51268e-02  1.38828e-02  1.26393e-02
  1.13960e-02  1.01529e-02  8.90971e-03  7.66637e-03  6.42275e-03  5.17872e-03
  3.93416e-03  2.68898e-03  1.44308e-03  1.96353e-04 -1.05127e-03 -2.29987e-03
 -3.54951e-03 -4.80027e-03 -6.05218e-03 -7.30529e-03 -8.55965e-03 -9.81528e-03
 -1.10722e-02 -1.23304e-02 -1.35899e-02 -1.48506e-02 -1.61125e-02 -1.73755e-02
 -1.86397e-02 -1.99048e-02 -2.11709e-02 -2.24377e-02 -2.37052e-02 -2.49731e-02
 -2.62414e-02 -2.75099e-02 -2.87783e-02 -3.00466e-02 -3.13144e-02 -3.25815e-02
 -3.38476e-02 -3.51126e-02 -3.63762e-02 -3.76380e-02 -3.88977e-02 -4.01551e-02
 -4.14098e-02 -4.26614e-02 -4.39096e-02 -4.51540e-02 -4.63943e-02 -4.76299e-02
 -4.88604e-02 -5.00855e-02 -5.13047e-02 -5.25175e-02 -5.37235e-02 -5.49221e-02
 -5.61128e-02 -5.72953e-02 -5.84689e-02 -5.96331e-02 -6.07875e-02 -6.19313e-02
 -6.30642e-02 -6.41855e-02 -6.52946e-02 -6.63910e-02 -6.74741e-02 -6.85432e-02
 -6.95978e-02 -7.06372e-02 -7.16609e-02 -7.26682e-02 -7.36584e-02 -7.46311e-02
 -7.55855e-02 -7.65210e-02 -7.74371e-02 -7.83330e-02 -7.92082e-02 -8.00620e-02
 -8.08938e-02 -8.17030e-02 -8.24889e-02 -8.32508e-02 -8.39883e-02 -8.47006e-02
 -8.53872e-02 -8.60474e-02 -8.66806e-02 -8.72863e-02 -8.78639e-02 -8.84128e-02
 -8.89325e-02 -8.94223e-02 -8.98818e-02 -9.03104e-02 -9.07075e-02 -9.10726e-02
 -9.14054e-02 -9.17052e-02 -9.19716e-02 -9.22042e-02 -9.24024e-02 -9.25660e-02
 -9.26945e-02 -9.27875e-02 -9.28446e-02 -9.28655e-02 -9.28499e-02 -9.27974e-02
 -9.27077e-02 -9.25806e-02 -9.24159e-02 -9.22132e-02 -9.19724e-02 -9.16933e-02
 -9.13757e-02 -9.10196e-02 -9.06247e-02 -9.01909e-02 -8.97182e-02 -8.92066e-02
 -8.86559e-02 -8.80663e-02 -8.74376e-02 -8.67700e-02 -8.60636e-02 -8.53183e-02
 -8.45344e-02 -8.37120e-02 -8.28512e-02 -8.19523e-02 -8.10153e-02 -8.00407e-02
 -7.90286e-02 -7.79793e-02 -7.68932e-02 -7.57705e-02 -7.46117e-02 -7.34170e-02
 -7.21870e-02 -7.09220e-02 -6.96226e-02 -6.82891e-02 -6.69220e-02 -6.55220e-02
 -6.40895e-02 -6.26250e-02 -6.11293e-02 -5.96027e-02 -5.80461e-02 -5.64601e-02
 -5.48452e-02 -5.32022e-02 -5.15319e-02 -4.98348e-02 -4.81119e-02 -4.63638e-02
 -4.45913e-02 -4.27951e-02 -4.09762e-02 -3.91353e-02 -3.72733e-02 -3.53910e-02
 -3.34893e-02 -3.15690e-02 -2.96311e-02 -2.76765e-02 -2.57061e-02 -2.37208e-02
 -2.17216e-02 -1.97096e-02 -1.76856e-02 -1.56506e-02 -1.36057e-02 -1.15519e-02
 -9.49014e-03 -7.42147e-03 -5.34692e-03 -3.26753e-03 -1.18433e-03  9.01625e-04
  2.98928e-03  5.07758e-03  7.16546e-03  9.25185e-03  1.13357e-02  1.34158e-02
  1.54913e-02  1.75609e-02  1.96237e-02  2.16785e-02  2.37242e-02  2.57598e-02
  2.77841e-02  2.97961e-02  3.17947e-02  3.37788e-02  3.57474e-02  3.76993e-02
  3.96336e-02  4.15491e-02  4.34448e-02  4.53197e-02  4.71727e-02  4.90028e-02
  5.08090e-02  5.25903e-02  5.43457e-02  5.60742e-02  5.77748e-02  5.94465e-02
  6.10884e-02  6.26996e-02  6.42791e-02  6.58261e-02  6.73397e-02  6.88189e-02
  7.02628e-02  7.16708e-02  7.30419e-02  7.43753e-02  7.56702e-02  7.69259e-02
  7.81416e-02  7.93166e-02  8.04502e-02  8.15416e-02  8.25903e-02  8.35956e-02
  8.45569e-02  8.54736e-02  8.63451e-02  8.71709e-02  8.79505e-02  8.86834e-02
  8.93690e-02  9.00071e-02  9.05971e-02  9.11386e-02  9.16315e-02  9.20752e-02
  9.24695e-02  9.28142e-02  9.31090e-02  9.33537e-02  9.35481e-02  9.36921e-02
  9.37855e-02  9.38283e-02  9.38204e-02  9.37616e-02  9.36522e-02  9.34920e-02
  9.32812e-02  9.30198e-02  9.27079e-02  9.23457e-02  9.19334e-02  9.14712e-02
  9.09592e-02  9.03979e-02  8.97874e-02  8.91281e-02  8.84203e-02  8.76645e-02
  8.68611e-02  8.60105e-02  8.51132e-02  8.41697e-02  8.31805e-02  8.21462e-02
  8.10673e-02  7.99446e-02  7.87786e-02  7.75699e-02  7.63193e-02  7.50275e-02
  7.36951e-02  7.23230e-02  7.09120e-02  6.94628e-02  6.79762e-02  6.64532e-02
  6.48947e-02  6.33014e-02  6.16744e-02  6.00145e-02  5.83228e-02  5.66002e-02
  5.48477e-02  5.30664e-02  5.12572e-02  4.94213e-02  4.75596e-02  4.56733e-02
  4.37635e-02  4.18312e-02  3.98776e-02  3.79038e-02  3.59110e-02  3.39004e-02
  3.18730e-02  2.98302e-02  2.77730e-02  2.57027e-02  2.36206e-02  2.15277e-02
  1.94254e-02  1.73150e-02  1.51975e-02  1.30744e-02  1.09469e-02  8.81615e-03
  6.68350e-03  4.55019e-03  2.41747e-03  2.86620e-04 -1.84112e-03 -3.96449e-03
 -6.08223e-03 -8.19310e-03 -1.02958e-02 -1.23892e-02 -1.44719e-02 -1.65428e-02
 -1.86006e-02 -2.06441e-02 -2.26721e-02 -2.46833e-02 -2.66766e-02 -2.86508e-02
 -3.06047e-02 -3.25371e-02 -3.44470e-02 -3.63331e-02 -3.81943e-02 -4.00295e-02
 -4.18377e-02 -4.36177e-02 -4.53686e-02 -4.70892e-02 -4.87785e-02 -5.04357e-02
 -5.20596e-02 -5.36494e-02 -5.52041e-02 -5.67228e-02 -5.82048e-02 -5.96490e-02
 -6.10547e-02 -6.24211e-02 -6.37475e-02 -6.50329e-02 -6.62769e-02 -6.74786e-02
 -6.86373e-02 -6.97526e-02 -7.08237e-02 -7.18501e-02 -7.28312e-02 -7.37666e-02
 -7.46558e-02 -7.54984e-02 -7.62939e-02 -7.70420e-02 -7.77423e-02 -7.83946e-02
 -7.89985e-02 -7.95538e-02 -8.00604e-02 -8.05180e-02 -8.09266e-02 -8.12860e-02
 -8.15962e-02 -8.18572e-02 -8.20690e-02 -8.22316e-02 -8.23451e-02 -8.24096e-02
 -8.24253e-02 -8.23924e-02 -8.23111e-02 -8.21816e-02 -8.20043e-02 -8.17794e-02
 -8.15073e-02 -8.11885e-02 -8.08232e-02 -8.04121e-02 -7.99555e-02 -7.94540e-02
 -7.89081e-02 -7.83184e-02 -7.76856e-02 -7.70102e-02 -7.62929e-02 -7.55344e-02
 -7.47354e-02 -7.38968e-02 -7.30192e-02 -7.21034e-02 -7.11503e-02 -7.01607e-02
 -6.91355e-02 -6.80755e-02 -6.69817e-02 -6.58550e-02 -6.46963e-02 -6.35067e-02
 -6.22870e-02 -6.10383e-02 -5.97616e-02 -5.84579e-02 -5.71284e-02 -5.57739e-02
 -5.43957e-02 -5.29947e-02 -5.15721e-02 -5.01290e-02 -4.86664e-02 -4.71855e-02
 -4.56875e-02 -4.41733e-02 -4.26443e-02 -4.11014e-02 -3.95459e-02 -3.79789e-02
 -3.64015e-02 -3.48149e-02 -3.32201e-02 -3.16184e-02 -3.00108e-02 -2.83985e-02
 -2.67825e-02 -2.51641e-02 -2.35443e-02 -2.19241e-02 -2.03048e-02 -1.86873e-02
 -1.70728e-02 -1.54623e-02 -1.38568e-02 -1.22573e-02 -1.06649e-02 -9.08064e-03
 -7.50539e-03 -5.94014e-03 -4.38585e-03 -2.84344e-03 -1.31384e-03  2.02071e-04
  1.70342e-03  3.18936e-03  4.65905e-03  6.11171e-03  7.54654e-03  8.96279e-03
  1.03597e-02  1.17366e-02  1.30929e-02  1.44277e-02  1.57406e-02  1.70309e-02
  1.82980e-02  1.95413e-02  2.07604e-02  2.19548e-02  2.31239e-02  2.42674e-02
  2.53848e-02  2.64757e-02  2.75398e-02  2.85768e-02  2.95863e-02  3.05681e-02
  3.15220e-02  3.24477e-02  3.33450e-02  3.42138e-02  3.50540e-02  3.58655e-02
  3.66481e-02  3.74020e-02  3.81269e-02  3.88230e-02  3.94902e-02  4.01287e-02
  4.07385e-02  4.13197e-02  4.18724e-02  4.23968e-02  4.28932e-02  4.33616e-02
  4.38023e-02  4.42155e-02  4.46016e-02  4.49608e-02  4.52934e-02  4.55998e-02
  4.58803e-02  4.61352e-02  4.63649e-02  4.65699e-02  4.67505e-02  4.69072e-02
  4.70403e-02  4.71504e-02  4.72379e-02  4.73033e-02  4.73470e-02  4.73696e-02
  4.73716e-02  4.73535e-02  4.73158e-02  4.72590e-02  4.71837e-02  4.70905e-02
  4.69798e-02  4.68522e-02  4.67083e-02  4.65486e-02  4.63737e-02  4.61842e-02
  4.59805e-02  4.57634e-02  4.55332e-02  4.52906e-02  4.50361e-02  4.47703e-02
  4.44938e-02  4.42070e-02  4.39106e-02  4.36050e-02  4.32908e-02  4.29685e-02
  4.26387e-02  4.23018e-02  4.19584e-02  4.16090e-02  4.12540e-02  4.08939e-02
  4.05292e-02  4.01604e-02  3.97879e-02  3.94122e-02  3.90337e-02  3.86528e-02
  3.82700e-02  3.78857e-02  3.75002e-02  3.71140e-02  3.67274e-02  3.63408e-02
  3.59545e-02  3.55689e-02  3.51843e-02  3.48011e-02  3.44195e-02  3.40398e-02
  3.36623e-02  3.32874e-02  3.29151e-02  3.25460e-02  3.21800e-02  3.18175e-02
  3.14588e-02  3.11039e-02  3.07531e-02  3.04066e-02  3.00645e-02  2.97271e-02
  2.93945e-02  2.90667e-02  2.87440e-02  2.84264e-02  2.81141e-02  2.78072e-02
  2.75057e-02  2.72097e-02  2.69193e-02  2.66345e-02  2.63554e-02  2.60821e-02
  2.58145e-02  2.55527e-02  2.52967e-02  2.50465e-02  2.48021e-02  2.45634e-02
  2.43304e-02  2.41032e-02  2.38816e-02  2.36656e-02  2.34552e-02  2.32503e-02
  2.30508e-02  2.28566e-02  2.26678e-02  2.24841e-02  2.23056e-02  2.21320e-02
  2.19633e-02  2.17994e-02  2.16401e-02  2.14854e-02  2.13350e-02  2.11889e-02
  2.10470e-02  2.09090e-02  2.07749e-02  2.06445e-02  2.05176e-02  2.03941e-02
  2.02739e-02  2.01568e-02  2.00426e-02  1.99312e-02  1.98225e-02  1.97161e-02
  1.96121e-02  1.95101e-02  1.94101e-02  1.93120e-02  1.92154e-02  1.91203e-02
  1.90265e-02  1.89338e-02  1.88421e-02  1.87512e-02  1.86610e-02  1.85712e-02
  1.84818e-02  1.83925e-02  1.83032e-02  1.82139e-02  1.81242e-02  1.80342e-02
  1.79436e-02  1.78523e-02  1.77601e-02  1.76670e-02  1.75729e-02  1.74775e-02
  1.73807e-02  1.72825e-02  1.71828e-02  1.70813e-02  1.69780e-02  1.68729e-02
  1.67657e-02  1.66565e-02  1.65450e-02  1.64312e-02  1.63151e-02  1.61965e-02
  1.60753e-02  1.59515e-02  1.58250e-02  1.56957e-02  1.55636e-02  1.54286e-02
  1.52906e-02  1.51495e-02  1.50054e-02  1.48581e-02  1.47077e-02  1.45539e-02
  1.43968e-02  1.42364e-02  1.40725e-02  1.39052e-02  1.37343e-02  1.35599e-02
  1.33818e-02  1.32000e-02  1.30146e-02  1.28253e-02  1.26323e-02  1.24354e-02
  1.22346e-02  1.20299e-02  1.18211e-02  1.16084e-02  1.13915e-02  1.11705e-02
  1.09454e-02  1.07159e-02  1.04822e-02  1.02441e-02  1.00016e-02  9.75464e-03
  9.50311e-03  9.24697e-03  8.98615e-03  8.72058e-03  8.45020e-03  8.17493e-03
  7.89471e-03  7.60944e-03  7.31906e-03  7.02349e-03  6.72263e-03  6.41641e-03
  6.10472e-03  5.78750e-03  5.46465e-03  5.13607e-03  4.80170e-03  4.46142e-03
  4.11516e-03  3.76283e-03  3.40433e-03  3.03957e-03  2.66846e-03  2.29090e-03
  1.90681e-03  1.51608e-03  1.11863e-03  7.14355e-04  3.03167e-04 -1.15024e-04
 -5.40309e-04 -9.72771e-04 -1.41250e-03 -1.85956e-03 -2.31405e-03 -2.77604e-03
 -3.24559e-03 -3.72278e-03 -4.20766e-03 -4.70030e-03 -5.20075e-03 -5.70905e-03
 -6.22525e-03 -6.74940e-03 -7.28152e-03 -7.82165e-03 -8.36981e-03 -8.92601e-03
 -9.49028e-03 -1.00626e-02 -1.06430e-02 -1.12314e-02 -1.18279e-02 -1.24323e-02
 -1.30447e-02 -1.36651e-02 -1.42933e-02 -1.49294e-02 -1.55732e-02 -1.62246e-02
 -1.68837e-02 -1.75503e-02 -1.82243e-02 -1.89056e-02 -1.95940e-02 -2.02895e-02
 -2.09920e-02 -2.17012e-02 -2.24171e-02 -2.31394e-02 -2.38680e-02 -2.46027e-02
 -2.53433e-02 -2.60897e-02 -2.68416e-02 -2.75987e-02 -2.83610e-02 -2.91281e-02
 -2.98997e-02 -3.06757e-02 -3.14557e-02 -3.22396e-02 -3.30270e-02 -3.38176e-02
 -3.46111e-02 -3.54073e-02 -3.62058e-02 -3.70063e-02 -3.78085e-02 -3.86121e-02
 -3.94166e-02 -4.02219e-02 -4.10274e-02 -4.18329e-02 -4.26380e-02 -4.34423e-02
 -4.42454e-02 -4.50470e-02 -4.58466e-02 -4.66440e-02 -4.74386e-02 -4.82301e-02
 -4.90180e-02 -4.98020e-02 -5.05817e-02 -5.13565e-02 -5.21262e-02 -5.28902e-02
 -5.36482e-02 -5.43997e-02 -5.51443e-02 -5.58815e-02 -5.66110e-02 -5.73323e-02
 -5.80449e-02 -5.87485e-02 -5.94425e-02 -6.01265e-02 -6.08002e-02 -6.14630e-02
 -6.21146e-02 -6.27544e-02 -6.33821e-02 -6.39972e-02 -6.45994e-02 -6.51880e-02
 -6.57629e-02 -6.63234e-02 -6.68693e-02 -6.74000e-02 -6.79152e-02 -6.84144e-02
 -6.88973e-02 -6.93635e-02 -6.98125e-02 -7.02439e-02 -7.06574e-02 -7.10526e-02
 -7.14292e-02 -7.17866e-02 -7.21247e-02 -7.24430e-02 -7.27411e-02 -7.30188e-02
 -7.32756e-02 -7.35114e-02 -7.37256e-02 -7.39181e-02 -7.40884e-02 -7.42365e-02
 -7.43618e-02 -7.44641e-02 -7.45433e-02 -7.45989e-02 -7.46307e-02 -7.46385e-02
 -7.46221e-02 -7.45812e-02 -7.45156e-02 -7.44250e-02 -7.43093e-02 -7.41683e-02
 -7.40018e-02 -7.38097e-02 -7.35917e-02 -7.33477e-02 -7.30777e-02 -7.27814e-02
 -7.24588e-02 -7.21097e-02 -7.17340e-02 -7.13318e-02 -7.09028e-02 -7.04470e-02
 -6.99645e-02 -6.94551e-02 -6.89188e-02 -6.83556e-02 -6.77655e-02 -6.71485e-02
 -6.65047e-02 -6.58340e-02 -6.51365e-02 -6.44123e-02 -6.36614e-02 -6.28840e-02
 -6.20801e-02 -6.12498e-02 -6.03933e-02 -5.95106e-02 -5.86020e-02 -5.76675e-02
 -5.67074e-02 -5.57218e-02 -5.47110e-02 -5.36750e-02 -5.26142e-02 -5.15288e-02
 -5.04190e-02 -4.92851e-02 -4.81273e-02 -4.69459e-02 -4.57412e-02 -4.45135e-02
 -4.32632e-02 -4.19905e-02 -4.06958e-02 -3.93794e-02 -3.80417e-02 -3.66830e-02
 -3.53038e-02 -3.39045e-02 -3.24853e-02 -3.10469e-02 -2.95896e-02 -2.81137e-02
 -2.66199e-02 -2.51086e-02 -2.35802e-02 -2.20352e-02 -2.04742e-02 -1.88975e-02
 -1.73058e-02 -1.56996e-02 -1.40794e-02 -1.24458e-02 -1.07993e-02 -9.14044e-03
 -7.46991e-03 -5.78824e-03 -4.09604e-03 -2.39391e-03 -6.82470e-04  1.03764e-03
  2.76580e-03  4.50135e-03  6.24363e-03  7.99198e-03  9.74572e-03  1.15042e-02
  1.32666e-02  1.50324e-02  1.68008e-02  1.85711e-02  2.03425e-02  2.21144e-02
  2.38861e-02  2.56566e-02  2.74254e-02  2.91917e-02  3.09547e-02  3.27136e-02
  3.44677e-02  3.62161e-02  3.79582e-02  3.96931e-02  4.14200e-02  4.31381e-02
  4.48467e-02  4.65449e-02  4.82320e-02  4.99071e-02  5.15694e-02  5.32182e-02
  5.48526e-02  5.64718e-02  5.80750e-02  5.96614e-02  6.12302e-02  6.27806e-02
  6.43118e-02  6.58230e-02  6.73135e-02  6.87824e-02  7.02289e-02  7.16523e-02
  7.30518e-02  7.44267e-02  7.57761e-02  7.70994e-02  7.83957e-02  7.96644e-02
  8.09047e-02  8.21160e-02  8.32974e-02  8.44483e-02  8.55681e-02  8.66561e-02
  8.77115e-02  8.87338e-02  8.97224e-02  9.06765e-02  9.15957e-02  9.24794e-02
  9.33269e-02  9.41378e-02  9.49115e-02  9.56475e-02  9.63453e-02  9.70044e-02
  9.76244e-02  9.82049e-02  9.87454e-02  9.92455e-02  9.97050e-02  1.00123e-01
  1.00500e-01  1.00836e-01  1.01129e-01  1.01381e-01  1.01589e-01  1.01756e-01
  1.01879e-01  1.01960e-01  1.01997e-01  1.01992e-01  1.01943e-01  1.01851e-01
  1.01715e-01  1.01537e-01  1.01315e-01  1.01050e-01  1.00742e-01  1.00390e-01
  9.99965e-02  9.95600e-02  9.90809e-02  9.85597e-02  9.79964e-02  9.73915e-02
  9.67452e-02  9.60578e-02  9.53297e-02  9.45613e-02  9.37529e-02  9.29051e-02
  9.20182e-02  9.10927e-02  9.01292e-02  8.91281e-02  8.80900e-02  8.70155e-02
  8.59052e-02  8.47597e-02  8.35796e-02  8.23656e-02  8.11184e-02  7.98386e-02
  7.85271e-02  7.71845e-02  7.58115e-02  7.44090e-02  7.29777e-02  7.15185e-02
  7.00322e-02  6.85195e-02  6.69813e-02  6.54186e-02  6.38322e-02  6.22229e-02
  6.05917e-02  5.89396e-02  5.72673e-02  5.55758e-02  5.38661e-02  5.21392e-02
  5.03959e-02  4.86373e-02  4.68643e-02  4.50778e-02  4.32790e-02  4.14687e-02
  3.96479e-02  3.78176e-02  3.59789e-02  3.41327e-02  3.22800e-02  3.04218e-02
  2.85591e-02  2.66929e-02  2.48242e-02  2.29539e-02  2.10832e-02  1.92129e-02
  1.73440e-02  1.54775e-02  1.36144e-02  1.17557e-02  9.90224e-03  8.05505e-03
  6.21505e-03  4.38319e-03  2.56040e-03  7.47581e-04 -1.05434e-03 -2.84448e-03
 -4.62194e-03 -6.38585e-03 -8.13535e-03 -9.86958e-03 -1.15877e-02 -1.32889e-02
 -1.49724e-02 -1.66373e-02 -1.82828e-02 -1.99083e-02 -2.15129e-02 -2.30958e-02
 -2.46565e-02 -2.61941e-02 -2.77079e-02 -2.91974e-02 -3.06617e-02 -3.21004e-02
 -3.35127e-02 -3.48981e-02 -3.62559e-02 -3.75857e-02 -3.88868e-02 -4.01588e-02
 -4.14011e-02 -4.26133e-02 -4.37948e-02 -4.49452e-02 -4.60642e-02 -4.71512e-02
 -4.82059e-02 -4.92280e-02 -5.02170e-02 -5.11727e-02 -5.20948e-02 -5.29829e-02
 -5.38369e-02 -5.46564e-02 -5.54414e-02 -5.61914e-02 -5.69065e-02 -5.75865e-02
 -5.82311e-02 -5.88404e-02 -5.94142e-02 -5.99524e-02 -6.04551e-02 -6.09221e-02
 -6.13536e-02 -6.17495e-02 -6.21098e-02 -6.24347e-02 -6.27242e-02 -6.29785e-02
 -6.31975e-02 -6.33817e-02 -6.35309e-02 -6.36456e-02 -6.37258e-02 -6.37719e-02
 -6.37840e-02 -6.37624e-02 -6.37075e-02 -6.36195e-02 -6.34988e-02 -6.33456e-02
 -6.31604e-02 -6.29435e-02 -6.26954e-02 -6.24164e-02 -6.21070e-02 -6.17676e-02
 -6.13987e-02 -6.10008e-02 -6.05743e-02 -6.01198e-02 -5.96378e-02 -5.91289e-02
 -5.85935e-02 -5.80323e-02 -5.74459e-02 -5.68347e-02 -5.61995e-02 -5.55408e-02
 -5.48592e-02 -5.41554e-02 -5.34301e-02 -5.26838e-02 -5.19172e-02 -5.11311e-02
 -5.03261e-02 -4.95028e-02 -4.86621e-02 -4.78045e-02 -4.69308e-02 -4.60417e-02
 -4.51379e-02 -4.42201e-02 -4.32891e-02 -4.23456e-02 -4.13903e-02 -4.04240e-02
 -3.94473e-02 -3.84611e-02 -3.74661e-02 -3.64630e-02 -3.54526e-02 -3.44356e-02
 -3.34127e-02 -3.23847e-02 -3.13523e-02 -3.03163e-02 -2.92774e-02 -2.82364e-02
 -2.71939e-02 -2.61507e-02 -2.51075e-02 -2.40650e-02 -2.30239e-02 -2.19850e-02
 -2.09490e-02 -1.99164e-02 -1.88881e-02 -1.78646e-02 -1.68467e-02 -1.58350e-02
 -1.48301e-02 -1.38328e-02 -1.28436e-02 -1.18631e-02 -1.08921e-02 -9.93097e-03
 -8.98044e-03 -8.04104e-03 -7.11336e-03 -6.19793e-03 -5.29530e-03 -4.40600e-03
 -3.53054e-03 -2.66942e-03 -1.82313e-03 -9.92138e-04 -1.76914e-04  6.22102e-04
  1.40448e-03  2.16981e-03  2.91768e-03  3.64773e-03  4.35959e-03  5.05290e-03
  5.72734e-03  6.38260e-03  7.01838e-03  7.63440e-03  8.23040e-03  8.80613e-03
  9.36137e-03  9.89590e-03  1.04095e-02  1.09021e-02  1.13734e-02  1.18234e-02
  1.22519e-02  1.26589e-02  1.30441e-02  1.34077e-02  1.37495e-02  1.40695e-02
  1.43677e-02  1.46441e-02  1.48988e-02  1.51317e-02  1.53430e-02  1.55328e-02
  1.57011e-02  1.58480e-02  1.59738e-02  1.60785e-02  1.61623e-02  1.62254e-02
  1.62680e-02  1.62904e-02  1.62928e-02  1.62753e-02  1.62384e-02  1.61823e-02
  1.61072e-02  1.60135e-02  1.59016e-02  1.57717e-02  1.56242e-02  1.54595e-02
  1.52780e-02  1.50800e-02  1.48660e-02  1.46363e-02  1.43915e-02  1.41319e-02
  1.38579e-02  1.35701e-02  1.32689e-02  1.29547e-02  1.26281e-02  1.22896e-02
  1.19395e-02  1.15784e-02  1.12069e-02  1.08254e-02  1.04344e-02  1.00344e-02
  9.62607e-03  9.20979e-03  8.78614e-03  8.35563e-03  7.91880e-03  7.47618e-03
  7.02829e-03  6.57566e-03  6.11883e-03  5.65830e-03  5.19461e-03  4.72828e-03
  4.25981e-03  3.78972e-03  3.31852e-03  2.84671e-03  2.37480e-03  1.90327e-03
  1.43262e-03  9.63329e-04  4.95877e-04  3.07312e-05 -4.31646e-04 -8.90801e-04
 -1.34629e-03 -1.79767e-03 -2.24452e-03 -2.68641e-03 -3.12294e-03 -3.55371e-03
 -3.97833e-03 -4.39641e-03 -4.80758e-03 -5.21147e-03 -5.60774e-03 -5.99604e-03
 -6.37604e-03 -6.74743e-03 -7.10989e-03 -7.46312e-03 -7.80685e-03 -8.14080e-03
 -8.46470e-03 -8.77831e-03 -9.08138e-03 -9.37369e-03 -9.65500e-03 -9.92513e-03
 -1.01839e-02 -1.04310e-02 -1.06664e-02 -1.08899e-02 -1.11013e-02 -1.13005e-02
 -1.14873e-02 -1.16617e-02 -1.18234e-02 -1.19725e-02 -1.21089e-02 -1.22323e-02
 -1.23429e-02 -1.24404e-02 -1.25249e-02 -1.25964e-02 -1.26547e-02 -1.26999e-02
 -1.27319e-02 -1.27508e-02 -1.27565e-02 -1.27492e-02 -1.27286e-02 -1.26951e-02
 -1.26484e-02 -1.25888e-02 -1.25162e-02 -1.24308e-02 -1.23325e-02 -1.22214e-02
 -1.20977e-02 -1.19614e-02 -1.18125e-02 -1.16513e-02 -1.14778e-02 -1.12921e-02
 -1.10944e-02 -1.08847e-02 -1.06632e-02 -1.04301e-02 -1.01854e-02 -9.92937e-03
 -9.66213e-03 -9.38383e-03 -9.09467e-03 -8.79479e-03 -8.48439e-03 -8.16365e-03
 -7.83275e-03 -7.49190e-03 -7.14129e-03 -6.78112e-03 -6.41162e-03 -6.03297e-03
 -5.64542e-03 -5.24918e-03 -4.84447e-03 -4.43152e-03 -4.01058e-03 -3.58187e-03
 -3.14565e-03 -2.70216e-03 -2.25166e-03 -1.79441e-03 -1.33068e-03 -8.60720e-04
 -3.84816e-04  9.67578e-05  5.83724e-04  1.07580e-03  1.57270e-03  2.07413e-03
  2.57979e-03  3.08940e-03  3.60265e-03  4.11924e-03  4.63885e-03  5.16118e-03
  5.68591e-03  6.21273e-03  6.74130e-03  7.27132e-03  7.80245e-03  8.33436e-03
  8.86673e-03  9.39923e-03  9.93150e-03  1.04632e-02  1.09941e-02  1.15237e-02
  1.20517e-02  1.25778e-02  1.31016e-02  1.36228e-02  1.41411e-02  1.46561e-02
  1.51674e-02  1.56747e-02  1.61776e-02  1.66759e-02  1.71691e-02  1.76570e-02
  1.81391e-02  1.86152e-02  1.90848e-02  1.95477e-02  2.00035e-02  2.04519e-02
  2.08925e-02  2.13251e-02  2.17492e-02  2.21646e-02  2.25710e-02  2.29680e-02
  2.33554e-02  2.37328e-02  2.40999e-02  2.44565e-02  2.48022e-02  2.51368e-02
  2.54600e-02  2.57715e-02  2.60711e-02  2.63585e-02  2.66334e-02  2.68956e-02
  2.71449e-02  2.73810e-02  2.76038e-02  2.78130e-02  2.80084e-02  2.81898e-02
  2.83571e-02  2.85101e-02  2.86485e-02  2.87724e-02  2.88814e-02  2.89756e-02
  2.90547e-02  2.91186e-02  2.91673e-02  2.92007e-02  2.92186e-02  2.92210e-02
  2.92078e-02  2.91790e-02  2.91346e-02  2.90745e-02  2.89987e-02  2.89072e-02
  2.88000e-02  2.86772e-02  2.85387e-02  2.83847e-02  2.82151e-02  2.80301e-02
  2.78296e-02  2.76139e-02  2.73829e-02  2.71368e-02  2.68757e-02  2.65998e-02
  2.63092e-02  2.60040e-02  2.56844e-02  2.53506e-02  2.50027e-02  2.46409e-02
  2.42655e-02  2.38766e-02  2.34745e-02  2.30594e-02  2.26315e-02  2.21910e-02
  2.17383e-02  2.12735e-02  2.07970e-02  2.03090e-02  1.98098e-02  1.92997e-02
  1.87789e-02  1.82478e-02  1.77067e-02  1.71559e-02  1.65956e-02  1.60263e-02
  1.54482e-02  1.48617e-02  1.42672e-02  1.36648e-02  1.30551e-02  1.24382e-02
  1.18147e-02  1.11848e-02  1.05489e-02  9.90730e-03  9.26043e-03  8.60863e-03
  7.95225e-03  7.29165e-03  6.62721e-03  5.95928e-03  5.28822e-03  4.61441e-03
  3.93821e-03  3.25998e-03  2.58008e-03  1.89889e-03  1.21676e-03  5.34047e-04
 -1.48875e-04 -8.31652e-04 -1.51393e-03 -2.19534e-03 -2.87554e-03 -3.55417e-03
 -4.23089e-03 -4.90534e-03 -5.57717e-03 -6.24605e-03 -6.91164e-03 -7.57359e-03
 -8.23157e-03 -8.88526e-03 -9.53431e-03 -1.01784e-02 -1.08172e-02 -1.14505e-02
 -1.20778e-02 -1.26989e-02 -1.33135e-02 -1.39212e-02 -1.45218e-02 -1.51149e-02
 -1.57004e-02 -1.62778e-02 -1.68469e-02 -1.74074e-02 -1.79591e-02 -1.85017e-02
 -1.90349e-02 -1.95585e-02 -2.00721e-02 -2.05756e-02 -2.10687e-02 -2.15512e-02
 -2.20228e-02 -2.24833e-02 -2.29325e-02 -2.33701e-02 -2.37960e-02 -2.42099e-02
 -2.46116e-02 -2.50009e-02 -2.53777e-02 -2.57417e-02 -2.60928e-02 -2.64308e-02
 -2.67555e-02 -2.70668e-02 -2.73645e-02 -2.76484e-02 -2.79185e-02 -2.81745e-02
 -2.84163e-02 -2.86439e-02 -2.88570e-02 -2.90557e-02 -2.92397e-02 -2.94091e-02
 -2.95636e-02 -2.97033e-02 -2.98280e-02 -2.99377e-02 -3.00323e-02 -3.01118e-02
 -3.01762e-02 -3.02253e-02 -3.02592e-02 -3.02778e-02 -3.02811e-02 -3.02691e-02
 -3.02418e-02 -3.01992e-02 -3.01414e-02 -3.00683e-02 -2.99801e-02 -2.98766e-02
 -2.97581e-02 -2.96244e-02 -2.94758e-02 -2.93123e-02 -2.91339e-02 -2.89408e-02
 -2.87331e-02 -2.85108e-02 -2.82741e-02 -2.80231e-02 -2.77579e-02 -2.74787e-02
 -2.71856e-02 -2.68788e-02 -2.65584e-02 -2.62246e-02 -2.58776e-02 -2.55176e-02
 -2.51446e-02 -2.47591e-02 -2.43610e-02 -2.39507e-02 -2.35284e-02 -2.30943e-02
 -2.26486e-02 -2.21915e-02 -2.17234e-02 -2.12445e-02 -2.07549e-02 -2.02551e-02
 -1.97451e-02 -1.92255e-02 -1.86963e-02 -1.81579e-02 -1.76106e-02 -1.70547e-02
 -1.64904e-02 -1.59181e-02 -1.53382e-02 -1.47507e-02 -1.41562e-02 -1.35550e-02
 -1.29472e-02 -1.23333e-02 -1.17136e-02 -1.10885e-02 -1.04581e-02 -9.82298e-03
 -9.18334e-03 -8.53956e-03 -7.89197e-03 -7.24090e-03 -6.58671e-03 -5.92974e-03
 -5.27032e-03 -4.60881e-03 -3.94553e-03 -3.28084e-03 -2.61507e-03 -1.94858e-03
 -1.28169e-03 -6.14745e-04  5.19079e-05  7.17933e-04  1.38249e-03  2.04293e-03
  2.69305e-03  3.32161e-03  3.91155e-03  4.44044e-03  4.88214e-03  5.20966e-03
  5.39906e-03  5.43396e-03  5.30894e-03  5.03098e-03  4.61889e-03  4.10137e-03
  3.51414e-03  2.89649e-03  2.28752e-03  1.72227e-03  1.22823e-03  8.22717e-04
  5.11763e-04  2.90893e-04  1.47513e-04  6.42695e-05  2.25478e-05  5.57100e-06
  6.17843e-07 -1.05057e-07 -1.06604e-07 -2.62596e-07 -4.85229e-07 -6.59719e-07
 -8.17266e-07 -9.98201e-07 -1.18341e-06 -1.34781e-06 -1.51352e-06 -1.71033e-06
 -1.88053e-06 -1.94700e-06 -1.89388e-06 -1.71942e-06 -1.44596e-06 -1.11150e-06
 -7.44631e-07 -3.79443e-07 -1.02253e-07  0.00000e+00  0.00000e+00  0.00000e+00
  0.00000e+00  0.00000e+00  0.00000e+00  0.00000e+00  0.00000e+00  0.00000e+00
  0.00000e+00  0.00000e+00  0.00000e+00  0.00000e+00  0.00000e+00  0.00000e+00
  0.00000e+00  0.00000e+00  0.00000e+00  0.00000e+00  0.00000e+00  0.00000e+00
  0.00000e+00  0.00000e+00  0.00000e+00  0.00000e+00  0.00000e+00  0.00000e+00
  0.00000e+00  0.00000e+00  0.00000e+00  0.00000e+00  0.00000e+00  0.00000e+00
  0.00000e+00  0.00000e+00  0.00000e+00  0.00000e+00  0.00000e+00  0.00000e+00
  0.00000e+00  0.00000e+00  0.00000e+00  0.00000e+00  0.00000e+00  0.00000e+00
  0.00000e+00  0.00000e+00  0.00000e+00  0.00000e+00  0.00000e+00  0.00000e+00
  0.00000e+00  0.00000e+00  0.00000e+00  0.00000e+00  0.00000e+00  0.00000e+00
  0.00000e+00  0.00000e+00  0.00000e+00  0.00000e+00  0.00000e+00  0.00000e+00
  0.00000e+00  0.00000e+00  0.00000e+00  0.00000e+00  0.00000e+00  0.00000e+00
  0.00000e+00  0.00000e+00  0.00000e+00  0.00000e+00  0.00000e+00  0.00000e+00
  0.00000e+00  0.00000e+00  0.00000e+00  0.00000e+00  0.00000e+00  0.00000e+00
  0.00000e+00  0.00000e+00  0.00000e+00  0.00000e+00  0.00000e+00  0.00000e+00
  0.00000e+00  0.00000e+00  0.00000e+00  0.00000e+00  0.00000e+00  0.00000e+00
  0.00000e+00  0.00000e+00  0.00000e+00  0.00000e+00  0.00000e+00  0.00000e+00
  0.00000e+00  0.00000e+00  0.00000e+00  0.00000e+00  0.00000e+00  0.00000e+00
  0.00000e+00  0.00000e+00  0.00000e+00  0.00000e+00  0.00000e+00  0.00000e+00
  0.00000e+00  0.00000e+00  0.00000e+00  0.00000e+00  0.00000e+00  0.00000e+00
  0.00000e+00  0.00000e+00  0.00000e+00  0.00000e+00  0.00000e+00  0.00000e+00
  0.00000e+00  0.00000e+00  0.00000e+00  0.00000e+00  0.00000e+00  0.00000e+00
  0.00000e+00  0.00000e+00  0.00000e+00  0.00000e+00  0.00000e+00  0.00000e+00
  0.00000e+00  0.00000e+00  0.00000e+00  0.00000e+00  0.00000e+00  0.00000e+00
  0.00000e+00  0.00000e+00  0.00000e+00  0.00000e+00  0.00000e+00  0.00000e+00
  0.00000e+00  0.00000e+00  0.00000e+00  0.00000e+00  0.00000e+00  0.00000e+00
  0.00000e+00  0.00000e+00  0.00000e+00  0.00000e+00  0.00000e+00  0.00000e+00
  0.00000e+00  0.00000e+00  0.00000e+00  0.00000e+00  0.00000e+00  0.00000e+00
  0.00000e+00  0.00000e+00  0.00000e+00  0.00000e+00  0.00000e+00  0.00000e+00
  0.00000e+00  0.00000e+00  0.00000e+00  0.00000e+00  0.00000e+00  0.00000e+00
  0.00000e+00  0.00000e+00  0.00000e+00  0.00000e+00  0.00000e+00  0.00000e+00
  0.00000e+00  0.00000e+00  0.00000e+00  0.00000e+00  0.00000e+00  0.00000e+00
  0.00000e+00  0.00000e+00  0.00000e+00  0.00000e+00  0.00000e+00  0.00000e+00
  0.00000e+00  0.00000e+00  0.00000e+00  0.00000e+00  0.00000e+00  0.00000e+00
  0.00000e+00  0.00000e+00  0.00000e+00  0.00000e+00  0.00000e+00  0.00000e+00
  0.00000e+00  0.00000e+00  0.00000e+00  0.00000e+00  0.00000e+00  0.00000e+00
  0.00000e+00  0.00000e+00  0.00000e+00  0.00000e+00  0.00000e+00  0.00000e+00
  0.00000e+00  0.00000e+00  0.00000e+00  0.00000e+00  0.00000e+00  0.00000e+00
  0.00000e+00  0.00000e+00  0.00000e+00  0.00000e+00  0.00000e+00  0.00000e+00
  0.00000e+00  0.00000e+00  0.00000e+00  0.00000e+00  0.00000e+00  0.00000e+00
  0.00000e+00  0.00000e+00  0.00000e+00  0.00000e+00  0.00000e+00  0.00000e+00
  0.00000e+00  0.00000e+00  0.00000e+00  0.00000e+00  0.00000e+00  0.00000e+00
  0.00000e+00  0.00000e+00  0.00000e+00  0.00000e+00  0.00000e+00  0.00000e+00
  0.00000e+00  0.00000e+00  0.00000e+00  0.00000e+00  0.00000e+00  0.00000e+00
  0.00000e+00  0.00000e+00  0.00000e+00  0.00000e+00  0.00000e+00  0.00000e+00
  0.00000e+00  0.00000e+00  0.00000e+00  0.00000e+00  0.00000e+00  0.00000e+00
  0.00000e+00  0.00000e+00  0.00000e+00  0.00000e+00  0.00000e+00  0.00000e+00
  0.00000e+00  0.00000e+00  0.00000e+00  0.00000e+00  0.00000e+00  0.00000e+00
  0.00000e+00  0.00000e+00  0.00000e+00  0.00000e+00  0.00000e+00  0.00000e+00
  0.00000e+00  0.00000e+00  0.00000e+00  0.00000e+00  0.00000e+00  0.00000e+00
  0.00000e+00  0.00000e+00  0.00000e+00  0.00000e+00  0.00000e+00  0.00000e+00
  0.00000e+00  0.00000e+00  0.00000e+00  0.00000e+00  0.00000e+00  0.00000e+00
  0.00000e+00  0.00000e+00  0.00000e+00  0.00000e+00  0.00000e+00  0.00000e+00
  0.00000e+00  0.00000e+00  0.00000e+00  0.00000e+00  0.00000e+00  0.00000e+00
  0.00000e+00  0.00000e+00  0.00000e+00  0.00000e+00  0.00000e+00  0.00000e+00
  0.00000e+00  0.00000e+00  0.00000e+00  0.00000e+00  0.00000e+00  0.00000e+00
  0.00000e+00  0.00000e+00  0.00000e+00  0.00000e+00  0.00000e+00  0.00000e+00
  0.00000e+00  0.00000e+00  0.00000e+00  0.00000e+00  0.00000e+00  0.00000e+00
  0.00000e+00  0.00000e+00  0.00000e+00  0.00000e+00  0.00000e+00  0.00000e+00
  0.00000e+00  0.00000e+00  0.00000e+00  0.00000e+00  0.00000e+00  0.00000e+00
  0.00000e+00  0.00000e+00  0.00000e+00  0.00000e+00  0.00000e+00  0.00000e+00
  0.00000e+00  0.00000e+00  0.00000e+00  0.00000e+00  0.00000e+00  0.00000e+00
  0.00000e+00  0.00000e+00  0.00000e+00  0.00000e+00  0.00000e+00  0.00000e+00
  0.00000e+00  0.00000e+00  0.00000e+00  0.00000e+00  0.00000e+00  0.00000e+00
  0.00000e+00  0.00000e+00  0.00000e+00  0.00000e+00  0.00000e+00  0.00000e+00
  0.00000e+00  0.00000e+00  0.00000e+00  0.00000e+00  0.00000e+00  0.00000e+00
  0.00000e+00  0.00000e+00  0.00000e+00  0.00000e+00  0.00000e+00  0.00000e+00
  0.00000e+00  0.00000e+00  0.00000e+00  0.00000e+00  0.00000e+00  0.00000e+00
  0.00000e+00  0.00000e+00  0.00000e+00  0.00000e+00  0.00000e+00  0.00000e+00
  0.00000e+00  0.00000e+00  0.00000e+00  0.00000e+00  0.00000e+00  0.00000e+00
  0.00000e+00  0.00000e+00  0.00000e+00  0.00000e+00  0.00000e+00  0.00000e+00
  0.00000e+00  0.00000e+00  0.00000e+00  0.00000e+00  0.00000e+00  0.00000e+00
  0.00000e+00  0.00000e+00  0.00000e+00  0.00000e+00  0.00000e+00  0.00000e+00
  0.00000e+00  0.00000e+00  0.00000e+00  0.00000e+00  0.00000e+00  0.00000e+00
  0.00000e+00  0.00000e+00  0.00000e+00  0.00000e+00  0.00000e+00  0.00000e+00
  0.00000e+00  0.00000e+00  0.00000e+00  0.00000e+00  0.00000e+00  0.00000e+00
  0.00000e+00  0.00000e+00  0.00000e+00  0.00000e+00  0.00000e+00  0.00000e+00
  0.00000e+00  0.00000e+00  0.00000e+00  0.00000e+00  0.00000e+00  0.00000e+00
  0.00000e+00  0.00000e+00  0.00000e+00  0.00000e+00  0.00000e+00  0.00000e+00
  0.00000e+00  0.00000e+00  0.00000e+00  0.00000e+00  0.00000e+00  0.00000e+00
  0.00000e+00  0.00000e+00  0.00000e+00  0.00000e+00  0.00000e+00  0.00000e+00
  0.00000e+00  0.00000e+00  0.00000e+00  0.00000e+00  0.00000e+00  0.00000e+00
  0.00000e+00  0.00000e+00  0.00000e+00  0.00000e+00  0.00000e+00  0.00000e+00
  0.00000e+00  0.00000e+00  0.00000e+00  0.00000e+00  0.00000e+00  0.00000e+00
  0.00000e+00  0.00000e+00  0.00000e+00  0.00000e+00  0.00000e+00  0.00000e+00
  0.00000e+00  0.00000e+00  0.00000e+00  0.00000e+00  0.00000e+00  0.00000e+00
  0.00000e+00  0.00000e+00  0.00000e+00  0.00000e+00  0.00000e+00  0.00000e+00
  0.00000e+00  0.00000e+00  0.00000e+00  0.00000e+00  0.00000e+00  0.00000e+00
  0.00000e+00  0.00000e+00  0.00000e+00  0.00000e+00  0.00000e+00  0.00000e+00
  0.00000e+00  0.00000e+00  0.00000e+00  0.00000e+00  0.00000e+00  0.00000e+00
  0.00000e+00  0.00000e+00  0.00000e+00  0.00000e+00  0.00000e+00  0.00000e+00
  0.00000e+00  0.00000e+00  0.00000e+00  0.00000e+00  0.00000e+00  0.00000e+00
  0.00000e+00  0.00000e+00  0.00000e+00  0.00000e+00  0.00000e+00  0.00000e+00
  0.00000e+00  0.00000e+00  0.00000e+00  0.00000e+00  0.00000e+00  0.00000e+00
