AZ_TRO     090 TITLE
6000  5.00000e-03 0 0 -5.00000e-02  0.00000e+00  0.00000e+00  0.00000e+00
 -3.33193e-14 -2.27517e-08 -1.03346e-07 -2.82666e-07 -5.97032e-07 -1.07310e-06
 -1.72728e-06 -2.56554e-06 -3.58243e-06 -4.76145e-06 -6.07734e-06 -7.49902e-06
 -8.99261e-06 -1.05251e-05 -1.20683e-05 -1.36014e-05 -1.51123e-05 -1.66002e-05
 -1.80775e-05 -1.95674e-05 -2.10942e-05 -2.26726e-05 -2.43047e-05 -2.59853e-05
 -2.77088e-05 -2.94712e-05 -3.12684e-05 -3.30950e-05 -3.49449e-05 -3.68124e-05
 -3.86910e-05 -4.05737e-05 -4.24535e-05 -4.43228e-05 -4.61732e-05 -4.79963e-05
 -4.97840e-05 -5.15277e-05 -5.32164e-05 -5.48384e-05 -5.63889e-05 -5.78551e-05
 -5.92265e-05 -6.04923e-05 -6.16414e-05 -6.26625e-05 -6.35442e-05 -6.42748e-05
 -6.48427e-05 -6.52358e-05 -6.54423e-05 -6.54499e-05 -6.52467e-05 -6.48205e-05
 -6.41591e-05 -6.32503e-05 -6.20822e-05 -6.06426e-05 -5.89198e-05 -5.69019e-05
 -5.45773e-05 -5.19345e-05 -4.89624e-05 -4.56500e-05 -4.19864e-05 -3.79612e-05
 -3.35643e-05 -2.87858e-05 -2.36162e-05 -1.80465e-05 -1.20679e-05 -5.67217e-06
  1.14853e-06  8.40152e-06  1.60937e-05  2.42312e-05  3.28200e-05  4.18652e-05
  5.13714e-05  6.13426e-05  7.17820e-05  8.26924e-05  9.40757e-05  1.05933e-04
  1.18265e-04  1.31071e-04  1.44351e-04  1.58101e-04  1.72321e-04  1.87005e-04
  2.02151e-04  2.17751e-04  2.33801e-04  2.50293e-04  2.67219e-04  2.84570e-04
  3.02336e-04  3.20506e-04  3.39068e-04  3.58010e-04  3.77317e-04  3.96976e-04
  4.16969e-04  4.37280e-04  4.57891e-04  4.78783e-04  4.99936e-04  5.21330e-04
  5.42942e-04  5.64750e-04  5.86729e-04  6.08854e-04  6.31101e-04  6.53440e-04
  6.75846e-04  6.98289e-04  7.20739e-04  7.43165e-04  7.65537e-04  7.87822e-04
  8.09986e-04  8.31996e-04  8.53817e-04  8.75413e-04  8.96749e-04  9.17786e-04
  9.38489e-04  9.58818e-04  9.78735e-04  9.98201e-04  1.01718e-03  1.03562e-03
  1.05349e-03  1.07076e-03  1.08737e-03  1.10328e-03  1.11846e-03  1.13287e-03
  1.14645e-03  1.15918e-03  1.17101e-03  1.18190e-03  1.19180e-03  1.20069e-03
  1.20851e-03  1.21523e-03  1.22081e-03  1.22521e-03  1.22840e-03  1.23033e-03
  1.23097e-03  1.23028e-03  1.22824e-03  1.22480e-03  1.21993e-03  1.21361e-03
  1.20580e-03  1.19648e-03  1.18561e-03  1.17317e-03  1.15915e-03  1.14350e-03
  1.12622e-03  1.10728e-03  1.08667e-03  1.06437e-03  1.04036e-03  1.01464e-03
  9.87194e-04  9.58015e-04  9.27096e-04  8.94436e-04  8.60031e-04  8.23883e-04
  7.85995e-04  7.46371e-04  7.05018e-04  6.61946e-04  6.17166e-04  5.70689e-04
  5.22531e-04  4.72707e-04  4.21235e-04  3.68134e-04  3.13423e-04  2.57124e-04
  1.99259e-04  1.39849e-04  7.89179e-05  1.64896e-05 -4.74121e-05 -1.12763e-04
 -1.79539e-04 -2.47714e-04 -3.17265e-04 -3.88167e-04 -4.60393e-04 -5.33919e-04
 -6.08720e-04 -6.84769e-04 -7.62039e-04 -8.40504e-04 -9.20135e-04 -1.00090e-03
 -1.08278e-03 -1.16573e-03 -1.24973e-03 -1.33473e-03 -1.42071e-03 -1.50762e-03
 -1.59543e-03 -1.68408e-03 -1.77355e-03 -1.86376e-03 -1.95469e-03 -2.04627e-03
 -2.13844e-03 -2.23115e-03 -2.32434e-03 -2.41793e-03 -2.51186e-03 -2.60605e-03
 -2.70043e-03 -2.79491e-03 -2.88942e-03 -2.98387e-03 -3.07816e-03 -3.17220e-03
 -3.26590e-03 -3.35915e-03 -3.45185e-03 -3.54389e-03 -3.63516e-03 -3.72554e-03
 -3.81492e-03 -3.90317e-03 -3.99018e-03 -4.07581e-03 -4.15993e-03 -4.24242e-03
 -4.32313e-03 -4.40194e-03 -4.47870e-03 -4.55326e-03 -4.62549e-03 -4.69524e-03
 -4.76236e-03 -4.82671e-03 -4.88813e-03 -4.94648e-03 -5.00160e-03 -5.05334e-03
 -5.10155e-03 -5.14607e-03 -5.18676e-03 -5.22346e-03 -5.25602e-03 -5.28430e-03
 -5.30813e-03 -5.32737e-03 -5.34187e-03 -5.35150e-03 -5.35610e-03 -5.35553e-03
 -5.34966e-03 -5.33835e-03 -5.32146e-03 -5.29886e-03 -5.27043e-03 -5.23604e-03
 -5.19557e-03 -5.14890e-03 -5.09592e-03 -5.03653e-03 -4.97062e-03 -4.89808e-03
 -4.81882e-03 -4.73276e-03 -4.63981e-03 -4.53988e-03 -4.43291e-03 -4.31882e-03
 -4.19756e-03 -4.06905e-03 -3.93326e-03 -3.79014e-03 -3.63965e-03 -3.48176e-03
 -3.31645e-03 -3.14369e-03 -2.96348e-03 -2.77582e-03 -2.58071e-03 -2.37815e-03
 -2.16819e-03 -1.95083e-03 -1.72612e-03 -1.49410e-03 -1.25482e-03 -1.00835e-03
 -7.54747e-04 -4.94100e-04 -2.26491e-04  4.79816e-05  3.29214e-04  6.17092e-04
  9.11491e-04  1.21228e-03  1.51931e-03  1.83244e-03  2.15149e-03  2.47631e-03
  2.80670e-03  3.14247e-03  3.48344e-03  3.82937e-03  4.18005e-03  4.53526e-03
  4.89473e-03  5.25823e-03  5.62549e-03  5.99623e-03  6.37017e-03  6.74702e-03
  7.12647e-03  7.50821e-03  7.89190e-03  8.27722e-03  8.66382e-03  9.05134e-03
  9.43941e-03  9.82767e-03  1.02157e-02  1.06032e-02  1.09896e-02  1.13746e-02
  1.17578e-02  1.21387e-02  1.25169e-02  1.28919e-02  1.32633e-02  1.36306e-02
  1.39934e-02  1.43511e-02  1.47032e-02  1.50494e-02  1.53890e-02  1.57216e-02
  1.60466e-02  1.63635e-02  1.66719e-02  1.69711e-02  1.72607e-02  1.75400e-02
  1.78087e-02  1.80660e-02  1.83116e-02  1.85447e-02  1.87650e-02  1.89718e-02
  1.91646e-02  1.93428e-02  1.95059e-02  1.96533e-02  1.97845e-02  1.98990e-02
  1.99962e-02  2.00756e-02  2.01367e-02  2.01788e-02  2.02016e-02  2.02045e-02
  2.01870e-02  2.01486e-02  2.00888e-02  2.00072e-02  1.99033e-02  1.97765e-02
  1.96266e-02  1.94530e-02  1.92554e-02  1.90333e-02  1.87864e-02  1.85143e-02
  1.82166e-02  1.78930e-02  1.75432e-02  1.71670e-02  1.67640e-02  1.63340e-02
  1.58767e-02  1.53920e-02  1.48797e-02  1.43395e-02  1.37715e-02  1.31754e-02
  1.25513e-02  1.18990e-02  1.12185e-02  1.05098e-02  9.77296e-03  9.00807e-03
  8.21520e-03  7.39448e-03  6.54607e-03  5.67017e-03  4.76699e-03  3.83681e-03
  2.87992e-03  1.89665e-03  8.87375e-04 -1.47511e-04 -1.20756e-03 -2.29231e-03
 -3.40122e-03 -4.53375e-03 -5.68931e-03 -6.86726e-03 -8.06693e-03 -9.28761e-03
 -1.05285e-02 -1.17890e-02 -1.30680e-02 -1.43648e-02 -1.56785e-02 -1.70080e-02
 -1.83525e-02 -1.97108e-02 -2.10819e-02 -2.24646e-02 -2.38579e-02 -2.52604e-02
 -2.66711e-02 -2.80884e-02 -2.95113e-02 -3.09382e-02 -3.23678e-02 -3.37986e-02
 -3.52291e-02 -3.66578e-02 -3.80832e-02 -3.95036e-02 -4.09174e-02 -4.23229e-02
 -4.37184e-02 -4.51021e-02 -4.64723e-02 -4.78272e-02 -4.91647e-02 -5.04832e-02
 -5.17806e-02 -5.30550e-02 -5.43044e-02 -5.55268e-02 -5.67201e-02 -5.78823e-02
 -5.90113e-02 -6.01050e-02 -6.11611e-02 -6.21776e-02 -6.31523e-02 -6.40829e-02
 -6.49673e-02 -6.58031e-02 -6.65881e-02 -6.73201e-02 -6.79967e-02 -6.86157e-02
 -6.91748e-02 -6.96717e-02 -7.01040e-02 -7.04695e-02 -7.07658e-02 -7.09907e-02
 -7.11419e-02 -7.12169e-02 -7.12137e-02 -7.11298e-02 -7.09631e-02 -7.07113e-02
 -7.03721e-02 -6.99434e-02 -6.94230e-02 -6.88087e-02 -6.80984e-02 -6.72900e-02
 -6.63814e-02 -6.53705e-02 -6.42555e-02 -6.30344e-02 -6.17051e-02 -6.02659e-02
 -5.87150e-02 -5.70506e-02 -5.52710e-02 -5.33745e-02 -5.13595e-02 -4.92245e-02
 -4.69681e-02 -4.45887e-02 -4.20852e-02 -3.94562e-02 -3.67004e-02 -3.38170e-02
 -3.08046e-02 -2.76625e-02 -2.43898e-02 -2.09855e-02 -1.74492e-02 -1.37800e-02
 -9.97760e-03 -6.04145e-03 -1.97126e-03  2.23321e-03  6.57209e-03  1.10454e-02
  1.56531e-02  2.03951e-02  2.52709e-02  3.02803e-02  3.54228e-02  4.06977e-02
  4.61043e-02  5.16418e-02  5.73093e-02  6.31057e-02  6.90298e-02  7.50804e-02
  8.12560e-02  8.75551e-02  9.39760e-02  1.00517e-01  1.07176e-01  1.13952e-01
  1.20842e-01  1.27844e-01  1.34955e-01  1.42173e-01  1.49496e-01  1.56921e-01
  1.64445e-01  1.72065e-01  1.79779e-01  1.87582e-01  1.95473e-01  2.03447e-01
  2.11501e-01  2.19631e-01  2.27835e-01  2.36107e-01  2.44445e-01  2.52845e-01
  2.61302e-01  2.69812e-01  2.78372e-01  2.86977e-01  2.95622e-01  3.04303e-01
  3.13017e-01  3.21757e-01  3.30521e-01  3.39302e-01  3.48097e-01  3.56900e-01
  3.65708e-01  3.74514e-01  3.83314e-01  3.92104e-01  4.00878e-01  4.09632e-01
  4.18360e-01  4.27057e-01  4.35720e-01  4.44341e-01  4.52918e-01  4.61443e-01
  4.69914e-01  4.78325e-01  4.86670e-01  4.94945e-01  5.03146e-01  5.11266e-01
  5.19303e-01  5.27250e-01  5.35104e-01  5.42859e-01  5.50511e-01  5.58056e-01
  5.65489e-01  5.72806e-01  5.80002e-01  5.87075e-01  5.94018e-01  6.00830e-01
  6.07505e-01  6.14040e-01  6.20431e-01  6.26675e-01  6.32768e-01  6.38707e-01
  6.44489e-01  6.50110e-01  6.55568e-01  6.60860e-01  6.65982e-01  6.70933e-01
  6.75710e-01  6.80310e-01  6.84731e-01  6.88971e-01  6.93028e-01  6.96899e-01
  7.00584e-01  7.04080e-01  7.07386e-01  7.10501e-01  7.13422e-01  7.16150e-01
  7.18682e-01  7.21017e-01  7.23155e-01  7.25095e-01  7.26836e-01  7.28377e-01
  7.29719e-01  7.30859e-01  7.31799e-01  7.32538e-01  7.33075e-01  7.33411e-01
  7.33545e-01  7.33478e-01  7.33209e-01  7.32739e-01  7.32069e-01  7.31198e-01
  7.30127e-01  7.28856e-01  7.27387e-01  7.25719e-01  7.23854e-01  7.21792e-01
  7.19534e-01  7.17081e-01  7.14435e-01  7.11595e-01  7.08565e-01  7.05343e-01
  7.01934e-01  6.98336e-01  6.94553e-01  6.90585e-01  6.86435e-01  6.82104e-01
  6.77594e-01  6.72906e-01  6.68044e-01  6.63008e-01  6.57802e-01  6.52428e-01
  6.46888e-01  6.41184e-01  6.35320e-01  6.29298e-01  6.23121e-01  6.16791e-01
  6.10312e-01  6.03688e-01  5.96921e-01  5.90014e-01  5.82972e-01  5.75797e-01
  5.68495e-01  5.61067e-01  5.53519e-01  5.45855e-01  5.38078e-01  5.30193e-01
  5.22203e-01  5.14115e-01  5.05932e-01  4.97659e-01  4.89300e-01  4.80861e-01
  4.72346e-01  4.63760e-01  4.55109e-01  4.46397e-01  4.37630e-01  4.28814e-01
  4.19952e-01  4.11052e-01  4.02118e-01  3.93155e-01  3.84170e-01  3.75168e-01
  3.66154e-01  3.57135e-01  3.48115e-01  3.39100e-01  3.30096e-01  3.21109e-01
  3.12144e-01  3.03207e-01  2.94303e-01  2.85438e-01  2.76617e-01  2.67847e-01
  2.59132e-01  2.50477e-01  2.41889e-01  2.33372e-01  2.24932e-01  2.16573e-01
  2.08300e-01  2.00120e-01  1.92036e-01  1.84053e-01  1.76175e-01  1.68409e-01
  1.60757e-01  1.53224e-01  1.45815e-01  1.38533e-01  1.31383e-01  1.24367e-01
  1.17491e-01  1.10757e-01  1.04170e-01  9.77312e-02  9.14449e-02  8.53141e-02
  7.93414e-02  7.35296e-02  6.78813e-02  6.23989e-02  5.70845e-02  5.19404e-02
  4.69685e-02  4.21705e-02  3.75482e-02  3.31030e-02  2.88363e-02  2.47493e-02
  2.08430e-02  1.71183e-02  1.35759e-02  1.02165e-02  7.04056e-03  4.04837e-03
  1.24012e-03 -1.38415e-03 -3.82454e-03 -6.08129e-03 -8.15478e-03 -1.00455e-02
 -1.17541e-02 -1.32813e-02 -1.46280e-02 -1.57951e-02 -1.67837e-02 -1.75952e-02
 -1.82307e-02 -1.86916e-02 -1.89795e-02 -1.90960e-02 -1.90427e-02 -1.88216e-02
 -1.84345e-02 -1.78835e-02 -1.71706e-02 -1.62978e-02 -1.52675e-02 -1.40817e-02
 -1.27430e-02 -1.12535e-02 -9.61571e-03 -7.83212e-03 -5.90524e-03 -3.83761e-03
 -1.63182e-03  7.09513e-04  3.18374e-03  5.78819e-03  8.52018e-03  1.13770e-02
  1.43560e-02  1.74544e-02  2.06697e-02  2.39989e-02  2.74396e-02  3.09891e-02
  3.46445e-02  3.84034e-02  4.22632e-02  4.62211e-02  5.02749e-02  5.44219e-02
  5.86597e-02  6.29860e-02  6.73984e-02  7.18946e-02  7.64724e-02  8.11297e-02
  8.58644e-02  9.06743e-02  9.55578e-02  1.00513e-01  1.05538e-01  1.10631e-01
  1.15791e-01  1.21015e-01  1.26304e-01  1.31655e-01  1.37067e-01  1.42539e-01
  1.48070e-01  1.53659e-01  1.59306e-01  1.65009e-01  1.70769e-01  1.76584e-01
  1.82454e-01  1.88380e-01  1.94360e-01  2.00396e-01  2.06487e-01  2.12633e-01
  2.18834e-01  2.25092e-01  2.31406e-01  2.37777e-01  2.44206e-01  2.50693e-01
  2.57240e-01  2.63848e-01  2.70517e-01  2.77249e-01  2.84045e-01  2.90907e-01
  2.97835e-01  3.04831e-01  3.11898e-01  3.19036e-01  3.26246e-01  3.33531e-01
  3.40892e-01  3.48331e-01  3.55850e-01  3.63449e-01  3.71132e-01  3.78899e-01
  3.86753e-01  3.94694e-01  4.02725e-01  4.10848e-01  4.19063e-01  4.27372e-01
  4.35777e-01  4.44279e-01  4.52879e-01  4.61578e-01  4.70378e-01  4.79278e-01
  4.88281e-01  4.97387e-01  5.06596e-01  5.15908e-01  5.25324e-01  5.34844e-01
  5.44468e-01  5.54195e-01  5.64025e-01  5.73956e-01  5.83988e-01  5.94120e-01
  6.04351e-01  6.14678e-01  6.25099e-01  6.35613e-01  6.46217e-01  6.56908e-01
  6.67683e-01  6.78539e-01  6.89472e-01  7.00479e-01  7.11555e-01  7.22695e-01
  7.33895e-01  7.45150e-01  7.56454e-01  7.67801e-01  7.79186e-01  7.90601e-01
  8.02039e-01  8.13495e-01  8.24959e-01  8.36425e-01  8.47884e-01  8.59327e-01
  8.70746e-01  8.82131e-01  8.93472e-01  9.04761e-01  9.15985e-01  9.27136e-01
  9.38201e-01  9.49170e-01  9.60031e-01  9.70772e-01  9.81380e-01  9.91843e-01
  1.00215e+00  1.01228e+00  1.02223e+00  1.03199e+00  1.04152e+00  1.05084e+00
  1.05991e+00  1.06872e+00  1.07727e+00  1.08552e+00  1.09348e+00  1.10112e+00
  1.10842e+00  1.11537e+00  1.12196e+00  1.12816e+00  1.13397e+00  1.13936e+00
  1.14432e+00  1.14883e+00  1.15287e+00  1.15643e+00  1.15948e+00  1.16203e+00
  1.16403e+00  1.16549e+00  1.16638e+00  1.16668e+00  1.16639e+00  1.16547e+00
  1.16392e+00  1.16172e+00  1.15885e+00  1.15530e+00  1.15105e+00  1.14608e+00
  1.14039e+00  1.13395e+00  1.12675e+00  1.11878e+00  1.11002e+00  1.10046e+00
  1.09008e+00  1.07888e+00  1.06684e+00  1.05395e+00  1.04020e+00  1.02557e+00
  1.01006e+00  9.93663e-01  9.76361e-01  9.58148e-01  9.39018e-01  9.18963e-01
  8.97977e-01  8.76054e-01  8.53189e-01  8.29378e-01  8.04618e-01  7.78906e-01
  7.52240e-01  7.24619e-01  6.96044e-01  6.66514e-01  6.36032e-01  6.04600e-01
  5.72221e-01  5.38900e-01  5.04643e-01  4.69455e-01  4.33344e-01  3.96318e-01
  3.58386e-01  3.19559e-01  2.79848e-01  2.39266e-01  1.97825e-01  1.55540e-01
  1.12426e-01  6.85010e-02  2.37813e-02 -2.17142e-02 -6.79659e-02 -1.14953e-01
 -1.62654e-01 -2.11046e-01 -2.60105e-01 -3.09806e-01 -3.60123e-01 -4.11030e-01
 -4.62497e-01 -5.14498e-01 -5.67000e-01 -6.19974e-01 -6.73388e-01 -7.27208e-01
 -7.81402e-01 -8.35934e-01 -8.90769e-01 -9.45871e-01 -1.00120e+00 -1.05673e+00
 -1.11240e+00 -1.16819e+00 -1.22405e+00 -1.27994e+00 -1.33583e+00 -1.39166e+00
 -1.44740e+00 -1.50300e+00 -1.55842e+00 -1.61361e+00 -1.66853e+00 -1.72314e+00
 -1.77739e+00 -1.83123e+00 -1.88461e+00 -1.93750e+00 -1.98985e+00 -2.04160e+00
 -2.09272e+00 -2.14315e+00 -2.19285e+00 -2.24178e+00 -2.28988e+00 -2.33712e+00
 -2.38344e+00 -2.42881e+00 -2.47317e+00 -2.51649e+00 -2.55871e+00 -2.59980e+00
 -2.63972e+00 -2.67841e+00 -2.71585e+00 -2.75199e+00 -2.78679e+00 -2.82021e+00
 -2.85222e+00 -2.88277e+00 -2.91185e+00 -2.93940e+00 -2.96540e+00 -2.98981e+00
 -3.01261e+00 -3.03377e+00 -3.05325e+00 -3.07104e+00 -3.08711e+00 -3.10143e+00
 -3.11399e+00 -3.12477e+00 -3.13374e+00 -3.14089e+00 -3.14621e+00 -3.14968e+00
 -3.15130e+00 -3.15106e+00 -3.14894e+00 -3.14494e+00 -3.13907e+00 -3.13131e+00
 -3.12168e+00 -3.11017e+00 -3.09678e+00 -3.08153e+00 -3.06443e+00 -3.04548e+00
 -3.02470e+00 -3.00211e+00 -2.97771e+00 -2.95153e+00 -2.92360e+00 -2.89393e+00
 -2.86255e+00 -2.82948e+00 -2.79476e+00 -2.75841e+00 -2.72047e+00 -2.68097e+00
 -2.63994e+00 -2.59743e+00 -2.55348e+00 -2.50812e+00 -2.46139e+00 -2.41335e+00
 -2.36403e+00 -2.31348e+00 -2.26175e+00 -2.20889e+00 -2.15494e+00 -2.09997e+00
 -2.04401e+00 -1.98713e+00 -1.92937e+00 -1.87080e+00 -1.81147e+00 -1.75142e+00
 -1.69073e+00 -1.62944e+00 -1.56762e+00 -1.50531e+00 -1.44259e+00 -1.37950e+00
 -1.31610e+00 -1.25245e+00 -1.18862e+00 -1.12465e+00 -1.06060e+00 -9.96529e-01
 -9.32497e-01 -8.68557e-01 -8.04764e-01 -7.41173e-01 -6.77837e-01 -6.14810e-01
 -5.52144e-01 -4.89889e-01 -4.28097e-01 -3.66817e-01 -3.06097e-01 -2.45984e-01
 -1.86523e-01 -1.27760e-01 -6.97379e-02 -1.24984e-02  4.39176e-02  9.94709e-02
  1.54124e-01  2.07839e-01  2.60583e-01  3.12322e-01  3.63023e-01  4.12657e-01
  4.61194e-01  5.08608e-01  5.54872e-01  5.99964e-01  6.43859e-01  6.86538e-01
  7.27982e-01  7.68171e-01  8.07091e-01  8.44727e-01  8.81066e-01  9.16097e-01
  9.49808e-01  9.82193e-01  1.01324e+00  1.04295e+00  1.07132e+00  1.09834e+00
  1.12402e+00  1.14834e+00  1.17132e+00  1.19296e+00  1.21325e+00  1.23222e+00
  1.24985e+00  1.26617e+00  1.28117e+00  1.29487e+00  1.30728e+00  1.31841e+00
  1.32827e+00  1.33688e+00  1.34425e+00  1.35040e+00  1.35534e+00  1.35910e+00
  1.36168e+00  1.36310e+00  1.36340e+00  1.36258e+00  1.36066e+00  1.35767e+00
  1.35363e+00  1.34856e+00  1.34248e+00  1.33541e+00  1.32739e+00  1.31842e+00
  1.30854e+00  1.29778e+00  1.28614e+00  1.27367e+00  1.26037e+00  1.24629e+00
  1.23144e+00  1.21585e+00  1.19954e+00  1.18255e+00  1.16489e+00  1.14658e+00
  1.12767e+00  1.10817e+00  1.08810e+00  1.06750e+00  1.04638e+00  1.02478e+00
  1.00272e+00  9.80218e-01  9.57308e-01  9.34010e-01  9.10351e-01  8.86355e-01
  8.62045e-01  8.37446e-01  8.12582e-01  7.87477e-01  7.62154e-01  7.36636e-01
  7.10945e-01  6.85107e-01  6.59141e-01  6.33070e-01  6.06917e-01  5.80703e-01
  5.54448e-01  5.28175e-01  5.01904e-01  4.75654e-01  4.49447e-01  4.23302e-01
  3.97237e-01  3.71272e-01  3.45426e-01  3.19717e-01  2.94163e-01  2.68780e-01
  2.43587e-01  2.18600e-01  1.93835e-01  1.69309e-01  1.45036e-01  1.21032e-01
  9.73109e-02  7.38878e-02  5.07760e-02  2.79889e-02  5.53938e-03 -1.65600e-02
 -3.82973e-02 -5.96610e-02 -8.06399e-02 -1.01223e-01 -1.21401e-01 -1.41164e-01
 -1.60502e-01 -1.79406e-01 -1.97869e-01 -2.15883e-01 -2.33439e-01 -2.50532e-01
 -2.67154e-01 -2.83301e-01 -2.98966e-01 -3.14145e-01 -3.28833e-01 -3.43027e-01
 -3.56723e-01 -3.69918e-01 -3.82609e-01 -3.94795e-01 -4.06473e-01 -4.17643e-01
 -4.28304e-01 -4.38457e-01 -4.48100e-01 -4.57235e-01 -4.65863e-01 -4.73986e-01
 -4.81606e-01 -4.88725e-01 -4.95347e-01 -5.01474e-01 -5.07110e-01 -5.12260e-01
 -5.16928e-01 -5.21118e-01 -5.24837e-01 -5.28089e-01 -5.30881e-01 -5.33219e-01
 -5.35110e-01 -5.36560e-01 -5.37577e-01 -5.38168e-01 -5.38341e-01 -5.38105e-01
 -5.37468e-01 -5.36438e-01 -5.35024e-01 -5.33236e-01 -5.31083e-01 -5.28574e-01
 -5.25719e-01 -5.22528e-01 -5.19011e-01 -5.15178e-01 -5.11040e-01 -5.06607e-01
 -5.01890e-01 -4.96898e-01 -4.91644e-01 -4.86137e-01 -4.80389e-01 -4.74409e-01
 -4.68210e-01 -4.61802e-01 -4.55196e-01 -4.48403e-01 -4.41433e-01 -4.34298e-01
 -4.27008e-01 -4.19573e-01 -4.12005e-01 -4.04314e-01 -3.96510e-01 -3.88603e-01
 -3.80603e-01 -3.72521e-01 -3.64367e-01 -3.56150e-01 -3.47879e-01 -3.39564e-01
 -3.31215e-01 -3.22839e-01 -3.14447e-01 -3.06045e-01 -2.97644e-01 -2.89250e-01
 -2.80872e-01 -2.72516e-01 -2.64191e-01 -2.55904e-01 -2.47661e-01 -2.39469e-01
 -2.31334e-01 -2.23263e-01 -2.15261e-01 -2.07334e-01 -1.99487e-01 -1.91725e-01
 -1.84053e-01 -1.76475e-01 -1.68996e-01 -1.61618e-01 -1.54345e-01 -1.47182e-01
 -1.40131e-01 -1.33194e-01 -1.26375e-01 -1.19675e-01 -1.13097e-01 -1.06643e-01
 -1.00313e-01 -9.41084e-02 -8.80312e-02 -8.20814e-02 -7.62596e-02 -7.05660e-02
 -6.50006e-02 -5.95631e-02 -5.42532e-02 -4.90703e-02 -4.40133e-02 -3.90814e-02
 -3.42733e-02 -2.95874e-02 -2.50221e-02 -2.05755e-02 -1.62458e-02 -1.20307e-02
 -7.92798e-03 -3.93519e-03 -4.97441e-05  3.73108e-03  7.41012e-03  1.09903e-02
  1.44748e-02  1.78668e-02  2.11694e-02  2.43860e-02  2.75202e-02  3.05753e-02
  3.35549e-02  3.64626e-02  3.93022e-02  4.20772e-02  4.47915e-02  4.74489e-02
  5.00532e-02  5.26081e-02  5.51175e-02  5.75853e-02  6.00152e-02  6.24110e-02
  6.47764e-02  6.71152e-02  6.94311e-02  7.17277e-02  7.40086e-02  7.62773e-02
  7.85373e-02  8.07921e-02  8.30448e-02  8.52989e-02  8.75575e-02  8.98236e-02
  9.21004e-02  9.43907e-02  9.66974e-02  9.90233e-02  1.01371e-01  1.03743e-01
  1.06142e-01  1.08570e-01  1.11029e-01  1.13522e-01  1.16050e-01  1.18615e-01
  1.21219e-01  1.23864e-01  1.26551e-01  1.29281e-01  1.32056e-01  1.34876e-01
  1.37743e-01  1.40658e-01  1.43621e-01  1.46634e-01  1.49695e-01  1.52807e-01
  1.55969e-01  1.59182e-01  1.62445e-01  1.65759e-01  1.69123e-01  1.72537e-01
  1.76001e-01  1.79514e-01  1.83075e-01  1.86685e-01  1.90341e-01  1.94044e-01
  1.97791e-01  2.01583e-01  2.05417e-01  2.09293e-01  2.13209e-01  2.17164e-01
  2.21156e-01  2.25183e-01  2.29244e-01  2.33337e-01  2.37459e-01  2.41610e-01
  2.45787e-01  2.49987e-01  2.54209e-01  2.58451e-01  2.62709e-01  2.66982e-01
  2.71266e-01  2.75560e-01  2.79861e-01  2.84166e-01  2.88472e-01  2.92777e-01
  2.97078e-01  3.01371e-01  3.05654e-01  3.09923e-01  3.14177e-01  3.18411e-01
  3.22623e-01  3.26809e-01  3.30967e-01  3.35092e-01  3.39183e-01  3.43235e-01
  3.47245e-01  3.51211e-01  3.55127e-01  3.58993e-01  3.62803e-01  3.66554e-01
  3.70244e-01  3.73870e-01  3.77427e-01  3.80912e-01  3.84323e-01  3.87656e-01
  3.90909e-01  3.94077e-01  3.97159e-01  4.00150e-01  4.03048e-01  4.05850e-01
  4.08554e-01  4.11156e-01  4.13654e-01  4.16046e-01  4.18328e-01  4.20498e-01
  4.22555e-01  4.24495e-01  4.26317e-01  4.28018e-01  4.29597e-01  4.31052e-01
  4.32381e-01  4.33583e-01  4.34656e-01  4.35598e-01  4.36410e-01  4.37090e-01
  4.37636e-01  4.38048e-01  4.38326e-01  4.38469e-01  4.38476e-01  4.38348e-01
  4.38084e-01  4.37685e-01  4.37149e-01  4.36479e-01  4.35675e-01  4.34736e-01
  4.33665e-01  4.32462e-01  4.31128e-01  4.29664e-01  4.28072e-01  4.26354e-01
  4.24510e-01  4.22544e-01  4.20456e-01  4.18249e-01  4.15926e-01  4.13488e-01
  4.10938e-01  4.08278e-01  4.05512e-01  4.02642e-01  3.99671e-01  3.96601e-01
  3.93438e-01  3.90182e-01  3.86838e-01  3.83408e-01  3.79898e-01  3.76309e-01
  3.72646e-01  3.68912e-01  3.65110e-01  3.61246e-01  3.57322e-01  3.53343e-01
  3.49312e-01  3.45233e-01  3.41110e-01  3.36947e-01  3.32747e-01  3.28516e-01
  3.24257e-01  3.19973e-01  3.15668e-01  3.11347e-01  3.07013e-01  3.02671e-01
  2.98323e-01  2.93973e-01  2.89626e-01  2.85285e-01  2.80953e-01  2.76633e-01
  2.72330e-01  2.68047e-01  2.63786e-01  2.59551e-01  2.55346e-01  2.51172e-01
  2.47033e-01  2.42931e-01  2.38870e-01  2.34851e-01  2.30877e-01  2.26951e-01
  2.23074e-01  2.19249e-01  2.15478e-01  2.11763e-01  2.08105e-01  2.04506e-01
  2.00968e-01  1.97491e-01  1.94078e-01  1.90729e-01  1.87445e-01  1.84227e-01
  1.81077e-01  1.77994e-01  1.74979e-01  1.72033e-01  1.69156e-01  1.66349e-01
  1.63610e-01  1.60941e-01  1.58341e-01  1.55811e-01  1.53349e-01  1.50956e-01
  1.48630e-01  1.46372e-01  1.44181e-01  1.42055e-01  1.39994e-01  1.37998e-01
  1.36065e-01  1.34193e-01  1.32383e-01  1.30632e-01  1.28940e-01  1.27304e-01
  1.25725e-01  1.24199e-01  1.22726e-01  1.21304e-01  1.19932e-01  1.18607e-01
  1.17327e-01  1.16092e-01  1.14900e-01  1.13748e-01  1.12634e-01  1.11557e-01
  1.10515e-01  1.09505e-01  1.08527e-01  1.07577e-01  1.06653e-01  1.05754e-01
  1.04878e-01  1.04022e-01  1.03184e-01  1.02362e-01  1.01554e-01  1.00758e-01
  9.99718e-02  9.91930e-02  9.84195e-02  9.76492e-02  9.68799e-02  9.61095e-02
  9.53360e-02  9.45571e-02  9.37710e-02  9.29755e-02  9.21686e-02  9.13483e-02
  9.05127e-02  8.96597e-02  8.87875e-02  8.78941e-02  8.69776e-02  8.60362e-02
  8.50681e-02  8.40714e-02  8.30444e-02  8.19854e-02  8.08928e-02  7.97649e-02
  7.86004e-02  7.73976e-02  7.61552e-02  7.48717e-02  7.35459e-02  7.21764e-02
  7.07621e-02  6.93016e-02  6.77939e-02  6.62379e-02  6.46326e-02  6.29771e-02
  6.12705e-02  5.95119e-02  5.77007e-02  5.58362e-02  5.39179e-02  5.19450e-02
  4.99172e-02  4.78341e-02  4.56954e-02  4.35009e-02  4.12503e-02  3.89435e-02
  3.65806e-02  3.41616e-02  3.16866e-02  2.91558e-02  2.65694e-02  2.39278e-02
  2.12314e-02  1.84807e-02  1.56761e-02  1.28185e-02  9.90854e-03  6.94703e-03
  3.93491e-03  8.73200e-04 -2.23703e-03 -5.39463e-03 -8.59837e-03 -1.18470e-02
 -1.51390e-02 -1.84731e-02 -2.18478e-02 -2.52613e-02 -2.87121e-02 -3.21984e-02
 -3.57182e-02 -3.92697e-02 -4.28509e-02 -4.64595e-02 -5.00935e-02 -5.37506e-02
 -5.74286e-02 -6.11250e-02 -6.48375e-02 -6.85636e-02 -7.23007e-02 -7.60462e-02
 -7.97974e-02 -8.35517e-02 -8.73061e-02 -9.10580e-02 -9.48044e-02 -9.85423e-02
 -1.02269e-01 -1.05981e-01 -1.09675e-01 -1.13349e-01 -1.16999e-01 -1.20623e-01
 -1.24216e-01 -1.27776e-01 -1.31300e-01 -1.34784e-01 -1.38225e-01 -1.41620e-01
 -1.44966e-01 -1.48260e-01 -1.51497e-01 -1.54676e-01 -1.57793e-01 -1.60844e-01
 -1.63828e-01 -1.66740e-01 -1.69578e-01 -1.72338e-01 -1.75019e-01 -1.77616e-01
 -1.80127e-01 -1.82550e-01 -1.84881e-01 -1.87119e-01 -1.89260e-01 -1.91301e-01
 -1.93242e-01 -1.95078e-01 -1.96809e-01 -1.98432e-01 -1.99945e-01 -2.01346e-01
 -2.02633e-01 -2.03805e-01 -2.04859e-01 -2.05795e-01 -2.06612e-01 -2.07307e-01
 -2.07880e-01 -2.08330e-01 -2.08656e-01 -2.08858e-01 -2.08934e-01 -2.08885e-01
 -2.08710e-01 -2.08409e-01 -2.07982e-01 -2.07429e-01 -2.06751e-01 -2.05948e-01
 -2.05021e-01 -2.03969e-01 -2.02795e-01 -2.01499e-01 -2.00082e-01 -1.98545e-01
 -1.96891e-01 -1.95120e-01 -1.93234e-01 -1.91236e-01 -1.89127e-01 -1.86909e-01
 -1.84585e-01 -1.82157e-01 -1.79627e-01 -1.76999e-01 -1.74275e-01 -1.71457e-01
 -1.68550e-01 -1.65556e-01 -1.62478e-01 -1.59319e-01 -1.56084e-01 -1.52775e-01
 -1.49397e-01 -1.45952e-01 -1.42444e-01 -1.38878e-01 -1.35256e-01 -1.31584e-01
 -1.27864e-01 -1.24101e-01 -1.20299e-01 -1.16461e-01 -1.12592e-01 -1.08697e-01
 -1.04778e-01 -1.00840e-01 -9.68879e-02 -9.29244e-02 -8.89542e-02 -8.49810e-02
 -8.10088e-02 -7.70416e-02 -7.30833e-02 -6.91374e-02 -6.52078e-02 -6.12982e-02
 -5.74121e-02 -5.35530e-02 -4.97245e-02 -4.59297e-02 -4.21720e-02 -3.84545e-02
 -3.47802e-02 -3.11520e-02 -2.75727e-02 -2.40450e-02 -2.05714e-02 -1.71543e-02
 -1.37960e-02 -1.04987e-02 -7.26428e-03 -4.09476e-03 -9.91853e-04  2.04279e-03
  5.00769e-03  7.90148e-03  1.07229e-02  1.34710e-02  1.61448e-02  1.87434e-02
  2.12662e-02  2.37128e-02  2.60828e-02  2.83759e-02  3.05921e-02  3.27314e-02
  3.47940e-02  3.67801e-02  3.86902e-02  4.05249e-02  4.22846e-02  4.39703e-02
  4.55827e-02  4.71227e-02  4.85914e-02  4.99899e-02  5.13195e-02  5.25814e-02
  5.37771e-02  5.49079e-02  5.59756e-02  5.69817e-02  5.79280e-02  5.88162e-02
  5.96481e-02  6.04256e-02  6.11504e-02  6.18246e-02  6.24500e-02  6.30286e-02
  6.35624e-02  6.40533e-02  6.45032e-02  6.49143e-02  6.52885e-02  6.56279e-02
  6.59344e-02  6.62100e-02  6.64568e-02  6.66767e-02  6.68715e-02  6.70433e-02
  6.71938e-02  6.73249e-02  6.74384e-02  6.75359e-02  6.76192e-02  6.76900e-02
  6.77497e-02  6.78000e-02  6.78423e-02  6.78780e-02  6.79086e-02  6.79352e-02
  6.79592e-02  6.79816e-02  6.80037e-02  6.80265e-02  6.80508e-02  6.80777e-02
  6.81078e-02  6.81420e-02  6.81810e-02  6.82253e-02  6.82754e-02  6.83319e-02
  6.83950e-02  6.84651e-02  6.85424e-02  6.86271e-02  6.87192e-02  6.88189e-02
  6.89262e-02  6.90409e-02  6.91630e-02  6.92922e-02  6.94283e-02  6.95709e-02
  6.97197e-02  6.98742e-02  7.00340e-02  7.01984e-02  7.03669e-02  7.05389e-02
  7.07138e-02  7.08908e-02  7.10692e-02  7.12483e-02  7.14272e-02  7.16051e-02
  7.17811e-02  7.19544e-02  7.21239e-02  7.22887e-02  7.24479e-02  7.26003e-02
  7.27450e-02  7.28811e-02  7.30074e-02  7.31230e-02  7.32267e-02  7.33176e-02
  7.33946e-02  7.34566e-02  7.35025e-02  7.35314e-02  7.35420e-02  7.35332e-02
  7.35042e-02  7.34537e-02  7.33807e-02  7.32842e-02  7.31630e-02  7.30162e-02
  7.28428e-02  7.26417e-02  7.24121e-02  7.21529e-02  7.18633e-02  7.15422e-02
  7.11889e-02  7.08024e-02  7.03818e-02  6.99265e-02  6.94355e-02  6.89081e-02
  6.83436e-02  6.77413e-02  6.71005e-02  6.64205e-02  6.57009e-02  6.49410e-02
  6.41403e-02  6.32983e-02  6.24146e-02  6.14888e-02  6.05203e-02  5.95090e-02
  5.84546e-02  5.73568e-02  5.62155e-02  5.50305e-02  5.38018e-02  5.25293e-02
  5.12133e-02  4.98537e-02  4.84507e-02  4.70046e-02  4.55155e-02  4.39838e-02
  4.24098e-02  4.07940e-02  3.91367e-02  3.74386e-02  3.57001e-02  3.39221e-02
  3.21051e-02  3.02501e-02  2.83578e-02  2.64293e-02  2.44654e-02  2.24672e-02
  2.04358e-02  1.83724e-02  1.62781e-02  1.41542e-02  1.20020e-02  9.82272e-03
  7.61790e-03  5.38895e-03  3.13736e-03  8.64696e-04 -1.42744e-03 -3.73741e-03
 -6.06353e-03 -8.40410e-03 -1.07574e-02 -1.31216e-02 -1.54949e-02 -1.78756e-02
 -2.02617e-02 -2.26515e-02 -2.50430e-02 -2.74343e-02 -2.98235e-02 -3.22087e-02
 -3.45878e-02 -3.69591e-02 -3.93204e-02 -4.16699e-02 -4.40057e-02 -4.63259e-02
 -4.86284e-02 -5.09115e-02 -5.31732e-02 -5.54118e-02 -5.76253e-02 -5.98120e-02
 -6.19700e-02 -6.40978e-02 -6.61935e-02 -6.82555e-02 -7.02823e-02 -7.22721e-02
 -7.42236e-02 -7.61352e-02 -7.80055e-02 -7.98330e-02 -8.16166e-02 -8.33547e-02
 -8.50463e-02 -8.66902e-02 -8.82851e-02 -8.98303e-02 -9.13246e-02 -9.27672e-02
 -9.41573e-02 -9.54942e-02 -9.67771e-02 -9.80055e-02 -9.91789e-02 -1.00297e-01
 -1.01358e-01 -1.02364e-01 -1.03313e-01 -1.04205e-01 -1.05040e-01 -1.05818e-01
 -1.06539e-01 -1.07202e-01 -1.07809e-01 -1.08359e-01 -1.08853e-01 -1.09290e-01
 -1.09672e-01 -1.09999e-01 -1.10271e-01 -1.10489e-01 -1.10653e-01 -1.10764e-01
 -1.10824e-01 -1.10832e-01 -1.10789e-01 -1.10697e-01 -1.10555e-01 -1.10366e-01
 -1.10130e-01 -1.09848e-01 -1.09521e-01 -1.09150e-01 -1.08737e-01 -1.08282e-01
 -1.07787e-01 -1.07252e-01 -1.06680e-01 -1.06071e-01 -1.05427e-01 -1.04748e-01
 -1.04036e-01 -1.03293e-01 -1.02519e-01 -1.01715e-01 -1.00884e-01 -1.00026e-01
 -9.91429e-02 -9.82355e-02 -9.73054e-02 -9.63538e-02 -9.53820e-02 -9.43911e-02
 -9.33825e-02 -9.23573e-02 -9.13168e-02 -9.02620e-02 -8.91943e-02 -8.81146e-02
 -8.70243e-02 -8.59243e-02 -8.48157e-02 -8.36997e-02 -8.25772e-02 -8.14493e-02
 -8.03169e-02 -7.91811e-02 -7.80426e-02 -7.69025e-02 -7.57615e-02 -7.46204e-02
 -7.34801e-02 -7.23414e-02 -7.12049e-02 -7.00715e-02 -6.89417e-02 -6.78162e-02
 -6.66957e-02 -6.55808e-02 -6.44721e-02 -6.33700e-02 -6.22752e-02 -6.11881e-02
 -6.01092e-02 -5.90389e-02 -5.79776e-02 -5.69256e-02 -5.58834e-02 -5.48511e-02
 -5.38291e-02 -5.28175e-02 -5.18166e-02 -5.08264e-02 -4.98473e-02 -4.88792e-02
 -4.79223e-02 -4.69766e-02 -4.60421e-02 -4.51190e-02 -4.42070e-02 -4.33062e-02
 -4.24164e-02 -4.15377e-02 -4.06697e-02 -3.98123e-02 -3.89653e-02 -3.81286e-02
 -3.73019e-02 -3.64850e-02 -3.56775e-02 -3.48792e-02 -3.40898e-02 -3.33089e-02
 -3.25362e-02 -3.17712e-02 -3.10136e-02 -3.02630e-02 -2.95187e-02 -2.87805e-02
 -2.80476e-02 -2.73198e-02 -2.65963e-02 -2.58766e-02 -2.51603e-02 -2.44468e-02
 -2.37355e-02 -2.30259e-02 -2.23173e-02 -2.16093e-02 -2.09012e-02 -2.01925e-02
 -1.94825e-02 -1.87707e-02 -1.80565e-02 -1.73391e-02 -1.66182e-02 -1.58929e-02
 -1.51628e-02 -1.44271e-02 -1.36854e-02 -1.29369e-02 -1.21812e-02 -1.14176e-02
 -1.06456e-02 -9.86456e-03 -9.07408e-03 -8.27361e-03 -7.46266e-03 -6.64079e-03
 -5.80755e-03 -4.96252e-03 -4.10528e-03 -3.23544e-03 -2.35261e-03 -1.45643e-03
 -5.46564e-04  3.77334e-04  1.31557e-03  2.26842e-03  3.23614e-03  4.21892e-03
  5.21695e-03  6.23036e-03  7.25924e-03  8.30364e-03  9.36357e-03  1.04390e-02
  1.15300e-02  1.26364e-02  1.37581e-02  1.48951e-02  1.60473e-02  1.72143e-02
  1.83962e-02  1.95927e-02  2.08034e-02  2.20282e-02  2.32667e-02  2.45185e-02
  2.57831e-02  2.70602e-02  2.83493e-02  2.96499e-02  3.09614e-02  3.22832e-02
  3.36149e-02  3.49558e-02  3.63053e-02  3.76628e-02  3.90275e-02  4.03989e-02
  4.17761e-02  4.31586e-02  4.45454e-02  4.59360e-02  4.73293e-02  4.87247e-02
  5.01213e-02  5.15182e-02  5.29146e-02  5.43096e-02  5.57022e-02  5.70916e-02
  5.84768e-02  5.98570e-02  6.12311e-02  6.25984e-02  6.39578e-02  6.53085e-02
  6.66494e-02  6.79797e-02  6.92983e-02  7.06044e-02  7.18970e-02  7.31751e-02
  7.44377e-02  7.56840e-02  7.69129e-02  7.81236e-02  7.93152e-02  8.04867e-02
  8.16374e-02  8.27661e-02  8.38723e-02  8.49548e-02  8.60130e-02  8.70459e-02
  8.80527e-02  8.90326e-02  8.99848e-02  9.09085e-02  9.18029e-02  9.26673e-02
  9.35009e-02  9.43030e-02  9.50729e-02  9.58101e-02  9.65136e-02  9.71830e-02
  9.78176e-02  9.84168e-02  9.89799e-02  9.95065e-02  9.99959e-02  1.00448e-01
  1.00861e-01  1.01236e-01  1.01571e-01  1.01867e-01  1.02123e-01  1.02338e-01
  1.02512e-01  1.02645e-01  1.02737e-01  1.02786e-01  1.02793e-01  1.02757e-01
  1.02679e-01  1.02557e-01  1.02393e-01  1.02184e-01  1.01932e-01  1.01637e-01
  1.01297e-01  1.00913e-01  1.00485e-01  1.00013e-01  9.94961e-02  9.89353e-02
  9.83303e-02  9.76812e-02  9.69881e-02  9.62512e-02  9.54706e-02  9.46466e-02
  9.37793e-02  9.28690e-02  9.19160e-02  9.09205e-02  8.98830e-02  8.88038e-02
  8.76832e-02  8.65218e-02  8.53200e-02  8.40783e-02  8.27973e-02  8.14776e-02
  8.01198e-02  7.87245e-02  7.72925e-02  7.58245e-02  7.43213e-02  7.27836e-02
  7.12122e-02  6.96080e-02  6.79719e-02  6.63049e-02  6.46078e-02  6.28816e-02
  6.11274e-02  5.93463e-02  5.75392e-02  5.57074e-02  5.38520e-02  5.19740e-02
  5.00747e-02  4.81553e-02  4.62169e-02  4.42608e-02  4.22881e-02  4.03002e-02
  3.82981e-02  3.62833e-02  3.42569e-02  3.22204e-02  3.01749e-02  2.81218e-02
  2.60624e-02  2.39981e-02  2.19300e-02  1.98595e-02  1.77879e-02  1.57165e-02
  1.36464e-02  1.15790e-02  9.51540e-03  7.45686e-03  5.40455e-03  3.35962e-03
  1.32321e-03 -7.03571e-04 -2.71963e-03 -4.72391e-03 -6.71536e-03 -8.69300e-03
 -1.06559e-02 -1.26030e-02 -1.45336e-02 -1.64466e-02 -1.83414e-02 -2.02171e-02
 -2.20730e-02 -2.39084e-02 -2.57226e-02 -2.75150e-02 -2.92850e-02 -3.10321e-02
 -3.27558e-02 -3.44557e-02 -3.61313e-02 -3.77824e-02 -3.94085e-02 -4.10096e-02
 -4.25852e-02 -4.41352e-02 -4.56595e-02 -4.71580e-02 -4.86305e-02 -5.00770e-02
 -5.14974e-02 -5.28918e-02 -5.42602e-02 -5.56026e-02 -5.69192e-02 -5.82102e-02
 -5.94755e-02 -6.07156e-02 -6.19306e-02 -6.31207e-02 -6.42862e-02 -6.54274e-02
 -6.65446e-02 -6.76380e-02 -6.87081e-02 -6.97551e-02 -7.07793e-02 -7.17811e-02
 -7.27609e-02 -7.37189e-02 -7.46557e-02 -7.55714e-02 -7.64666e-02 -7.73415e-02
 -7.81965e-02 -7.90320e-02 -7.98483e-02 -8.06457e-02 -8.14245e-02 -8.21849e-02
 -8.29273e-02 -8.36520e-02 -8.43591e-02 -8.50488e-02 -8.57215e-02 -8.63773e-02
 -8.70164e-02 -8.76390e-02 -8.82452e-02 -8.88351e-02 -8.94088e-02 -8.99664e-02
 -9.05079e-02 -9.10334e-02 -9.15427e-02 -9.20360e-02 -9.25131e-02 -9.29739e-02
 -9.34185e-02 -9.38466e-02 -9.42583e-02 -9.46532e-02 -9.50312e-02 -9.53921e-02
 -9.57357e-02 -9.60618e-02 -9.63700e-02 -9.66601e-02 -9.69318e-02 -9.71848e-02
 -9.74188e-02 -9.76335e-02 -9.78285e-02 -9.80034e-02 -9.81580e-02 -9.82918e-02
 -9.84043e-02 -9.84954e-02 -9.85645e-02 -9.86113e-02 -9.86352e-02 -9.86361e-02
 -9.86133e-02 -9.85667e-02 -9.84956e-02 -9.83998e-02 -9.82789e-02 -9.81324e-02
 -9.79599e-02 -9.77612e-02 -9.75358e-02 -9.72833e-02 -9.70033e-02 -9.66956e-02
 -9.63598e-02 -9.59955e-02 -9.56024e-02 -9.51804e-02 -9.47289e-02 -9.42479e-02
 -9.37370e-02 -9.31961e-02 -9.26249e-02 -9.20233e-02 -9.13910e-02 -9.07280e-02
 -9.00341e-02 -8.93091e-02 -8.85531e-02 -8.77659e-02 -8.69474e-02 -8.60976e-02
 -8.52165e-02 -8.43040e-02 -8.33603e-02 -8.23852e-02 -8.13789e-02 -8.03415e-02
 -7.92731e-02 -7.81737e-02 -7.70437e-02 -7.58832e-02 -7.46923e-02 -7.34713e-02
 -7.22205e-02 -7.09402e-02 -6.96305e-02 -6.82919e-02 -6.69245e-02 -6.55290e-02
 -6.41055e-02 -6.26545e-02 -6.11764e-02 -5.96717e-02 -5.81408e-02 -5.65842e-02
 -5.50023e-02 -5.33958e-02 -5.17652e-02 -5.01110e-02 -4.84337e-02 -4.67341e-02
 -4.50128e-02 -4.32703e-02 -4.15073e-02 -3.97245e-02 -3.79225e-02 -3.61021e-02
 -3.42640e-02 -3.24089e-02 -3.05376e-02 -2.86509e-02 -2.67495e-02 -2.48343e-02
 -2.29062e-02 -2.09659e-02 -1.90144e-02 -1.70526e-02 -1.50813e-02 -1.31014e-02
 -1.11139e-02 -9.11962e-03 -7.11959e-03 -5.11472e-03 -3.10596e-03 -1.09428e-03
  9.19345e-04  2.93393e-03  4.94847e-03  6.96197e-03  8.97341e-03  1.09818e-02
  1.29860e-02  1.49851e-02  1.69780e-02  1.89637e-02  2.09409e-02  2.29088e-02
  2.48661e-02  2.68118e-02  2.87449e-02  3.06642e-02  3.25687e-02  3.44573e-02
  3.63291e-02  3.81829e-02  4.00178e-02  4.18326e-02  4.36264e-02  4.53980e-02
  4.71464e-02  4.88706e-02  5.05695e-02  5.22420e-02  5.38870e-02  5.55037e-02
  5.70909e-02  5.86476e-02  6.01730e-02  6.16661e-02  6.31259e-02  6.45515e-02
  6.59421e-02  6.72966e-02  6.86143e-02  6.98942e-02  7.11355e-02  7.23374e-02
  7.34990e-02  7.46195e-02  7.56981e-02  7.67342e-02  7.77270e-02  7.86757e-02
  7.95799e-02  8.04387e-02  8.12516e-02  8.20180e-02  8.27374e-02  8.34092e-02
  8.40329e-02  8.46080e-02  8.51341e-02  8.56108e-02  8.60376e-02  8.64142e-02
  8.67404e-02  8.70157e-02  8.72401e-02  8.74133e-02  8.75351e-02  8.76054e-02
  8.76241e-02  8.75911e-02  8.75065e-02  8.73703e-02  8.71824e-02  8.69431e-02
  8.66523e-02  8.63104e-02  8.59174e-02  8.54737e-02  8.49795e-02  8.44352e-02
  8.38412e-02  8.31978e-02  8.25055e-02  8.17647e-02  8.09761e-02  8.01401e-02
  7.92574e-02  7.83285e-02  7.73543e-02  7.63353e-02  7.52724e-02  7.41663e-02
  7.30178e-02  7.18280e-02  7.05975e-02  6.93275e-02  6.80187e-02  6.66723e-02
  6.52892e-02  6.38704e-02  6.24172e-02  6.09306e-02  5.94118e-02  5.78619e-02
  5.62822e-02  5.46740e-02  5.30384e-02  5.13768e-02  4.96906e-02  4.79809e-02
  4.62493e-02  4.44970e-02  4.27255e-02  4.09362e-02  3.91305e-02  3.73099e-02
  3.54758e-02  3.36297e-02  3.17731e-02  2.99075e-02  2.80344e-02  2.61554e-02
  2.42720e-02  2.23858e-02  2.04984e-02  1.86112e-02  1.67259e-02  1.48440e-02
  1.29671e-02  1.10968e-02  9.23457e-03  7.38205e-03  5.54075e-03  3.71222e-03
  1.89798e-03  9.95615e-05 -1.68152e-03 -3.44376e-03 -5.18565e-03 -6.90573e-03
 -8.60253e-03 -1.02746e-02 -1.19204e-02 -1.35386e-02 -1.51278e-02 -1.66865e-02
 -1.82133e-02 -1.97070e-02 -2.11662e-02 -2.25896e-02 -2.39761e-02 -2.53242e-02
 -2.66330e-02 -2.79011e-02 -2.91275e-02 -3.03110e-02 -3.14506e-02 -3.25453e-02
 -3.35939e-02 -3.45956e-02 -3.55493e-02 -3.64541e-02 -3.73092e-02 -3.81138e-02
 -3.88671e-02 -3.95683e-02 -4.02167e-02 -4.08117e-02 -4.13527e-02 -4.18391e-02
 -4.22704e-02 -4.26460e-02 -4.29656e-02 -4.32288e-02 -4.34352e-02 -4.35845e-02
 -4.36765e-02 -4.37109e-02 -4.36876e-02 -4.36064e-02 -4.34673e-02 -4.32702e-02
 -4.30152e-02 -4.27024e-02 -4.23317e-02 -4.19035e-02 -4.14180e-02 -4.08753e-02
 -4.02759e-02 -3.96200e-02 -3.89081e-02 -3.81407e-02 -3.73181e-02 -3.64411e-02
 -3.55102e-02 -3.45260e-02 -3.34892e-02 -3.24006e-02 -3.12610e-02 -3.00711e-02
 -2.88319e-02 -2.75443e-02 -2.62092e-02 -2.48276e-02 -2.34007e-02 -2.19295e-02
 -2.04152e-02 -1.88591e-02 -1.72623e-02 -1.56262e-02 -1.39520e-02 -1.22412e-02
 -1.04952e-02 -8.71535e-03 -6.90317e-03 -5.06018e-03 -3.18794e-03 -1.28805e-03
  6.37843e-04  2.58806e-03  4.56090e-03  6.55458e-03  8.56735e-03  1.05974e-02
  1.26429e-02  1.47020e-02  1.67727e-02  1.88534e-02  2.09418e-02  2.30362e-02
  2.51345e-02  2.72347e-02  2.93347e-02  3.14325e-02  3.35260e-02  3.56131e-02
  3.76916e-02  3.97595e-02  4.18147e-02  4.38551e-02  4.58784e-02  4.78825e-02
  4.98654e-02  5.18249e-02  5.37587e-02  5.56647e-02  5.75409e-02  5.93850e-02
  6.11948e-02  6.29684e-02  6.47034e-02  6.63979e-02  6.80498e-02  6.96570e-02
  7.12175e-02  7.27293e-02  7.41904e-02  7.55989e-02  7.69529e-02  7.82505e-02
  7.94897e-02  8.06689e-02  8.17863e-02  8.28401e-02  8.38286e-02  8.47502e-02
  8.56034e-02  8.63866e-02  8.70984e-02  8.77373e-02  8.83021e-02  8.87914e-02
  8.92039e-02  8.95386e-02  8.97943e-02  8.99701e-02  9.00649e-02  9.00778e-02
  9.00082e-02  8.98553e-02  8.96185e-02  8.92972e-02  8.88910e-02  8.83997e-02
  8.78228e-02  8.71602e-02  8.64118e-02  8.55775e-02  8.46575e-02  8.36519e-02
  8.25609e-02  8.13848e-02  8.01242e-02  7.87795e-02  7.73514e-02  7.58406e-02
  7.42479e-02  7.25743e-02  7.08207e-02  6.89884e-02  6.70784e-02  6.50920e-02
  6.30305e-02  6.08956e-02  5.86886e-02  5.64112e-02  5.40652e-02  5.16524e-02
  4.91746e-02  4.66340e-02  4.40325e-02  4.13722e-02  3.86555e-02  3.58845e-02
  3.30617e-02  3.01895e-02  2.72703e-02  2.43066e-02  2.13012e-02  1.82566e-02
  1.51756e-02  1.20610e-02  8.91563e-03  5.74233e-03  2.54402e-03 -6.76355e-04
 -3.91584e-03 -7.17144e-03 -1.04401e-02 -1.37189e-02 -1.70046e-02 -2.02943e-02
 -2.35848e-02 -2.68730e-02 -3.01559e-02 -3.34303e-02 -3.66931e-02 -3.99412e-02
 -4.31717e-02 -4.63814e-02 -4.95673e-02 -5.27265e-02 -5.58559e-02 -5.89526e-02
 -6.20137e-02 -6.50364e-02 -6.80178e-02 -7.09550e-02 -7.38454e-02 -7.66863e-02
 -7.94751e-02 -8.22092e-02 -8.48860e-02 -8.75033e-02 -9.00585e-02 -9.25495e-02
 -9.49741e-02 -9.73300e-02 -9.96152e-02 -1.01828e-01 -1.03966e-01 -1.06028e-01
 -1.08011e-01 -1.09915e-01 -1.11737e-01 -1.13477e-01 -1.15133e-01 -1.16703e-01
 -1.18186e-01 -1.19582e-01 -1.20889e-01 -1.22106e-01 -1.23233e-01 -1.24269e-01
 -1.25214e-01 -1.26066e-01 -1.26825e-01 -1.27492e-01 -1.28065e-01 -1.28545e-01
 -1.28932e-01 -1.29225e-01 -1.29426e-01 -1.29533e-01 -1.29549e-01 -1.29472e-01
 -1.29304e-01 -1.29046e-01 -1.28697e-01 -1.28259e-01 -1.27733e-01 -1.27119e-01
 -1.26419e-01 -1.25634e-01 -1.24765e-01 -1.23814e-01 -1.22781e-01 -1.21668e-01
 -1.20478e-01 -1.19210e-01 -1.17868e-01 -1.16452e-01 -1.14965e-01 -1.13409e-01
 -1.11785e-01 -1.10095e-01 -1.08342e-01 -1.06527e-01 -1.04652e-01 -1.02720e-01
 -1.00733e-01 -9.86932e-02 -9.66027e-02 -9.44640e-02 -9.22794e-02 -9.00512e-02
 -8.77820e-02 -8.54741e-02 -8.31301e-02 -8.07523e-02 -7.83434e-02 -7.59059e-02
 -7.34422e-02 -7.09550e-02 -6.84468e-02 -6.59201e-02 -6.33775e-02 -6.08216e-02
 -5.82549e-02 -5.56799e-02 -5.30992e-02 -5.05153e-02 -4.79307e-02 -4.53480e-02
 -4.27696e-02 -4.01980e-02 -3.76356e-02 -3.50849e-02 -3.25483e-02 -3.00282e-02
 -2.75269e-02 -2.50468e-02 -2.25901e-02 -2.01591e-02 -1.77559e-02 -1.53827e-02
 -1.30417e-02 -1.07348e-02 -8.46418e-03 -6.23173e-03 -4.03941e-03 -1.88909e-03
  2.17386e-04  2.27825e-03  4.29177e-03  6.25629e-03  8.17021e-03  1.00320e-02
  1.18402e-02  1.35934e-02  1.52902e-02  1.69294e-02  1.85098e-02  2.00301e-02
  2.14894e-02  2.28865e-02  2.42206e-02  2.54908e-02  2.66962e-02  2.78361e-02
  2.89098e-02  2.99168e-02  3.08565e-02  3.17286e-02  3.25326e-02  3.32682e-02
  3.39353e-02  3.45336e-02  3.50632e-02  3.55241e-02  3.59162e-02  3.62399e-02
  3.64952e-02  3.66826e-02  3.68023e-02  3.68550e-02  3.68409e-02  3.67608e-02
  3.66153e-02  3.64051e-02  3.61310e-02  3.57938e-02  3.53944e-02  3.49339e-02
  3.44133e-02  3.38336e-02  3.31962e-02  3.25021e-02  3.17526e-02  3.09491e-02
  3.00931e-02  2.91858e-02  2.82289e-02  2.72238e-02  2.61721e-02  2.50756e-02
  2.39359e-02  2.27546e-02  2.15337e-02  2.02748e-02  1.89799e-02  1.76508e-02
  1.62893e-02  1.48975e-02  1.34773e-02  1.20306e-02  1.05594e-02  9.06589e-03
  7.55198e-03  6.01979e-03  4.47141e-03  2.90896e-03  1.33455e-03 -2.49658e-04
 -1.84152e-03 -3.43887e-03 -5.03954e-03 -6.64139e-03 -8.24225e-03 -9.83997e-03
 -1.14324e-02 -1.30174e-02 -1.45928e-02 -1.61565e-02 -1.77065e-02 -1.92405e-02
 -2.07566e-02 -2.22526e-02 -2.37265e-02 -2.51763e-02 -2.65999e-02 -2.79954e-02
 -2.93609e-02 -3.06944e-02 -3.19941e-02 -3.32580e-02 -3.44845e-02 -3.56716e-02
 -3.68178e-02 -3.79212e-02 -3.89802e-02 -3.99932e-02 -4.09586e-02 -4.18748e-02
 -4.27405e-02 -4.35542e-02 -4.43145e-02 -4.50201e-02 -4.56698e-02 -4.62624e-02
 -4.67966e-02 -4.72715e-02 -4.76859e-02 -4.80390e-02 -4.83298e-02 -4.85575e-02
 -4.87213e-02 -4.88205e-02 -4.88546e-02 -4.88229e-02 -4.87250e-02 -4.85605e-02
 -4.83291e-02 -4.80305e-02 -4.76644e-02 -4.72308e-02 -4.67295e-02 -4.61607e-02
 -4.55243e-02 -4.48206e-02 -4.40497e-02 -4.32121e-02 -4.23081e-02 -4.13382e-02
 -4.03029e-02 -3.92030e-02 -3.80390e-02 -3.68118e-02 -3.55222e-02 -3.41711e-02
 -3.27595e-02 -3.12884e-02 -2.97589e-02 -2.81721e-02 -2.65294e-02 -2.48319e-02
 -2.30811e-02 -2.12784e-02 -1.94252e-02 -1.75231e-02 -1.55737e-02 -1.35786e-02
 -1.15395e-02 -9.45820e-03 -7.33638e-03 -5.17591e-03 -2.97868e-03 -7.46598e-04
  1.51837e-03  3.81423e-03  6.13895e-03  8.49048e-03  1.08667e-02  1.32656e-02
  1.56850e-02  1.81227e-02  2.05767e-02  2.30448e-02  2.55249e-02  2.80147e-02
  3.05122e-02  3.30150e-02  3.55212e-02  3.80285e-02  4.05347e-02  4.30377e-02
  4.55353e-02  4.80254e-02  5.05059e-02  5.29747e-02  5.54297e-02  5.78689e-02
  6.02903e-02  6.26917e-02  6.50714e-02  6.74273e-02  6.97576e-02  7.20604e-02
  7.43339e-02  7.65763e-02  7.87859e-02  8.09610e-02  8.31000e-02  8.52013e-02
  8.72634e-02  8.92848e-02  9.12641e-02  9.31999e-02  9.50909e-02  9.69357e-02
  9.87333e-02  1.00482e-01  1.02182e-01  1.03831e-01  1.05428e-01  1.06973e-01
  1.08464e-01  1.09901e-01  1.11283e-01  1.12610e-01  1.13879e-01  1.15092e-01
  1.16248e-01  1.17345e-01  1.18384e-01  1.19365e-01  1.20286e-01  1.21148e-01
  1.21950e-01  1.22692e-01  1.23375e-01  1.23997e-01  1.24560e-01  1.25062e-01
  1.25505e-01  1.25888e-01  1.26211e-01  1.26475e-01  1.26679e-01  1.26824e-01
  1.26911e-01  1.26939e-01  1.26910e-01  1.26823e-01  1.26678e-01  1.26478e-01
  1.26221e-01  1.25908e-01  1.25540e-01  1.25118e-01  1.24642e-01  1.24113e-01
  1.23531e-01  1.22897e-01  1.22212e-01  1.21476e-01  1.20691e-01  1.19856e-01
  1.18973e-01  1.18042e-01  1.17065e-01  1.16041e-01  1.14972e-01  1.13859e-01
  1.12702e-01  1.11502e-01  1.10260e-01  1.08977e-01  1.07654e-01  1.06291e-01
  1.04889e-01  1.03450e-01  1.01974e-01  1.00462e-01  9.89146e-02  9.73332e-02
  9.57184e-02  9.40713e-02  9.23927e-02  9.06835e-02  8.89448e-02  8.71772e-02
  8.53819e-02  8.35598e-02  8.17117e-02  7.98386e-02  7.79414e-02  7.60211e-02
  7.40786e-02  7.21150e-02  7.01311e-02  6.81280e-02  6.61066e-02  6.40680e-02
  6.20131e-02  5.99430e-02  5.78586e-02  5.57611e-02  5.36513e-02  5.15304e-02
  4.93994e-02  4.72592e-02  4.51110e-02  4.29558e-02  4.07946e-02  3.86286e-02
  3.64589e-02  3.42863e-02  3.21122e-02  2.99374e-02  2.77632e-02  2.55906e-02
  2.34207e-02  2.12546e-02  1.90933e-02  1.69381e-02  1.47899e-02  1.26499e-02
  1.05192e-02  8.39895e-03  6.29013e-03  4.19387e-03  2.11125e-03  4.33302e-05
 -2.00882e-03 -4.04414e-03 -6.06158e-03 -8.06011e-03 -1.00387e-02 -1.19963e-02
 -1.39320e-02 -1.58448e-02 -1.77337e-02 -1.95977e-02 -2.14360e-02 -2.32475e-02
 -2.50315e-02 -2.67871e-02 -2.85133e-02 -3.02093e-02 -3.18744e-02 -3.35077e-02
 -3.51085e-02 -3.66761e-02 -3.82097e-02 -3.97087e-02 -4.11724e-02 -4.26003e-02
 -4.39918e-02 -4.53463e-02 -4.66633e-02 -4.79424e-02 -4.91829e-02 -5.03846e-02
 -5.15470e-02 -5.26697e-02 -5.37525e-02 -5.47950e-02 -5.57969e-02 -5.67581e-02
 -5.76784e-02 -5.85577e-02 -5.93958e-02 -6.01927e-02 -6.09483e-02 -6.16628e-02
 -6.23361e-02 -6.29683e-02 -6.35595e-02 -6.41098e-02 -6.46194e-02 -6.50886e-02
 -6.55175e-02 -6.59064e-02 -6.62556e-02 -6.65654e-02 -6.68363e-02 -6.70686e-02
 -6.72628e-02 -6.74193e-02 -6.75386e-02 -6.76213e-02 -6.76678e-02 -6.76788e-02
 -6.76548e-02 -6.75964e-02 -6.75042e-02 -6.73789e-02 -6.72210e-02 -6.70314e-02
 -6.68106e-02 -6.65594e-02 -6.62784e-02 -6.59685e-02 -6.56304e-02 -6.52649e-02
 -6.48727e-02 -6.44548e-02 -6.40118e-02 -6.35445e-02 -6.30538e-02 -6.25405e-02
 -6.20054e-02 -6.14493e-02 -6.08731e-02 -6.02774e-02 -5.96633e-02 -5.90313e-02
 -5.83824e-02 -5.77174e-02 -5.70370e-02 -5.63419e-02 -5.56331e-02 -5.49111e-02
 -5.41769e-02 -5.34310e-02 -5.26743e-02 -5.19074e-02 -5.11311e-02 -5.03459e-02
 -4.95527e-02 -4.87520e-02 -4.79444e-02 -4.71305e-02 -4.63109e-02 -4.54862e-02
 -4.46568e-02 -4.38234e-02 -4.29862e-02 -4.21460e-02 -4.13031e-02 -4.04579e-02
 -3.96109e-02 -3.87625e-02 -3.79130e-02 -3.70628e-02 -3.62123e-02 -3.53617e-02
 -3.45113e-02 -3.36614e-02 -3.28122e-02 -3.19640e-02 -3.11169e-02 -3.02710e-02
 -2.94267e-02 -2.85839e-02 -2.77429e-02 -2.69036e-02 -2.60662e-02 -2.52308e-02
 -2.43973e-02 -2.35658e-02 -2.27362e-02 -2.19086e-02 -2.10829e-02 -2.02592e-02
 -1.94373e-02 -1.86173e-02 -1.77991e-02 -1.69826e-02 -1.61678e-02 -1.53546e-02
 -1.45430e-02 -1.37327e-02 -1.29239e-02 -1.21163e-02 -1.13099e-02 -1.05045e-02
 -9.70021e-03 -8.89679e-03 -8.09418e-03 -7.29230e-03 -6.49105e-03 -5.69036e-03
 -4.89014e-03 -4.09030e-03 -3.29078e-03 -2.49152e-03 -1.69246e-03 -8.93581e-04
 -9.48619e-05  7.03697e-04  1.50208e-03  2.30027e-03  3.09824e-03  3.89593e-03
  4.69328e-03  5.49023e-03  6.28668e-03  7.08254e-03  7.87769e-03  8.67199e-03
  9.46528e-03  1.02574e-02  1.10482e-02  1.18373e-02  1.26247e-02  1.34100e-02
  1.41931e-02  1.49736e-02  1.57512e-02  1.65257e-02  1.72968e-02  1.80640e-02
  1.88272e-02  1.95859e-02  2.03397e-02  2.10883e-02  2.18312e-02  2.25681e-02
  2.32986e-02  2.40221e-02  2.47383e-02  2.54468e-02  2.61470e-02  2.68386e-02
  2.75210e-02  2.81938e-02  2.88565e-02  2.95087e-02  3.01497e-02  3.07793e-02
  3.13968e-02  3.20019e-02  3.25939e-02  3.31724e-02  3.37371e-02  3.42873e-02
  3.48227e-02  3.53427e-02  3.58471e-02  3.63353e-02  3.68070e-02  3.72617e-02
  3.76990e-02  3.81186e-02  3.85202e-02  3.89033e-02  3.92677e-02  3.96129e-02
  3.99388e-02  4.02450e-02  4.05312e-02  4.07973e-02  4.10430e-02  4.12682e-02
  4.14726e-02  4.16563e-02  4.18189e-02  4.19605e-02  4.20810e-02  4.21803e-02
  4.22585e-02  4.23155e-02  4.23514e-02  4.23663e-02  4.23602e-02  4.23333e-02
  4.22857e-02  4.22176e-02  4.21292e-02  4.20208e-02  4.18925e-02  4.17447e-02
  4.15777e-02  4.13918e-02  4.11874e-02  4.09648e-02  4.07246e-02  4.04670e-02
  4.01926e-02  3.99019e-02  3.95954e-02  3.92734e-02  3.89367e-02  3.85858e-02
  3.82211e-02  3.78434e-02  3.74531e-02  3.70509e-02  3.66374e-02  3.62132e-02
  3.57791e-02  3.53356e-02  3.48835e-02  3.44234e-02  3.39560e-02  3.34820e-02
  3.30021e-02  3.25170e-02  3.20274e-02  3.15340e-02  3.10375e-02  3.05387e-02
  3.00381e-02  2.95365e-02  2.90346e-02  2.85330e-02  2.80326e-02  2.75338e-02
  2.70374e-02  2.65439e-02  2.60541e-02  2.55686e-02  2.50879e-02  2.46126e-02
  2.41433e-02  2.36806e-02  2.32249e-02  2.27769e-02  2.23369e-02  2.19055e-02
  2.14832e-02  2.10704e-02  2.06675e-02  2.02749e-02  1.98930e-02  1.95222e-02
  1.91627e-02  1.88149e-02  1.84790e-02  1.81553e-02  1.78439e-02  1.75451e-02
  1.72590e-02  1.69858e-02  1.67256e-02  1.64785e-02  1.62446e-02  1.60240e-02
  1.58167e-02  1.56226e-02  1.54419e-02  1.52744e-02  1.51201e-02  1.49788e-02
  1.48505e-02  1.47351e-02  1.46323e-02  1.45420e-02  1.44640e-02  1.43981e-02
  1.43440e-02  1.43015e-02  1.42704e-02  1.42502e-02  1.42407e-02  1.42415e-02
  1.42523e-02  1.42726e-02  1.43022e-02  1.43405e-02  1.43872e-02  1.44419e-02
  1.45040e-02  1.45731e-02  1.46488e-02  1.47305e-02  1.48178e-02  1.49102e-02
  1.50070e-02  1.51079e-02  1.52122e-02  1.53194e-02  1.54290e-02  1.55404e-02
  1.56531e-02  1.57664e-02  1.58798e-02  1.59927e-02  1.61046e-02  1.62148e-02
  1.63227e-02  1.64278e-02  1.65294e-02  1.66268e-02  1.67196e-02  1.68071e-02
  1.68887e-02  1.69637e-02  1.70316e-02  1.70919e-02  1.71438e-02  1.71868e-02
  1.72204e-02  1.72439e-02  1.72567e-02  1.72584e-02  1.72482e-02  1.72258e-02
  1.71905e-02  1.71417e-02  1.70791e-02  1.70020e-02  1.69099e-02  1.68024e-02
  1.66790e-02  1.65393e-02  1.63826e-02  1.62087e-02  1.60170e-02  1.58072e-02
  1.55788e-02  1.53315e-02  1.50650e-02  1.47788e-02  1.44728e-02  1.41465e-02
  1.37998e-02  1.34324e-02  1.30440e-02  1.26345e-02  1.22037e-02  1.17513e-02
  1.12773e-02  1.07815e-02  1.02638e-02  9.72410e-03  9.16245e-03  8.57879e-03
  7.97313e-03  7.34551e-03  6.69601e-03  6.02474e-03  5.33182e-03  4.61743e-03
  3.88175e-03  3.12498e-03  2.34737e-03  1.54917e-03  7.30666e-04 -1.07818e-04
 -9.65938e-04 -1.84331e-03 -2.73954e-03 -3.65418e-03 -4.58676e-03 -5.53679e-03
 -6.50376e-03 -7.48710e-03 -8.48624e-03 -9.50057e-03 -1.05295e-02 -1.15723e-02
 -1.26283e-02 -1.36969e-02 -1.47774e-02 -1.58689e-02 -1.69708e-02 -1.80822e-02
 -1.92023e-02 -2.03304e-02 -2.14655e-02 -2.26068e-02 -2.37535e-02 -2.49046e-02
 -2.60592e-02 -2.72165e-02 -2.83754e-02 -2.95350e-02 -3.06945e-02 -3.18527e-02
 -3.30087e-02 -3.41616e-02 -3.53103e-02 -3.64538e-02 -3.75912e-02 -3.87214e-02
 -3.98436e-02 -4.09565e-02 -4.20593e-02 -4.31510e-02 -4.42306e-02 -4.52971e-02
 -4.63495e-02 -4.73869e-02 -4.84082e-02 -4.94125e-02 -5.03989e-02 -5.13663e-02
 -5.23139e-02 -5.32408e-02 -5.41460e-02 -5.50286e-02 -5.58878e-02 -5.67227e-02
 -5.75325e-02 -5.83163e-02 -5.90734e-02 -5.98029e-02 -6.05042e-02 -6.11765e-02
 -6.18191e-02 -6.24313e-02 -6.30124e-02 -6.35618e-02 -6.40790e-02 -6.45632e-02
 -6.50141e-02 -6.54309e-02 -6.58132e-02 -6.61606e-02 -6.64726e-02 -6.67486e-02
 -6.69885e-02 -6.71918e-02 -6.73582e-02 -6.74874e-02 -6.75792e-02 -6.76332e-02
 -6.76494e-02 -6.76275e-02 -6.75674e-02 -6.74689e-02 -6.73321e-02 -6.71569e-02
 -6.69432e-02 -6.66910e-02 -6.64005e-02 -6.60717e-02 -6.57047e-02 -6.52996e-02
 -6.48567e-02 -6.43761e-02 -6.38581e-02 -6.33031e-02 -6.27112e-02 -6.20829e-02
 -6.14186e-02 -6.07186e-02 -5.99833e-02 -5.92134e-02 -5.84091e-02 -5.75713e-02
 -5.67002e-02 -5.57966e-02 -5.48611e-02 -5.38943e-02 -5.28970e-02 -5.18697e-02
 -5.08133e-02 -4.97286e-02 -4.86161e-02 -4.74769e-02 -4.63117e-02 -4.51214e-02
 -4.39068e-02 -4.26689e-02 -4.14086e-02 -4.01269e-02 -3.88247e-02 -3.75032e-02
 -3.61633e-02 -3.48061e-02 -3.34327e-02 -3.20441e-02 -3.06415e-02 -2.92259e-02
 -2.77986e-02 -2.63605e-02 -2.49130e-02 -2.34571e-02 -2.19941e-02 -2.05251e-02
 -1.90513e-02 -1.75739e-02 -1.60942e-02 -1.46133e-02 -1.31326e-02 -1.16531e-02
 -1.01761e-02 -8.70296e-03 -7.23476e-03 -5.77278e-03 -4.31823e-03 -2.87234e-03
 -1.43631e-03 -1.13459e-05  1.40136e-03  2.80065e-03  4.18535e-03  5.55432e-03
  6.90644e-03  8.24059e-03  9.55567e-03  1.08506e-02  1.21243e-02  1.33758e-02
  1.46041e-02  1.58081e-02  1.69869e-02  1.81395e-02  1.92651e-02  2.03628e-02
  2.14318e-02  2.24712e-02  2.34803e-02  2.44583e-02  2.54046e-02  2.63184e-02
  2.71991e-02  2.80462e-02  2.88590e-02  2.96370e-02  3.03797e-02  3.10866e-02
  3.17574e-02  3.23917e-02  3.29892e-02  3.35495e-02  3.40724e-02  3.45578e-02
  3.50054e-02  3.54152e-02  3.57871e-02  3.61209e-02  3.64168e-02  3.66747e-02
  3.68947e-02  3.70770e-02  3.72217e-02  3.73290e-02  3.73991e-02  3.74322e-02
  3.74288e-02  3.73891e-02  3.73135e-02  3.72023e-02  3.70561e-02  3.68752e-02
  3.66602e-02  3.64115e-02  3.61298e-02  3.58155e-02  3.54694e-02  3.50920e-02
  3.46840e-02  3.42461e-02  3.37789e-02  3.32833e-02  3.27598e-02  3.22093e-02
  3.16325e-02  3.10301e-02  3.04030e-02  2.97520e-02  2.90777e-02  2.83812e-02
  2.76631e-02  2.69243e-02  2.61657e-02  2.53882e-02  2.45924e-02  2.37795e-02
  2.29500e-02  2.21050e-02  2.12453e-02  2.03717e-02  1.94849e-02  1.85860e-02
  1.76756e-02  1.67547e-02  1.58240e-02  1.48843e-02  1.39365e-02  1.29814e-02
  1.20198e-02  1.10525e-02  1.00803e-02  9.10391e-03  8.12418e-03  7.14183e-03
  6.15760e-03  5.17222e-03  4.18642e-03  3.20089e-03  2.21635e-03  1.23349e-03
  2.52974e-04 -7.24509e-04 -1.69830e-03 -2.66775e-03 -3.63220e-03 -4.59104e-03
 -5.54364e-03 -6.48940e-03 -7.42773e-03 -8.35804e-03 -9.27978e-03 -1.01924e-02
 -1.10953e-02 -1.19879e-02 -1.28698e-02 -1.37404e-02 -1.45991e-02 -1.54456e-02
 -1.62792e-02 -1.70995e-02 -1.79060e-02 -1.86983e-02 -1.94759e-02 -2.02384e-02
 -2.09853e-02 -2.17163e-02 -2.24309e-02 -2.31288e-02 -2.38095e-02 -2.44727e-02
 -2.51181e-02 -2.57452e-02 -2.63537e-02 -2.69434e-02 -2.75138e-02 -2.80647e-02
 -2.85958e-02 -2.91068e-02 -2.95975e-02 -3.00674e-02 -3.05166e-02 -3.09446e-02
 -3.13512e-02 -3.17364e-02 -3.20999e-02 -3.24414e-02 -3.27610e-02 -3.30585e-02
 -3.33336e-02 -3.35865e-02 -3.38169e-02 -3.40249e-02 -3.42104e-02 -3.43734e-02
 -3.45139e-02 -3.46318e-02 -3.47273e-02 -3.48003e-02 -3.48510e-02 -3.48795e-02
 -3.48858e-02 -3.48700e-02 -3.48324e-02 -3.47730e-02 -3.46922e-02 -3.45901e-02
 -3.44670e-02 -3.43230e-02 -3.41586e-02 -3.39739e-02 -3.37693e-02 -3.35451e-02
 -3.33017e-02 -3.30393e-02 -3.27584e-02 -3.24594e-02 -3.21427e-02 -3.18086e-02
 -3.14578e-02 -3.10905e-02 -3.07073e-02 -3.03087e-02 -2.98951e-02 -2.94672e-02
 -2.90253e-02 -2.85701e-02 -2.81020e-02 -2.76217e-02 -2.71297e-02 -2.66266e-02
 -2.61129e-02 -2.55893e-02 -2.50562e-02 -2.45144e-02 -2.39644e-02 -2.34068e-02
 -2.28423e-02 -2.22713e-02 -2.16946e-02 -2.11127e-02 -2.05262e-02 -1.99358e-02
 -1.93420e-02 -1.87454e-02 -1.81466e-02 -1.75462e-02 -1.69447e-02 -1.63427e-02
 -1.57408e-02 -1.51396e-02 -1.45394e-02 -1.39409e-02 -1.33447e-02 -1.27511e-02
 -1.21608e-02 -1.15741e-02 -1.09917e-02 -1.04138e-02 -9.84110e-03 -9.27389e-03
 -8.71262e-03 -8.15770e-03 -7.60950e-03 -7.06840e-03 -6.53476e-03 -6.00891e-03
 -5.49119e-03 -4.98190e-03 -4.48135e-03 -3.98980e-03 -3.50753e-03 -3.03478e-03
 -2.57177e-03 -2.11872e-03 -1.67582e-03 -1.24324e-03 -8.21138e-04 -4.09658e-04
 -8.92019e-06  3.80968e-04  7.59914e-04  1.12784e-03  1.48468e-03  1.83038e-03
  2.16492e-03  2.48826e-03  2.80042e-03  3.10138e-03  3.39118e-03  3.66986e-03
  3.93747e-03  4.19409e-03  4.43980e-03  4.67470e-03  4.89890e-03  5.11253e-03
  5.31571e-03  5.50859e-03  5.69133e-03  5.86409e-03  6.02705e-03  6.18041e-03
  6.32437e-03  6.45913e-03  6.58493e-03  6.70200e-03  6.81059e-03  6.91095e-03
  7.00334e-03  7.08803e-03  7.16528e-03  7.23536e-03  7.29857e-03  7.35517e-03
  7.40546e-03  7.44974e-03  7.48830e-03  7.52146e-03  7.54956e-03  7.57290e-03
  7.59183e-03  7.60669e-03  7.61781e-03  7.62554e-03  7.63022e-03  7.63218e-03
  7.63177e-03  7.62933e-03  7.62519e-03  7.61968e-03  7.61317e-03  7.60598e-03
  7.59846e-03  7.59098e-03  7.58389e-03  7.57753e-03  7.57226e-03  7.56841e-03
  7.56632e-03  7.56632e-03  7.56872e-03  7.57384e-03  7.58198e-03  7.59345e-03
  7.60855e-03  7.62758e-03  7.65081e-03  7.67853e-03  7.71103e-03  7.74856e-03
  7.79140e-03  7.83979e-03  7.89397e-03  7.95416e-03  8.02058e-03  8.09343e-03
  8.17290e-03  8.25916e-03  8.35238e-03  8.45271e-03  8.56030e-03  8.67529e-03
  8.79776e-03  8.92785e-03  9.06561e-03  9.21114e-03  9.36447e-03  9.52567e-03
  9.69474e-03  9.87171e-03  1.00566e-02  1.02493e-02  1.04498e-02  1.06582e-02
  1.08742e-02  1.10978e-02  1.13289e-02  1.15674e-02  1.18131e-02  1.20660e-02
  1.23257e-02  1.25922e-02  1.28652e-02  1.31445e-02  1.34299e-02  1.37212e-02
  1.40181e-02  1.43203e-02  1.46276e-02  1.49396e-02  1.52560e-02  1.55766e-02
  1.59009e-02  1.62287e-02  1.65595e-02  1.68931e-02  1.72290e-02  1.75669e-02
  1.79063e-02  1.82469e-02  1.85882e-02  1.89299e-02  1.92715e-02  1.96127e-02
  1.99529e-02  2.02917e-02  2.06288e-02  2.09636e-02  2.12958e-02  2.16249e-02
  2.19505e-02  2.22722e-02  2.25895e-02  2.29020e-02  2.32093e-02  2.35110e-02
  2.38066e-02  2.40959e-02  2.43783e-02  2.46535e-02  2.49212e-02  2.51808e-02
  2.54322e-02  2.56748e-02  2.59084e-02  2.61326e-02  2.63470e-02  2.65514e-02
  2.67455e-02  2.69290e-02  2.71016e-02  2.72631e-02  2.74131e-02  2.75516e-02
  2.76783e-02  2.77930e-02  2.78955e-02  2.79856e-02  2.80633e-02  2.81283e-02
  2.81806e-02  2.82200e-02  2.82465e-02  2.82601e-02  2.82606e-02  2.82481e-02
  2.82225e-02  2.81838e-02  2.81322e-02  2.80675e-02  2.79899e-02  2.78994e-02
  2.77961e-02  2.76802e-02  2.75517e-02  2.74107e-02  2.72575e-02  2.70921e-02
  2.69147e-02  2.67256e-02  2.65248e-02  2.63127e-02  2.60894e-02  2.58553e-02
  2.56105e-02  2.53553e-02  2.50900e-02  2.48149e-02  2.45304e-02  2.42366e-02
  2.39340e-02  2.36228e-02  2.33035e-02  2.29763e-02  2.26416e-02  2.22998e-02
  2.19512e-02  2.15962e-02  2.12352e-02  2.08686e-02  2.04967e-02  2.01200e-02
  1.97387e-02  1.93534e-02  1.89643e-02  1.85720e-02  1.81767e-02  1.77788e-02
  1.73789e-02  1.69772e-02  1.65742e-02  1.61703e-02  1.57658e-02  1.53613e-02
  1.49569e-02  1.45533e-02  1.41507e-02  1.37496e-02  1.33503e-02  1.29532e-02
  1.25587e-02  1.21672e-02  1.17791e-02  1.13946e-02  1.10142e-02  1.06382e-02
  1.02670e-02  9.90088e-03  9.54021e-03  9.18531e-03  8.83652e-03  8.49415e-03
  8.15852e-03  7.82994e-03  7.50871e-03  7.19513e-03  6.88946e-03  6.59200e-03
  6.30300e-03  6.02270e-03  5.75136e-03  5.48922e-03  5.23649e-03  4.99340e-03
  4.76017e-03  4.53701e-03  4.32411e-03  4.12168e-03  3.92988e-03  3.74889e-03
  3.57887e-03  3.41998e-03  3.27233e-03  3.13605e-03  3.01124e-03  2.89799e-03
  2.79637e-03  2.70644e-03  2.62827e-03  2.56189e-03  2.50733e-03  2.46463e-03
  2.43378e-03  2.41479e-03  2.40765e-03  2.41232e-03  2.42878e-03  2.45696e-03
  2.49679e-03  2.54819e-03  2.61105e-03  2.68524e-03  2.77062e-03  2.86705e-03
  2.97435e-03  3.09233e-03  3.22082e-03  3.35958e-03  3.50840e-03  3.66705e-03
  3.83526e-03  4.01278e-03  4.19932e-03  4.39459e-03  4.59828e-03  4.81006e-03
  5.02959e-03  5.25652e-03  5.49048e-03  5.73107e-03  5.97791e-03  6.23058e-03
  6.48866e-03  6.75172e-03  7.01931e-03  7.29099e-03  7.56629e-03  7.84474e-03
  8.12585e-03  8.40914e-03  8.69412e-03  8.98028e-03  9.26710e-03  9.55408e-03
  9.84069e-03  1.01264e-02  1.04106e-02  1.06929e-02  1.09726e-02  1.12493e-02
  1.15223e-02  1.17912e-02  1.20553e-02  1.23141e-02  1.25672e-02  1.28139e-02
  1.30537e-02  1.32861e-02  1.35106e-02  1.37266e-02  1.39336e-02  1.41312e-02
  1.43188e-02  1.44959e-02  1.46621e-02  1.48170e-02  1.49600e-02  1.50908e-02
  1.52088e-02  1.53138e-02  1.54053e-02  1.54829e-02  1.55464e-02  1.55952e-02
  1.56292e-02  1.56479e-02  1.56512e-02  1.56388e-02  1.56103e-02  1.55656e-02
  1.55044e-02  1.54266e-02  1.53321e-02  1.52205e-02  1.50919e-02  1.49462e-02
  1.47832e-02  1.46030e-02  1.44054e-02  1.41906e-02  1.39584e-02  1.37091e-02
  1.34426e-02  1.31590e-02  1.28585e-02  1.25413e-02  1.22074e-02  1.18571e-02
  1.14906e-02  1.11081e-02  1.07099e-02  1.02963e-02  9.86747e-03  9.42385e-03
  8.96575e-03  8.49353e-03  8.00757e-03  7.50826e-03  6.99604e-03  6.47134e-03
  5.93463e-03  5.38636e-03  4.82704e-03  4.25715e-03  3.67722e-03  3.08779e-03
  2.48938e-03  1.88256e-03  1.26789e-03  6.45954e-04  1.73365e-05 -6.17366e-04
 -1.25755e-03 -1.90260e-03 -2.55191e-03 -3.20484e-03 -3.86077e-03 -4.51906e-03
 -5.17908e-03 -5.84019e-03 -6.50176e-03 -7.16313e-03 -7.82369e-03 -8.48281e-03
 -9.13985e-03 -9.79419e-03 -1.04452e-02 -1.10923e-02 -1.17349e-02 -1.23723e-02
 -1.30040e-02 -1.36294e-02 -1.42479e-02 -1.48589e-02 -1.54618e-02 -1.60562e-02
 -1.66415e-02 -1.72171e-02 -1.77826e-02 -1.83375e-02 -1.88813e-02 -1.94135e-02
 -1.99337e-02 -2.04415e-02 -2.09364e-02 -2.14181e-02 -2.18861e-02 -2.23401e-02
 -2.27799e-02 -2.32049e-02 -2.36150e-02 -2.40099e-02 -2.43893e-02 -2.47529e-02
 -2.51006e-02 -2.54320e-02 -2.57472e-02 -2.60457e-02 -2.63276e-02 -2.65927e-02
 -2.68408e-02 -2.70719e-02 -2.72858e-02 -2.74827e-02 -2.76623e-02 -2.78247e-02
 -2.79699e-02 -2.80979e-02 -2.82088e-02 -2.83026e-02 -2.83795e-02 -2.84394e-02
 -2.84825e-02 -2.85090e-02 -2.85189e-02 -2.85125e-02 -2.84898e-02 -2.84511e-02
 -2.83966e-02 -2.83266e-02 -2.82411e-02 -2.81405e-02 -2.80251e-02 -2.78950e-02
 -2.77506e-02 -2.75921e-02 -2.74199e-02 -2.72343e-02 -2.70355e-02 -2.68240e-02
 -2.66000e-02 -2.63640e-02 -2.61161e-02 -2.58569e-02 -2.55867e-02 -2.53058e-02
 -2.50146e-02 -2.47135e-02 -2.44028e-02 -2.40829e-02 -2.37543e-02 -2.34172e-02
 -2.30721e-02 -2.27193e-02 -2.23592e-02 -2.19923e-02 -2.16189e-02 -2.12394e-02
 -2.08543e-02 -2.04638e-02 -2.00684e-02 -1.96685e-02 -1.92644e-02 -1.88565e-02
 -1.84451e-02 -1.80307e-02 -1.76136e-02 -1.71941e-02 -1.67726e-02 -1.63494e-02
 -1.59248e-02 -1.54992e-02 -1.50729e-02 -1.46462e-02 -1.42194e-02 -1.37929e-02
 -1.33668e-02 -1.29415e-02 -1.25173e-02 -1.20945e-02 -1.16732e-02 -1.12538e-02
 -1.08365e-02 -1.04215e-02 -1.00090e-02 -9.59922e-03 -9.19236e-03 -8.78860e-03
 -8.38811e-03 -7.99107e-03 -7.59763e-03 -7.20795e-03 -6.82217e-03 -6.44043e-03
 -6.06285e-03 -5.68953e-03 -5.32058e-03 -4.95609e-03 -4.59613e-03 -4.24077e-03
 -3.89006e-03 -3.54404e-03 -3.20274e-03 -2.86618e-03 -2.53438e-03 -2.20733e-03
 -1.88503e-03 -1.56746e-03 -1.25459e-03 -9.46378e-04 -6.42780e-04 -3.43739e-04
 -4.91946e-05  2.40922e-04  5.26684e-04  8.08172e-04  1.08547e-03  1.35869e-03
  1.62791e-03  1.89327e-03  2.15486e-03  2.41281e-03  2.66727e-03  2.91835e-03
  3.16621e-03  3.41099e-03  3.65286e-03  3.89195e-03  4.12844e-03  4.36248e-03
  4.59424e-03  4.82390e-03  5.05162e-03  5.27760e-03  5.50200e-03  5.72501e-03
  5.94681e-03  6.16757e-03  6.38748e-03  6.60671e-03  6.82543e-03  7.04382e-03
  7.26205e-03  7.48030e-03  7.69872e-03  7.91748e-03  8.13676e-03  8.35672e-03
  8.57751e-03  8.79929e-03  9.02221e-03  9.24644e-03  9.47210e-03  9.69934e-03
  9.92829e-03  1.01591e-02  1.03918e-02  1.06266e-02  1.08635e-02  1.11027e-02
  1.13443e-02  1.15883e-02  1.18348e-02  1.20840e-02  1.23357e-02  1.25903e-02
  1.28475e-02  1.31076e-02  1.33705e-02  1.36362e-02  1.39048e-02  1.41762e-02
  1.44504e-02  1.47275e-02  1.50073e-02  1.52899e-02  1.55752e-02  1.58631e-02
  1.61536e-02  1.64466e-02  1.67421e-02  1.70399e-02  1.73399e-02  1.76421e-02
  1.79463e-02  1.82524e-02  1.85602e-02  1.88696e-02  1.91804e-02  1.94924e-02
  1.98055e-02  2.01194e-02  2.04340e-02  2.07491e-02  2.10644e-02  2.13798e-02
  2.16949e-02  2.20096e-02  2.23236e-02  2.26366e-02  2.29485e-02  2.32588e-02
  2.35674e-02  2.38740e-02  2.41782e-02  2.44798e-02  2.47785e-02  2.50740e-02
  2.53659e-02  2.56540e-02  2.59380e-02  2.62174e-02  2.64921e-02  2.67616e-02
  2.70256e-02  2.72839e-02  2.75360e-02  2.77815e-02  2.80203e-02  2.82519e-02
  2.84760e-02  2.86922e-02  2.89003e-02  2.90999e-02  2.92906e-02  2.94721e-02
  2.96442e-02  2.98064e-02  2.99586e-02  3.01002e-02  3.02311e-02  3.03510e-02
  3.04595e-02  3.05563e-02  3.06412e-02  3.07140e-02  3.07743e-02  3.08219e-02
  3.08566e-02  3.08781e-02  3.08862e-02  3.08807e-02  3.08614e-02  3.08281e-02
  3.07805e-02  3.07186e-02  3.06421e-02  3.05509e-02  3.04449e-02  3.03239e-02
  3.01880e-02  3.00369e-02  2.98706e-02  2.96891e-02  2.94924e-02  2.92804e-02
  2.90530e-02  2.88104e-02  2.85524e-02  2.82792e-02  2.79907e-02  2.76870e-02
  2.73683e-02  2.70346e-02  2.66860e-02  2.63227e-02  2.59448e-02  2.55524e-02
  2.51459e-02  2.47253e-02  2.42908e-02  2.38428e-02  2.33813e-02  2.29067e-02
  2.24193e-02  2.19192e-02  2.14069e-02  2.08826e-02  2.03467e-02  1.97994e-02
  1.92413e-02  1.86725e-02  1.80935e-02  1.75047e-02  1.69065e-02  1.62993e-02
  1.56834e-02  1.50593e-02  1.44275e-02  1.37884e-02  1.31423e-02  1.24899e-02
  1.18315e-02  1.11677e-02  1.04988e-02  9.82540e-03  9.14795e-03  8.46693e-03
  7.78282e-03  7.09610e-03  6.40727e-03  5.71680e-03  5.02519e-03  4.33292e-03
  3.64047e-03  2.94834e-03  2.25699e-03  1.56692e-03  8.78597e-04  1.92488e-04
 -4.90943e-04 -1.17124e-03 -1.84795e-03 -2.52063e-03 -3.18884e-03 -3.85217e-03
 -4.51018e-03 -5.16248e-03 -5.80865e-03 -6.44832e-03 -7.08110e-03 -7.70662e-03
 -8.32454e-03 -8.93450e-03 -9.53620e-03 -1.01293e-02 -1.07135e-02 -1.12886e-02
 -1.18542e-02 -1.24101e-02 -1.29561e-02 -1.34919e-02 -1.40173e-02 -1.45321e-02
 -1.50361e-02 -1.55292e-02 -1.60112e-02 -1.64820e-02 -1.69413e-02 -1.73892e-02
 -1.78256e-02 -1.82503e-02 -1.86633e-02 -1.90646e-02 -1.94542e-02 -1.98319e-02
 -2.01979e-02 -2.05522e-02 -2.08947e-02 -2.12255e-02 -2.15447e-02 -2.18524e-02
 -2.21485e-02 -2.24333e-02 -2.27067e-02 -2.29690e-02 -2.32203e-02 -2.34606e-02
 -2.36902e-02 -2.39093e-02 -2.41178e-02 -2.43162e-02 -2.45044e-02 -2.46828e-02
 -2.48515e-02 -2.50107e-02 -2.51606e-02 -2.53014e-02 -2.54335e-02 -2.55569e-02
 -2.56719e-02 -2.57787e-02 -2.58777e-02 -2.59689e-02 -2.60527e-02 -2.61293e-02
 -2.61989e-02 -2.62618e-02 -2.63181e-02 -2.63682e-02 -2.64122e-02 -2.64504e-02
 -2.64830e-02 -2.65101e-02 -2.65322e-02 -2.65492e-02 -2.65615e-02 -2.65693e-02
 -2.65727e-02 -2.65719e-02 -2.65671e-02 -2.65585e-02 -2.65463e-02 -2.65306e-02
 -2.65115e-02 -2.64893e-02 -2.64640e-02 -2.64358e-02 -2.64047e-02 -2.63711e-02
 -2.63348e-02 -2.62961e-02 -2.62550e-02 -2.62116e-02 -2.61660e-02 -2.61183e-02
 -2.60685e-02 -2.60167e-02 -2.59629e-02 -2.59071e-02 -2.58495e-02 -2.57900e-02
 -2.57285e-02 -2.56653e-02 -2.56001e-02 -2.55331e-02 -2.54642e-02 -2.53934e-02
 -2.53208e-02 -2.52462e-02 -2.51698e-02 -2.50914e-02 -2.50111e-02 -2.49288e-02
 -2.48445e-02 -2.47582e-02 -2.46699e-02 -2.45794e-02 -2.44869e-02 -2.43923e-02
 -2.42954e-02 -2.41964e-02 -2.40952e-02 -2.39918e-02 -2.38860e-02 -2.37781e-02
 -2.36678e-02 -2.35552e-02 -2.34403e-02 -2.33230e-02 -2.32035e-02 -2.30816e-02
 -2.29574e-02 -2.28309e-02 -2.27022e-02 -2.25712e-02 -2.24381e-02 -2.23028e-02
 -2.21653e-02 -2.20258e-02 -2.18843e-02 -2.17408e-02 -2.15955e-02 -2.14483e-02
 -2.12994e-02 -2.11489e-02 -2.09968e-02 -2.08433e-02 -2.06884e-02 -2.05324e-02
 -2.03752e-02 -2.02170e-02 -2.00580e-02 -1.98982e-02 -1.97378e-02 -1.95769e-02
 -1.94157e-02 -1.92542e-02 -1.90927e-02 -1.89312e-02 -1.87699e-02 -1.86091e-02
 -1.84487e-02 -1.82891e-02 -1.81302e-02 -1.79723e-02 -1.78155e-02 -1.76600e-02
 -1.75059e-02 -1.73533e-02 -1.72024e-02 -1.70533e-02 -1.69061e-02 -1.67609e-02
 -1.66179e-02 -1.64772e-02 -1.63389e-02 -1.62030e-02 -1.60696e-02 -1.59389e-02
 -1.58109e-02 -1.56857e-02 -1.55632e-02 -1.54436e-02 -1.53269e-02 -1.52132e-02
 -1.51023e-02 -1.49944e-02 -1.48894e-02 -1.47873e-02 -1.46881e-02 -1.45918e-02
 -1.44982e-02 -1.44073e-02 -1.43190e-02 -1.42333e-02 -1.41500e-02 -1.40690e-02
 -1.39902e-02 -1.39135e-02 -1.38387e-02 -1.37656e-02 -1.36940e-02 -1.36238e-02
 -1.35547e-02 -1.34866e-02 -1.34192e-02 -1.33522e-02 -1.32855e-02 -1.32187e-02
 -1.31517e-02 -1.30840e-02 -1.30156e-02 -1.29460e-02 -1.28749e-02 -1.28021e-02
 -1.27273e-02 -1.26501e-02 -1.25702e-02 -1.24872e-02 -1.24009e-02 -1.23109e-02
 -1.22168e-02 -1.21183e-02 -1.20151e-02 -1.19067e-02 -1.17928e-02 -1.16732e-02
 -1.15473e-02 -1.14150e-02 -1.12757e-02 -1.11293e-02 -1.09754e-02 -1.08135e-02
 -1.06435e-02 -1.04649e-02 -1.02775e-02 -1.00809e-02 -9.87486e-03 -9.65901e-03
 -9.43306e-03 -9.19672e-03 -8.94972e-03 -8.69179e-03 -8.42266e-03 -8.14211e-03
 -7.84989e-03 -7.54578e-03 -7.22959e-03 -6.90111e-03 -6.56017e-03 -6.20660e-03
 -5.84025e-03 -5.46097e-03 -5.06864e-03 -4.66313e-03 -4.24437e-03 -3.81225e-03
 -3.36673e-03 -2.90776e-03 -2.43529e-03 -1.94933e-03 -1.44988e-03 -9.36949e-04
 -4.10579e-04  1.29178e-04  6.82258e-04  1.24858e-03  1.82804e-03  2.42053e-03
  3.02592e-03  3.64406e-03  4.27478e-03  4.91790e-03  5.57321e-03  6.24050e-03
  6.91954e-03  7.61007e-03  8.31184e-03  9.02455e-03  9.74791e-03  1.04816e-02
  1.12254e-02  1.19788e-02  1.27415e-02  1.35132e-02  1.42935e-02  1.50820e-02
  1.58783e-02  1.66819e-02  1.74925e-02  1.83096e-02  1.91328e-02  1.99616e-02
  2.07954e-02  2.16339e-02  2.24765e-02  2.33227e-02  2.41720e-02  2.50238e-02
  2.58776e-02  2.67329e-02  2.75890e-02  2.84455e-02  2.93018e-02  3.01572e-02
  3.10112e-02  3.18633e-02  3.27128e-02  3.35590e-02  3.44016e-02  3.52397e-02
  3.60728e-02  3.69003e-02  3.77215e-02  3.85358e-02  3.93426e-02  4.01413e-02
  4.09312e-02  4.17117e-02  4.24821e-02  4.32419e-02  4.39903e-02  4.47268e-02
  4.54506e-02  4.61612e-02  4.68580e-02  4.75402e-02  4.82074e-02  4.88587e-02
  4.94937e-02  5.01116e-02  5.07120e-02  5.12941e-02  5.18574e-02  5.24014e-02
  5.29253e-02  5.34287e-02  5.39110e-02  5.43716e-02  5.48100e-02  5.52256e-02
  5.56180e-02  5.59865e-02  5.63307e-02  5.66501e-02  5.69442e-02  5.72126e-02
  5.74548e-02  5.76703e-02  5.78588e-02  5.80198e-02  5.81530e-02  5.82580e-02
  5.83344e-02  5.83819e-02  5.84002e-02  5.83890e-02  5.83480e-02  5.82770e-02
  5.81756e-02  5.80438e-02  5.78812e-02  5.76878e-02  5.74634e-02  5.72079e-02
  5.69211e-02  5.66030e-02  5.62536e-02  5.58728e-02  5.54605e-02  5.50169e-02
  5.45419e-02  5.40356e-02  5.34982e-02  5.29296e-02  5.23300e-02  5.16997e-02
  5.10387e-02  5.03474e-02  4.96258e-02  4.88744e-02  4.80933e-02  4.72829e-02
  4.64435e-02  4.55754e-02  4.46791e-02  4.37549e-02  4.28032e-02  4.18246e-02
  4.08194e-02  3.97881e-02  3.87313e-02  3.76495e-02  3.65432e-02  3.54131e-02
  3.42597e-02  3.30836e-02  3.18854e-02  3.06658e-02  2.94255e-02  2.81652e-02
  2.68854e-02  2.55871e-02  2.42708e-02  2.29373e-02  2.15873e-02  2.02217e-02
  1.88412e-02  1.74465e-02  1.60386e-02  1.46181e-02  1.31859e-02  1.17429e-02
  1.02898e-02  8.82745e-03  7.35678e-03  5.87861e-03  4.39380e-03  2.90321e-03
  1.40772e-03 -9.18209e-05 -1.59453e-03 -3.09952e-03 -4.60594e-03 -6.11289e-03
 -7.61951e-03 -9.12492e-03 -1.06282e-02 -1.21286e-02 -1.36252e-02 -1.51171e-02
 -1.66034e-02 -1.80833e-02 -1.95560e-02 -2.10206e-02 -2.24762e-02 -2.39220e-02
 -2.53572e-02 -2.67810e-02 -2.81925e-02 -2.95909e-02 -3.09754e-02 -3.23451e-02
 -3.36995e-02 -3.50375e-02 -3.63586e-02 -3.76619e-02 -3.89467e-02 -4.02123e-02
 -4.14579e-02 -4.26828e-02 -4.38864e-02 -4.50679e-02 -4.62267e-02 -4.73620e-02
 -4.84732e-02 -4.95597e-02 -5.06209e-02 -5.16560e-02 -5.26646e-02 -5.36460e-02
 -5.45996e-02 -5.55249e-02 -5.64213e-02 -5.72883e-02 -5.81253e-02 -5.89319e-02
 -5.97076e-02 -6.04518e-02 -6.11641e-02 -6.18441e-02 -6.24913e-02 -6.31054e-02
 -6.36858e-02 -6.42322e-02 -6.47443e-02 -6.52217e-02 -6.56640e-02 -6.60708e-02
 -6.64420e-02 -6.67771e-02 -6.70760e-02 -6.73382e-02 -6.75637e-02 -6.77521e-02
 -6.79033e-02 -6.80169e-02 -6.80930e-02 -6.81313e-02 -6.81316e-02 -6.80938e-02
 -6.80179e-02 -6.79037e-02 -6.77511e-02 -6.75602e-02 -6.73264e-02 -6.70311e-02
 -6.66309e-02 -6.60514e-02 -6.51884e-02 -6.39175e-02 -6.21095e-02 -5.96510e-02
 -5.64657e-02 -5.25359e-02 -4.79132e-02 -4.27183e-02 -3.71299e-02 -3.13663e-02
 -2.56646e-02 -2.02573e-02 -1.53506e-02 -1.11038e-02 -7.61317e-03 -4.90349e-03
 -2.93080e-03 -1.59659e-03 -7.70014e-04 -3.11316e-04 -9.15808e-05 -6.52142e-06
  1.64843e-05  1.88374e-05  1.79636e-05  1.78487e-05  1.79864e-05  1.78751e-05
  1.77042e-05  1.76577e-05  1.75950e-05  1.73828e-05  1.72268e-05  1.73182e-05
  1.70871e-05  1.60144e-05  1.42059e-05  1.18395e-05  9.17964e-06  6.51329e-06
  4.03312e-06  1.91060e-06  4.82346e-07  0.00000e+00  0.00000e+00  0.00000e+00
  0.00000e+00  0.00000e+00  0.00000e+00  0.00000e+00  0.00000e+00  0.00000e+00
  0.00000e+00  0.00000e+00  0.00000e+00  0.00000e+00  0.00000e+00  0.00000e+00
  0.00000e+00  0.00000e+00  0.00000e+00  0.00000e+00  0.00000e+00  0.00000e+00
  0.00000e+00  0.00000e+00  0.00000e+00  0.00000e+00  0.00000e+00  0.00000e+00
  0.00000e+00  0.00000e+00  0.00000e+00  0.00000e+00  0.00000e+00  0.00000e+00
  0.00000e+00  0.00000e+00  0.00000e+00  0.00000e+00  0.00000e+00  0.00000e+00
  0.00000e+00  0.00000e+00  0.00000e+00  0.00000e+00  0.00000e+00  0.00000e+00
  0.00000e+00  0.00000e+00  0.00000e+00  0.00000e+00  0.00000e+00  0.00000e+00
  0.00000e+00  0.00000e+00  0.00000e+00  0.00000e+00  0.00000e+00  0.00000e+00
  0.00000e+00  0.00000e+00  0.00000e+00  0.00000e+00  0.00000e+00  0.00000e+00
  0.00000e+00  0.00000e+00  0.00000e+00  0.00000e+00  0.00000e+00  0.00000e+00
  0.00000e+00  0.00000e+00  0.00000e+00  0.00000e+00  0.00000e+00  0.00000e+00
  0.00000e+00  0.00000e+00  0.00000e+00  0.00000e+00  0.00000e+00  0.00000e+00
  0.00000e+00  0.00000e+00  0.00000e+00  0.00000e+00  0.00000e+00  0.00000e+00
  0.00000e+00  0.00000e+00  0.00000e+00  0.00000e+00  0.00000e+00  0.00000e+00
  0.00000e+00  0.00000e+00  0.00000e+00  0.00000e+00  0.00000e+00  0.00000e+00
  0.00000e+00  0.00000e+00  0.00000e+00  0.00000e+00  0.00000e+00  0.00000e+00
  0.00000e+00  0.00000e+00  0.00000e+00  0.00000e+00  0.00000e+00  0.00000e+00
  0.00000e+00  0.00000e+00  0.00000e+00  0.00000e+00  0.00000e+00  0.00000e+00
  0.00000e+00  0.00000e+00  0.00000e+00  0.00000e+00  0.00000e+00  0.00000e+00
  0.00000e+00  0.00000e+00  0.00000e+00  0.00000e+00  0.00000e+00  0.00000e+00
  0.00000e+00  0.00000e+00  0.00000e+00  0.00000e+00  0.00000e+00  0.00000e+00
  0.00000e+00  0.00000e+00  0.00000e+00  0.00000e+00  0.00000e+00  0.00000e+00
  0.00000e+00  0.00000e+00  0.00000e+00  0.00000e+00  0.00000e+00  0.00000e+00
  0.00000e+00  0.00000e+00  0.00000e+00  0.00000e+00  0.00000e+00  0.00000e+00
  0.00000e+00  0.00000e+00  0.00000e+00  0.00000e+00  0.00000e+00  0.00000e+00
  0.00000e+00  0.00000e+00  0.00000e+00  0.00000e+00  0.00000e+00  0.00000e+00
  0.00000e+00  0.00000e+00  0.00000e+00  0.00000e+00  0.00000e+00  0.00000e+00
  0.00000e+00  0.00000e+00  0.00000e+00  0.00000e+00  0.00000e+00  0.00000e+00
  0.00000e+00  0.00000e+00  0.00000e+00  0.00000e+00  0.00000e+00  0.00000e+00
  0.00000e+00  0.00000e+00  0.00000e+00  0.00000e+00  0.00000e+00  0.00000e+00
  0.00000e+00  0.00000e+00  0.00000e+00  0.00000e+00  0.00000e+00  0.00000e+00
  0.00000e+00  0.00000e+00  0.00000e+00  0.00000e+00  0.00000e+00  0.00000e+00
  0.00000e+00  0.00000e+00  0.00000e+00  0.00000e+00  0.00000e+00  0.00000e+00
  0.00000e+00  0.00000e+00  0.00000e+00  0.00000e+00  0.00000e+00  0.00000e+00
  0.00000e+00  0.00000e+00  0.00000e+00  0.00000e+00  0.00000e+00  0.00000e+00
  0.00000e+00  0.00000e+00  0.00000e+00  0.00000e+00  0.00000e+00  0.00000e+00
  0.00000e+00  0.00000e+00  0.00000e+00  0.00000e+00  0.00000e+00  0.00000e+00
  0.00000e+00  0.00000e+00  0.00000e+00  0.00000e+00  0.00000e+00  0.00000e+00
  0.00000e+00  0.00000e+00  0.00000e+00  0.00000e+00  0.00000e+00  0.00000e+00
  0.00000e+00  0.00000e+00  0.00000e+00  0.00000e+00  0.00000e+00  0.00000e+00
  0.00000e+00  0.00000e+00  0.00000e+00  0.00000e+00  0.00000e+00  0.00000e+00
  0.00000e+00  0.00000e+00  0.00000e+00  0.00000e+00  0.00000e+00  0.00000e+00
  0.00000e+00  0.00000e+00  0.00000e+00  0.00000e+00  0.00000e+00  0.00000e+00
  0.00000e+00  0.00000e+00  0.00000e+00  0.00000e+00  0.00000e+00  0.00000e+00
  0.00000e+00  0.00000e+00  0.00000e+00  0.00000e+00  0.00000e+00  0.00000e+00
  0.00000e+00  0.00000e+00  0.00000e+00  0.00000e+00  0.00000e+00  0.00000e+00
  0.00000e+00  0.00000e+00  0.00000e+00  0.00000e+00  0.00000e+00  0.00000e+00
  0.00000e+00  0.00000e+00  0.00000e+00  0.00000e+00  0.00000e+00  0.00000e+00
  0.00000e+00  0.00000e+00  0.00000e+00  0.00000e+00  0.00000e+00  0.00000e+00
  0.00000e+00  0.00000e+00  0.00000e+00  0.00000e+00  0.00000e+00  0.00000e+00
  0.00000e+00  0.00000e+00  0.00000e+00  0.00000e+00  0.00000e+00  0.00000e+00
  0.00000e+00  0.00000e+00  0.00000e+00  0.00000e+00  0.00000e+00  0.00000e+00
  0.00000e+00  0.00000e+00  0.00000e+00  0.00000e+00  0.00000e+00  0.00000e+00
  0.00000e+00  0.00000e+00  0.00000e+00  0.00000e+00  0.00000e+00  0.00000e+00
  0.00000e+00  0.00000e+00  0.00000e+00  0.00000e+00  0.00000e+00  0.00000e+00
  0.00000e+00  0.00000e+00  0.00000e+00  0.00000e+00  0.00000e+00  0.00000e+00
  0.00000e+00  0.00000e+00  0.00000e+00  0.00000e+00  0.00000e+00  0.00000e+00
  0.00000e+00  0.00000e+00  0.00000e+00  0.00000e+00  0.00000e+00  0.00000e+00
  0.00000e+00  0.00000e+00  0.00000e+00  0.00000e+00  0.00000e+00  0.00000e+00
  0.00000e+00  0.00000e+00  0.00000e+00  0.00000e+00  0.00000e+00  0.00000e+00
  0.00000e+00  0.00000e+00  0.00000e+00  0.00000e+00  0.00000e+00  0.00000e+00
  0.00000e+00  0.00000e+00  0.00000e+00  0.00000e+00  0.00000e+00  0.00000e+00
  0.00000e+00  0.00000e+00  0.00000e+00  0.00000e+00  0.00000e+00  0.00000e+00
  0.00000e+00  0.00000e+00  0.00000e+00  0.00000e+00  0.00000e+00  0.00000e+00
  0.00000e+00  0.00000e+00  0.00000e+00  0.00000e+00  0.00000e+00  0.00000e+00
  0.00000e+00  0.00000e+00  0.00000e+00  0.00000e+00  0.00000e+00  0.00000e+00
  0.00000e+00  0.00000e+00  0.00000e+00  0.00000e+00  0.00000e+00  0.00000e+00
  0.00000e+00  0.00000e+00  0.00000e+00  0.00000e+00  0.00000e+00  0.00000e+00
  0.00000e+00  0.00000e+00  0.00000e+00  0.00000e+00  0.00000e+00  0.00000e+00
  0.00000e+00  0.00000e+00  0.00000e+00  0.00000e+00  0.00000e+00  0.00000e+00
  0.00000e+00  0.00000e+00  0.00000e+00  0.00000e+00  0.00000e+00  0.00000e+00
  0.00000e+00  0.00000e+00  0.00000e+00  0.00000e+00  0.00000e+00  0.00000e+00
  0.00000e+00  0.00000e+00  0.00000e+00  0.00000e+00  0.00000e+00  0.00000e+00
  0.00000e+00  0.00000e+00  0.00000e+00  0.00000e+00  0.00000e+00  0.00000e+00
  0.00000e+00  0.00000e+00  0.00000e+00  0.00000e+00  0.00000e+00  0.00000e+00
  0.00000e+00  0.00000e+00  0.00000e+00  0.00000e+00  0.00000e+00  0.00000e+00
  0.00000e+00  0.00000e+00  0.00000e+00  0.00000e+00  0.00000e+00  0.00000e+00
  0.00000e+00  0.00000e+00  0.00000e+00  0.00000e+00  0.00000e+00  0.00000e+00
  0.00000e+00  0.00000e+00  0.00000e+00  0.00000e+00  0.00000e+00  0.00000e+00
  0.00000e+00  0.00000e+00  0.00000e+00  0.00000e+00  0.00000e+00  0.00000e+00
  0.00000e+00  0.00000e+00  0.00000e+00  0.00000e+00  0.00000e+00  0.00000e+00
  0.00000e+00  0.00000e+00  0.00000e+00  0.00000e+00  0.00000e+00  0.00000e+00
  0.00000e+00  0.00000e+00  0.00000e+00  0.00000e+00  0.00000e+00  0.00000e+00
  0.00000e+00  0.00000e+00  0.00000e+00  0.00000e+00  0.00000e+00  0.00000e+00
  0.00000e+00  0.00000e+00  0.00000e+00  0.00000e+00  0.00000e+00  0.00000e+00
  0.00000e+00  0.00000e+00  0.00000e+00  0.00000e+00  0.00000e+00  0.00000e+00
  0.00000e+00  0.00000e+00  0.00000e+00  0.00000e+00  0.00000e+00  0.00000e+00
  0.00000e+00  0.00000e+00  0.00000e+00  0.00000e+00  0.00000e+00  0.00000e+00
  0.00000e+00  0.00000e+00  0.00000e+00  0.00000e+00  0.00000e+00  0.00000e+00
  0.00000e+00  0.00000e+00  0.00000e+00  0.00000e+00  0.00000e+00  0.00000e+00
  0.00000e+00  0.00000e+00  0.00000e+00  0.00000e+00  0.00000e+00  0.00000e+00
  0.00000e+00  0.00000e+00  0.00000e+00  0.00000e+00  0.00000e+00  0.00000e+00
