AZ_TRO     000 TITLE
6000  5.00000e-03 0 0 -5.00000e-02  0.00000e+00  0.00000e+00  0.00000e+00
  1.57393e-15  1.07474e-09  4.91247e-09  1.35250e-08  2.87705e-08  5.21111e-08
  8.45773e-08  1.26747e-07  1.78689e-07  2.39961e-07  3.09708e-07  3.86783e-07
  4.69878e-07  5.57690e-07  6.49104e-07  7.43314e-07  8.39893e-07  9.38919e-07
  1.04109e-06  1.14760e-06  1.25973e-06  1.37832e-06  1.50364e-06  1.63558e-06
  1.77402e-06  1.91891e-06  2.07014e-06  2.22755e-06  2.39093e-06  2.56004e-06
  2.73463e-06  2.91435e-06  3.09887e-06  3.28778e-06  3.48063e-06  3.67692e-06
  3.87616e-06  4.07781e-06  4.28119e-06  4.48555e-06  4.69046e-06  4.89507e-06
  5.09864e-06  5.30037e-06  5.49942e-06  5.69494e-06  5.88604e-06  6.07179e-06
  6.25125e-06  6.42343e-06  6.58734e-06  6.74194e-06  6.88618e-06  7.01899e-06
  7.13929e-06  7.24595e-06  7.33785e-06  7.41386e-06  7.47281e-06  7.51354e-06
  7.53486e-06  7.53560e-06  7.51455e-06  7.47051e-06  7.40227e-06  7.30860e-06
  7.18830e-06  7.04013e-06  6.86286e-06  6.65528e-06  6.41616e-06  6.14426e-06
  5.83837e-06  5.49726e-06  5.11971e-06  4.70451e-06  4.25045e-06  3.75633e-06
  3.22097e-06  2.64319e-06  2.02182e-06  1.35572e-06  6.43774e-07 -1.15130e-07
 -9.22065e-07 -1.77808e-06 -2.68419e-06 -3.64137e-06 -4.65057e-06 -5.71269e-06
 -6.82859e-06 -7.99907e-06 -9.22488e-06 -1.05067e-05 -1.18452e-05 -1.32410e-05
 -1.46945e-05 -1.62061e-05 -1.77763e-05 -1.94053e-05 -2.10933e-05 -2.28404e-05
 -2.46466e-05 -2.65119e-05 -2.84361e-05 -3.04190e-05 -3.24601e-05 -3.45589e-05
 -3.67150e-05 -3.89276e-05 -4.11959e-05 -4.35190e-05 -4.58958e-05 -4.83252e-05
 -5.08059e-05 -5.33365e-05 -5.59154e-05 -5.85411e-05 -6.12116e-05 -6.39252e-05
 -6.66798e-05 -6.94732e-05 -7.23031e-05 -7.51673e-05 -7.80632e-05 -8.09882e-05
 -8.39394e-05 -8.69142e-05 -8.99096e-05 -9.29223e-05 -9.59494e-05 -9.89873e-05
 -1.02033e-04 -1.05082e-04 -1.08132e-04 -1.11179e-04 -1.14219e-04 -1.17247e-04
 -1.20261e-04 -1.23255e-04 -1.26227e-04 -1.29170e-04 -1.32082e-04 -1.34958e-04
 -1.37794e-04 -1.40584e-04 -1.43325e-04 -1.46011e-04 -1.48639e-04 -1.51204e-04
 -1.53701e-04 -1.56125e-04 -1.58471e-04 -1.60736e-04 -1.62914e-04 -1.65000e-04
 -1.66990e-04 -1.68880e-04 -1.70663e-04 -1.72337e-04 -1.73895e-04 -1.75334e-04
 -1.76649e-04 -1.77836e-04 -1.78889e-04 -1.79805e-04 -1.80579e-04 -1.81206e-04
 -1.81684e-04 -1.82007e-04 -1.82172e-04 -1.82175e-04 -1.82012e-04 -1.81679e-04
 -1.81173e-04 -1.80490e-04 -1.79627e-04 -1.78582e-04 -1.77350e-04 -1.75930e-04
 -1.74318e-04 -1.72512e-04 -1.70509e-04 -1.68308e-04 -1.65905e-04 -1.63300e-04
 -1.60490e-04 -1.57473e-04 -1.54248e-04 -1.50813e-04 -1.47167e-04 -1.43308e-04
 -1.39235e-04 -1.34947e-04 -1.30442e-04 -1.25720e-04 -1.20780e-04 -1.15620e-04
 -1.10241e-04 -1.04640e-04 -9.88178e-05 -9.27733e-05 -8.65060e-05 -8.00155e-05
 -7.33014e-05 -6.63634e-05 -5.92015e-05 -5.18157e-05 -4.42059e-05 -3.63726e-05
 -2.83160e-05 -2.00369e-05 -1.15361e-05 -2.81436e-06  6.12698e-06  1.52866e-05
  2.46628e-05  3.42537e-05  4.40573e-05  5.40710e-05  6.42921e-05  7.47176e-05
  8.53441e-05  9.61678e-05  1.07185e-04  1.18390e-04  1.29779e-04  1.41347e-04
  1.53087e-04  1.64994e-04  1.77061e-04  1.89281e-04  2.01647e-04  2.14151e-04
  2.26785e-04  2.39539e-04  2.52404e-04  2.65371e-04  2.78430e-04  2.91570e-04
  3.04779e-04  3.18047e-04  3.31360e-04  3.44708e-04  3.58077e-04  3.71454e-04
  3.84825e-04  3.98178e-04  4.11497e-04  4.24767e-04  4.37974e-04  4.51103e-04
  4.64138e-04  4.77064e-04  4.89863e-04  5.02519e-04  5.15017e-04  5.27338e-04
  5.39467e-04  5.51385e-04  5.63076e-04  5.74521e-04  5.85704e-04  5.96606e-04
  6.07209e-04  6.17496e-04  6.27448e-04  6.37046e-04  6.46274e-04  6.55112e-04
  6.63543e-04  6.71548e-04  6.79110e-04  6.86209e-04  6.92829e-04  6.98951e-04
  7.04557e-04  7.09628e-04  7.14148e-04  7.18097e-04  7.21458e-04  7.24214e-04
  7.26345e-04  7.27836e-04  7.28668e-04  7.28824e-04  7.28288e-04  7.27042e-04
  7.25070e-04  7.22356e-04  7.18883e-04  7.14636e-04  7.09599e-04  7.03757e-04
  6.97095e-04  6.89599e-04  6.81254e-04  6.72047e-04  6.61966e-04  6.50997e-04
  6.39128e-04  6.26349e-04  6.12648e-04  5.98016e-04  5.82443e-04  5.65921e-04
  5.48442e-04  5.30000e-04  5.10587e-04  4.90198e-04  4.68831e-04  4.46479e-04
  4.23142e-04  3.98816e-04  3.73502e-04  3.47200e-04  3.19910e-04  2.91637e-04
  2.62383e-04  2.32154e-04  2.00956e-04  1.68796e-04  1.35684e-04  1.01629e-04
  6.66427e-05  3.07368e-05 -6.07488e-06 -4.37776e-05 -8.23553e-05 -1.21790e-04
 -1.62064e-04 -2.03157e-04 -2.45046e-04 -2.87709e-04 -3.31121e-04 -3.75256e-04
 -4.20087e-04 -4.65585e-04 -5.11720e-04 -5.58461e-04 -6.05776e-04 -6.53631e-04
 -7.01991e-04 -7.50819e-04 -8.00079e-04 -8.49730e-04 -8.99733e-04 -9.50046e-04
 -1.00063e-03 -1.05143e-03 -1.10241e-03 -1.15352e-03 -1.20471e-03 -1.25593e-03
 -1.30713e-03 -1.35826e-03 -1.40927e-03 -1.46009e-03 -1.51068e-03 -1.56097e-03
 -1.61092e-03 -1.66046e-03 -1.70952e-03 -1.75806e-03 -1.80601e-03 -1.85330e-03
 -1.89988e-03 -1.94567e-03 -1.99062e-03 -2.03465e-03 -2.07771e-03 -2.11972e-03
 -2.16061e-03 -2.20031e-03 -2.23876e-03 -2.27588e-03 -2.31160e-03 -2.34585e-03
 -2.37857e-03 -2.40967e-03 -2.43908e-03 -2.46675e-03 -2.49258e-03 -2.51652e-03
 -2.53849e-03 -2.55842e-03 -2.57623e-03 -2.59187e-03 -2.60524e-03 -2.61630e-03
 -2.62496e-03 -2.63115e-03 -2.63481e-03 -2.63588e-03 -2.63428e-03 -2.62995e-03
 -2.62284e-03 -2.61287e-03 -2.59999e-03 -2.58414e-03 -2.56526e-03 -2.54330e-03
 -2.51821e-03 -2.48992e-03 -2.45839e-03 -2.42358e-03 -2.38543e-03 -2.34391e-03
 -2.29897e-03 -2.25058e-03 -2.19870e-03 -2.14330e-03 -2.08435e-03 -2.02182e-03
 -1.95569e-03 -1.88594e-03 -1.81255e-03 -1.73552e-03 -1.65482e-03 -1.57045e-03
 -1.48242e-03 -1.39072e-03 -1.29535e-03 -1.19633e-03 -1.09366e-03 -9.87368e-04
 -8.77468e-04 -7.63988e-04 -6.46956e-04 -5.26405e-04 -4.02374e-04 -2.74905e-04
 -1.44047e-04 -9.85099e-06  1.27624e-04  2.68316e-04  4.12156e-04  5.59070e-04
  7.08978e-04  8.61798e-04  1.01744e-03  1.17580e-03  1.33679e-03  1.50029e-03
  1.66619e-03  1.83438e-03  2.00473e-03  2.17710e-03  2.35137e-03  2.52738e-03
  2.70498e-03  2.88403e-03  3.06436e-03  3.24579e-03  3.42815e-03  3.61127e-03
  3.79494e-03  3.97898e-03  4.16318e-03  4.34734e-03  4.53124e-03  4.71466e-03
  4.89738e-03  5.07916e-03  5.25976e-03  5.43894e-03  5.61646e-03  5.79205e-03
  5.96547e-03  6.13644e-03  6.30470e-03  6.46998e-03  6.63199e-03  6.79046e-03
  6.94509e-03  7.09559e-03  7.24167e-03  7.38303e-03  7.51936e-03  7.65037e-03
  7.77574e-03  7.89518e-03  8.00836e-03  8.11499e-03  8.21474e-03  8.30731e-03
  8.39239e-03  8.46966e-03  8.53881e-03  8.59952e-03  8.65149e-03  8.69441e-03
  8.72797e-03  8.75186e-03  8.76580e-03  8.76947e-03  8.76260e-03  8.74488e-03
  8.71604e-03  8.67579e-03  8.62386e-03  8.55997e-03  8.48387e-03  8.39528e-03
  8.29396e-03  8.17966e-03  8.05213e-03  7.91115e-03  7.75649e-03  7.58791e-03
  7.40523e-03  7.20823e-03  6.99672e-03  6.77051e-03  6.52943e-03  6.27330e-03
  6.00197e-03  5.71527e-03  5.41308e-03  5.09525e-03  4.76165e-03  4.41218e-03
  4.04672e-03  3.66519e-03  3.26748e-03  2.85353e-03  2.42328e-03  1.97665e-03
  1.51362e-03  1.03414e-03  5.38175e-04  2.57175e-05 -5.03250e-04 -1.04873e-03
 -1.61072e-03 -2.18921e-03 -2.78418e-03 -3.39561e-03 -4.02346e-03 -4.66769e-03
 -5.32826e-03 -6.00512e-03 -6.69819e-03 -7.40742e-03 -8.13273e-03 -8.87404e-03
 -9.63125e-03 -1.04043e-02 -1.11930e-02 -1.19973e-02 -1.28172e-02 -1.36524e-02
 -1.45028e-02 -1.53684e-02 -1.62490e-02 -1.71445e-02 -1.80547e-02 -1.89796e-02
 -1.99190e-02 -2.08727e-02 -2.18407e-02 -2.28228e-02 -2.38189e-02 -2.48289e-02
 -2.58526e-02 -2.68899e-02 -2.79408e-02 -2.90050e-02 -3.00824e-02 -3.11729e-02
 -3.22765e-02 -3.33929e-02 -3.45220e-02 -3.56638e-02 -3.68180e-02 -3.79847e-02
 -3.91636e-02 -4.03546e-02 -4.15577e-02 -4.27728e-02 -4.39998e-02 -4.52385e-02
 -4.64889e-02 -4.77510e-02 -4.90246e-02 -5.03097e-02 -5.16062e-02 -5.29140e-02
 -5.42331e-02 -5.55634e-02 -5.69048e-02 -5.82573e-02 -5.96208e-02 -6.09952e-02
 -6.23805e-02 -6.37767e-02 -6.51837e-02 -6.66013e-02 -6.80297e-02 -6.94687e-02
 -7.09182e-02 -7.23782e-02 -7.38487e-02 -7.53296e-02 -7.68207e-02 -7.83221e-02
 -7.98335e-02 -8.13550e-02 -8.28864e-02 -8.44276e-02 -8.59784e-02 -8.75389e-02
 -8.91087e-02 -9.06878e-02 -9.22760e-02 -9.38732e-02 -9.54793e-02 -9.70939e-02
 -9.87169e-02 -1.00348e-01 -1.01987e-01 -1.03634e-01 -1.05288e-01 -1.06949e-01
 -1.08617e-01 -1.10291e-01 -1.11971e-01 -1.13656e-01 -1.15347e-01 -1.17042e-01
 -1.18741e-01 -1.20443e-01 -1.22149e-01 -1.23857e-01 -1.25566e-01 -1.27278e-01
 -1.28989e-01 -1.30701e-01 -1.32411e-01 -1.34120e-01 -1.35827e-01 -1.37531e-01
 -1.39231e-01 -1.40925e-01 -1.42615e-01 -1.44297e-01 -1.45972e-01 -1.47638e-01
 -1.49295e-01 -1.50941e-01 -1.52575e-01 -1.54197e-01 -1.55805e-01 -1.57399e-01
 -1.58976e-01 -1.60536e-01 -1.62078e-01 -1.63601e-01 -1.65103e-01 -1.66584e-01
 -1.68041e-01 -1.69475e-01 -1.70883e-01 -1.72265e-01 -1.73619e-01 -1.74944e-01
 -1.76238e-01 -1.77502e-01 -1.78733e-01 -1.79930e-01 -1.81092e-01 -1.82218e-01
 -1.83307e-01 -1.84357e-01 -1.85368e-01 -1.86338e-01 -1.87267e-01 -1.88153e-01
 -1.88994e-01 -1.89791e-01 -1.90542e-01 -1.91245e-01 -1.91901e-01 -1.92508e-01
 -1.93065e-01 -1.93570e-01 -1.94025e-01 -1.94427e-01 -1.94775e-01 -1.95069e-01
 -1.95309e-01 -1.95493e-01 -1.95620e-01 -1.95691e-01 -1.95703e-01 -1.95658e-01
 -1.95554e-01 -1.95390e-01 -1.95167e-01 -1.94883e-01 -1.94539e-01 -1.94133e-01
 -1.93666e-01 -1.93137e-01 -1.92545e-01 -1.91891e-01 -1.91175e-01 -1.90395e-01
 -1.89552e-01 -1.88646e-01 -1.87677e-01 -1.86645e-01 -1.85549e-01 -1.84390e-01
 -1.83167e-01 -1.81881e-01 -1.80533e-01 -1.79121e-01 -1.77647e-01 -1.76110e-01
 -1.74511e-01 -1.72850e-01 -1.71127e-01 -1.69344e-01 -1.67500e-01 -1.65596e-01
 -1.63632e-01 -1.61609e-01 -1.59528e-01 -1.57389e-01 -1.55193e-01 -1.52941e-01
 -1.50634e-01 -1.48271e-01 -1.45856e-01 -1.43387e-01 -1.40867e-01 -1.38295e-01
 -1.35675e-01 -1.33005e-01 -1.30289e-01 -1.27526e-01 -1.24719e-01 -1.21869e-01
 -1.18976e-01 -1.16043e-01 -1.13072e-01 -1.10063e-01 -1.07018e-01 -1.03940e-01
 -1.00829e-01 -9.76877e-02 -9.45180e-02 -9.13218e-02 -8.81010e-02 -8.48577e-02
 -8.15940e-02 -7.83122e-02 -7.50144e-02 -7.17030e-02 -6.83802e-02 -6.50486e-02
 -6.17105e-02 -5.83685e-02 -5.50251e-02 -5.16832e-02 -4.83453e-02 -4.50143e-02
 -4.16929e-02 -3.83842e-02 -3.50908e-02 -3.18160e-02 -2.85627e-02 -2.53340e-02
 -2.21330e-02 -1.89630e-02 -1.58271e-02 -1.27286e-02 -9.67096e-03 -6.65742e-03
 -3.69145e-03 -7.76508e-04  2.08389e-03  4.88622e-03  7.62692e-03  1.03024e-02
  1.29091e-02  1.54433e-02  1.79015e-02  2.02799e-02  2.25748e-02  2.47827e-02
  2.68997e-02  2.89222e-02  3.08464e-02  3.26687e-02  3.43853e-02  3.59925e-02
  3.74866e-02  3.88638e-02  4.01206e-02  4.12533e-02  4.22582e-02  4.31319e-02
  4.38707e-02  4.44712e-02  4.49298e-02  4.52431e-02  4.54079e-02  4.54207e-02
  4.52784e-02  4.49778e-02  4.45158e-02  4.38895e-02  4.30957e-02  4.21318e-02
  4.09948e-02  3.96822e-02  3.81913e-02  3.65197e-02  3.46649e-02  3.26248e-02
  3.03971e-02  2.79797e-02  2.53709e-02  2.25688e-02  1.95718e-02  1.63785e-02
  1.29875e-02  9.39772e-03  5.60804e-03  1.61765e-03 -2.57417e-03 -6.96794e-03
 -1.15640e-02 -1.63626e-02 -2.13637e-02 -2.65671e-02 -3.19725e-02 -3.75792e-02
 -4.33865e-02 -4.93935e-02 -5.55989e-02 -6.20014e-02 -6.85994e-02 -7.53909e-02
 -8.23740e-02 -8.95464e-02 -9.69055e-02 -1.04449e-01 -1.12173e-01 -1.20075e-01
 -1.28151e-01 -1.36398e-01 -1.44811e-01 -1.53387e-01 -1.62121e-01 -1.71008e-01
 -1.80043e-01 -1.89221e-01 -1.98537e-01 -2.07984e-01 -2.17557e-01 -2.27250e-01
 -2.37055e-01 -2.46966e-01 -2.56976e-01 -2.67078e-01 -2.77263e-01 -2.87525e-01
 -2.97854e-01 -3.08242e-01 -3.18681e-01 -3.29161e-01 -3.39674e-01 -3.50210e-01
 -3.60759e-01 -3.71311e-01 -3.81856e-01 -3.92383e-01 -4.02882e-01 -4.13341e-01
 -4.23750e-01 -4.34097e-01 -4.44371e-01 -4.54558e-01 -4.64648e-01 -4.74628e-01
 -4.84485e-01 -4.94206e-01 -5.03780e-01 -5.13191e-01 -5.22428e-01 -5.31477e-01
 -5.40324e-01 -5.48956e-01 -5.57357e-01 -5.65516e-01 -5.73416e-01 -5.81045e-01
 -5.88386e-01 -5.95427e-01 -6.02153e-01 -6.08549e-01 -6.14599e-01 -6.20290e-01
 -6.25607e-01 -6.30534e-01 -6.35058e-01 -6.39162e-01 -6.42833e-01 -6.46056e-01
 -6.48815e-01 -6.51097e-01 -6.52887e-01 -6.54170e-01 -6.54932e-01 -6.55159e-01
 -6.54836e-01 -6.53950e-01 -6.52487e-01 -6.50434e-01 -6.47776e-01 -6.44501e-01
 -6.40595e-01 -6.36047e-01 -6.30843e-01 -6.24972e-01 -6.18421e-01 -6.11180e-01
 -6.03237e-01 -5.94581e-01 -5.85202e-01 -5.75090e-01 -5.64235e-01 -5.52628e-01
 -5.40261e-01 -5.27125e-01 -5.13213e-01 -4.98518e-01 -4.83032e-01 -4.66749e-01
 -4.49664e-01 -4.31773e-01 -4.13070e-01 -3.93551e-01 -3.73214e-01 -3.52056e-01
 -3.30075e-01 -3.07270e-01 -2.83641e-01 -2.59187e-01 -2.33910e-01 -2.07812e-01
 -1.80895e-01 -1.53162e-01 -1.24618e-01 -9.52664e-02 -6.51140e-02 -3.41670e-02
 -2.43262e-03  3.00810e-02  6.33648e-02  9.74088e-02  1.32202e-01  1.67734e-01
  2.03991e-01  2.40959e-01  2.78626e-01  3.16974e-01  3.55989e-01  3.95652e-01
  4.35946e-01  4.76852e-01  5.18351e-01  5.60420e-01  6.03040e-01  6.46186e-01
  6.89836e-01  7.33965e-01  7.78547e-01  8.23557e-01  8.68968e-01  9.14751e-01
  9.60877e-01  1.00732e+00  1.05404e+00  1.10102e+00  1.14821e+00  1.19559e+00
  1.24313e+00  1.29078e+00  1.33851e+00  1.38629e+00  1.43408e+00  1.48184e+00
  1.52954e+00  1.57713e+00  1.62458e+00  1.67184e+00  1.71888e+00  1.76565e+00
  1.81212e+00  1.85823e+00  1.90396e+00  1.94925e+00  1.99406e+00  2.03835e+00
  2.08208e+00  2.12520e+00  2.16766e+00  2.20943e+00  2.25046e+00  2.29070e+00
  2.33012e+00  2.36865e+00  2.40627e+00  2.44293e+00  2.47857e+00  2.51317e+00
  2.54667e+00  2.57904e+00  2.61022e+00  2.64018e+00  2.66888e+00  2.69627e+00
  2.72232e+00  2.74697e+00  2.77021e+00  2.79198e+00  2.81224e+00  2.83097e+00
  2.84812e+00  2.86366e+00  2.87756e+00  2.88979e+00  2.90030e+00  2.90908e+00
  2.91609e+00  2.92131e+00  2.92470e+00  2.92625e+00  2.92593e+00  2.92372e+00
  2.91960e+00  2.91355e+00  2.90556e+00  2.89560e+00  2.88367e+00  2.86975e+00
  2.85384e+00  2.83592e+00  2.81600e+00  2.79406e+00  2.77011e+00  2.74415e+00
  2.71617e+00  2.68619e+00  2.65421e+00  2.62024e+00  2.58429e+00  2.54638e+00
  2.50652e+00  2.46472e+00  2.42101e+00  2.37542e+00  2.32795e+00  2.27865e+00
  2.22754e+00  2.17466e+00  2.12002e+00  2.06368e+00  2.00567e+00  1.94603e+00
  1.88479e+00  1.82201e+00  1.75774e+00  1.69201e+00  1.62488e+00  1.55639e+00
  1.48662e+00  1.41560e+00  1.34340e+00  1.27007e+00  1.19568e+00  1.12029e+00
  1.04395e+00  9.66743e-01  8.88724e-01  8.09963e-01  7.30527e-01  6.50486e-01
  5.69909e-01  4.88868e-01  4.07434e-01  3.25678e-01  2.43674e-01  1.61494e-01
  7.92111e-02 -3.10031e-03 -8.53671e-02 -1.67516e-01 -2.49473e-01 -3.31164e-01
 -4.12518e-01 -4.93462e-01 -5.73923e-01 -6.53830e-01 -7.33113e-01 -8.11701e-01
 -8.89526e-01 -9.66521e-01 -1.04262e+00 -1.11775e+00 -1.19186e+00 -1.26487e+00
 -1.33674e+00 -1.40739e+00 -1.47677e+00 -1.54483e+00 -1.61151e+00 -1.67675e+00
 -1.74051e+00 -1.80274e+00 -1.86339e+00 -1.92241e+00 -1.97976e+00 -2.03541e+00
 -2.08931e+00 -2.14142e+00 -2.19172e+00 -2.24018e+00 -2.28675e+00 -2.33142e+00
 -2.37417e+00 -2.41496e+00 -2.45378e+00 -2.49062e+00 -2.52545e+00 -2.55827e+00
 -2.58906e+00 -2.61781e+00 -2.64453e+00 -2.66920e+00 -2.69182e+00 -2.71240e+00
 -2.73095e+00 -2.74745e+00 -2.76192e+00 -2.77438e+00 -2.78483e+00 -2.79328e+00
 -2.79975e+00 -2.80426e+00 -2.80683e+00 -2.80747e+00 -2.80621e+00 -2.80307e+00
 -2.79807e+00 -2.79126e+00 -2.78264e+00 -2.77226e+00 -2.76013e+00 -2.74631e+00
 -2.73081e+00 -2.71367e+00 -2.69493e+00 -2.67462e+00 -2.65279e+00 -2.62946e+00
 -2.60468e+00 -2.57849e+00 -2.55092e+00 -2.52202e+00 -2.49184e+00 -2.46040e+00
 -2.42775e+00 -2.39394e+00 -2.35901e+00 -2.32300e+00 -2.28595e+00 -2.24791e+00
 -2.20893e+00 -2.16903e+00 -2.12827e+00 -2.08669e+00 -2.04434e+00 -2.00125e+00
 -1.95747e+00 -1.91305e+00 -1.86802e+00 -1.82242e+00 -1.77631e+00 -1.72971e+00
 -1.68268e+00 -1.63524e+00 -1.58745e+00 -1.53934e+00 -1.49095e+00 -1.44232e+00
 -1.39349e+00 -1.34449e+00 -1.29537e+00 -1.24616e+00 -1.19689e+00 -1.14760e+00
 -1.09833e+00 -1.04911e+00 -9.99976e-01 -9.50956e-01 -9.02087e-01 -8.53398e-01
 -8.04921e-01 -7.56687e-01 -7.08725e-01 -6.61064e-01 -6.13732e-01 -5.66757e-01
 -5.20166e-01 -4.73986e-01 -4.28241e-01 -3.82957e-01 -3.38158e-01 -2.93867e-01
 -2.50108e-01 -2.06902e-01 -1.64271e-01 -1.22235e-01 -8.08137e-02 -4.00270e-02
  1.06986e-04  3.95704e-02  7.83461e-02  1.16418e-01  1.53770e-01  1.90388e-01
  2.26257e-01  2.61364e-01  2.95695e-01  3.29241e-01  3.61988e-01  3.93926e-01
  4.25046e-01  4.55339e-01  4.84795e-01  5.13408e-01  5.41170e-01  5.68076e-01
  5.94119e-01  6.19295e-01  6.43599e-01  6.67029e-01  6.89581e-01  7.11255e-01
  7.32047e-01  7.51959e-01  7.70989e-01  7.89140e-01  8.06411e-01  8.22806e-01
  8.38327e-01  8.52977e-01  8.66761e-01  8.79684e-01  8.91750e-01  9.02966e-01
  9.13339e-01  9.22875e-01  9.31582e-01  9.39469e-01  9.46545e-01  9.52819e-01
  9.58300e-01  9.63000e-01  9.66928e-01  9.70098e-01  9.72520e-01  9.74208e-01
  9.75173e-01  9.75429e-01  9.74990e-01  9.73870e-01  9.72083e-01  9.69643e-01
  9.66566e-01  9.62866e-01  9.58561e-01  9.53664e-01  9.48192e-01  9.42163e-01
  9.35591e-01  9.28494e-01  9.20888e-01  9.12791e-01  9.04219e-01  8.95189e-01
  8.85720e-01  8.75827e-01  8.65529e-01  8.54843e-01  8.43785e-01  8.32373e-01
  8.20625e-01  8.08558e-01  7.96188e-01  7.83532e-01  7.70608e-01  7.57433e-01
  7.44021e-01  7.30392e-01  7.16559e-01  7.02540e-01  6.88351e-01  6.74006e-01
  6.59521e-01  6.44912e-01  6.30193e-01  6.15379e-01  6.00484e-01  5.85522e-01
  5.70507e-01  5.55452e-01  5.40370e-01  5.25275e-01  5.10179e-01  4.95093e-01
  4.80030e-01  4.65001e-01  4.50017e-01  4.35090e-01  4.20228e-01  4.05443e-01
  3.90744e-01  3.76140e-01  3.61640e-01  3.47254e-01  3.32988e-01  3.18853e-01
  3.04854e-01  2.90999e-01  2.77296e-01  2.63750e-01  2.50368e-01  2.37156e-01
  2.24120e-01  2.11265e-01  1.98595e-01  1.86117e-01  1.73832e-01  1.61747e-01
  1.49865e-01  1.38189e-01  1.26723e-01  1.15469e-01  1.04431e-01  9.36105e-02
  8.30103e-02  7.26324e-02  6.24785e-02  5.25503e-02  4.28490e-02  3.33759e-02
  2.41319e-02  1.51179e-02  6.33435e-03 -2.21824e-03 -1.05396e-02 -1.86296e-02
 -2.64884e-02 -3.41159e-02 -4.15127e-02 -4.86792e-02 -5.56158e-02 -6.23234e-02
 -6.88029e-02 -7.50551e-02 -8.10811e-02 -8.68823e-02 -9.24599e-02 -9.78153e-02
 -1.02950e-01 -1.07866e-01 -1.12564e-01 -1.17047e-01 -1.21316e-01 -1.25373e-01
 -1.29220e-01 -1.32859e-01 -1.36293e-01 -1.39523e-01 -1.42552e-01 -1.45382e-01
 -1.48016e-01 -1.50456e-01 -1.52705e-01 -1.54766e-01 -1.56642e-01 -1.58334e-01
 -1.59847e-01 -1.61183e-01 -1.62345e-01 -1.63336e-01 -1.64159e-01 -1.64818e-01
 -1.65316e-01 -1.65656e-01 -1.65841e-01 -1.65876e-01 -1.65764e-01 -1.65508e-01
 -1.65112e-01 -1.64580e-01 -1.63916e-01 -1.63123e-01 -1.62206e-01 -1.61168e-01
 -1.60013e-01 -1.58746e-01 -1.57370e-01 -1.55890e-01 -1.54309e-01 -1.52632e-01
 -1.50864e-01 -1.49008e-01 -1.47069e-01 -1.45052e-01 -1.42960e-01 -1.40798e-01
 -1.38570e-01 -1.36282e-01 -1.33936e-01 -1.31539e-01 -1.29093e-01 -1.26603e-01
 -1.24074e-01 -1.21510e-01 -1.18916e-01 -1.16295e-01 -1.13652e-01 -1.10991e-01
 -1.08316e-01 -1.05632e-01 -1.02943e-01 -1.00252e-01 -9.75634e-02 -9.48813e-02
 -9.22095e-02 -8.95515e-02 -8.69112e-02 -8.42921e-02 -8.16975e-02 -7.91311e-02
 -7.65959e-02 -7.40951e-02 -7.16319e-02 -6.92091e-02 -6.68296e-02 -6.44959e-02
 -6.22108e-02 -5.99768e-02 -5.77960e-02 -5.56709e-02 -5.36036e-02 -5.15959e-02
 -4.96498e-02 -4.77670e-02 -4.59491e-02 -4.41974e-02 -4.25133e-02 -4.08980e-02
 -3.93524e-02 -3.78773e-02 -3.64736e-02 -3.51417e-02 -3.38823e-02 -3.26956e-02
 -3.15820e-02 -3.05413e-02 -2.95737e-02 -2.86789e-02 -2.78567e-02 -2.71066e-02
 -2.64282e-02 -2.58207e-02 -2.52835e-02 -2.48157e-02 -2.44164e-02 -2.40845e-02
 -2.38189e-02 -2.36185e-02 -2.34819e-02 -2.34079e-02 -2.33950e-02 -2.34418e-02
 -2.35467e-02 -2.37080e-02 -2.39242e-02 -2.41935e-02 -2.45142e-02 -2.48844e-02
 -2.53024e-02 -2.57663e-02 -2.62743e-02 -2.68245e-02 -2.74150e-02 -2.80439e-02
 -2.87094e-02 -2.94094e-02 -3.01423e-02 -3.09061e-02 -3.16989e-02 -3.25191e-02
 -3.33647e-02 -3.42341e-02 -3.51255e-02 -3.60371e-02 -3.69675e-02 -3.79148e-02
 -3.88775e-02 -3.98541e-02 -4.08431e-02 -4.18428e-02 -4.28521e-02 -4.38694e-02
 -4.48935e-02 -4.59231e-02 -4.69569e-02 -4.79940e-02 -4.90330e-02 -5.00731e-02
 -5.11130e-02 -5.21519e-02 -5.31889e-02 -5.42229e-02 -5.52533e-02 -5.62791e-02
 -5.72996e-02 -5.83141e-02 -5.93220e-02 -6.03224e-02 -6.13149e-02 -6.22989e-02
 -6.32737e-02 -6.42390e-02 -6.51941e-02 -6.61386e-02 -6.70721e-02 -6.79942e-02
 -6.89044e-02 -6.98024e-02 -7.06877e-02 -7.15601e-02 -7.24192e-02 -7.32648e-02
 -7.40963e-02 -7.49137e-02 -7.57165e-02 -7.65043e-02 -7.72769e-02 -7.80338e-02
 -7.87748e-02 -7.94995e-02 -8.02074e-02 -8.08983e-02 -8.15718e-02 -8.22275e-02
 -8.28650e-02 -8.34840e-02 -8.40842e-02 -8.46651e-02 -8.52264e-02 -8.57677e-02
 -8.62885e-02 -8.67884e-02 -8.72670e-02 -8.77238e-02 -8.81583e-02 -8.85702e-02
 -8.89588e-02 -8.93238e-02 -8.96646e-02 -8.99808e-02 -9.02718e-02 -9.05371e-02
 -9.07762e-02 -9.09886e-02 -9.11738e-02 -9.13313e-02 -9.14605e-02 -9.15609e-02
 -9.16321e-02 -9.16735e-02 -9.16846e-02 -9.16650e-02 -9.16141e-02 -9.15314e-02
 -9.14166e-02 -9.12690e-02 -9.10883e-02 -9.08741e-02 -9.06260e-02 -9.03436e-02
 -9.00265e-02 -8.96745e-02 -8.92872e-02 -8.88644e-02 -8.84058e-02 -8.79112e-02
 -8.73805e-02 -8.68135e-02 -8.62100e-02 -8.55700e-02 -8.48934e-02 -8.41801e-02
 -8.34304e-02 -8.26441e-02 -8.18213e-02 -8.09624e-02 -8.00673e-02 -7.91363e-02
 -7.81697e-02 -7.71678e-02 -7.61310e-02 -7.50595e-02 -7.39538e-02 -7.28144e-02
 -7.16417e-02 -7.04362e-02 -6.91986e-02 -6.79293e-02 -6.66292e-02 -6.52990e-02
 -6.39392e-02 -6.25509e-02 -6.11348e-02 -5.96918e-02 -5.82227e-02 -5.67286e-02
 -5.52103e-02 -5.36688e-02 -5.21052e-02 -5.05204e-02 -4.89155e-02 -4.72917e-02
 -4.56500e-02 -4.39915e-02 -4.23174e-02 -4.06289e-02 -3.89271e-02 -3.72134e-02
 -3.54888e-02 -3.37547e-02 -3.20122e-02 -3.02627e-02 -2.85074e-02 -2.67475e-02
 -2.49844e-02 -2.32192e-02 -2.14533e-02 -1.96879e-02 -1.79242e-02 -1.61637e-02
 -1.44075e-02 -1.26570e-02 -1.09133e-02 -9.17788e-03 -7.45191e-03 -5.73666e-03
 -4.03338e-03 -2.34332e-03 -6.67699e-04  9.92269e-04  2.63539e-03  4.26047e-03
  5.86634e-03  7.45184e-03  9.01581e-03  1.05571e-02  1.20746e-02  1.35672e-02
  1.50338e-02  1.64734e-02  1.78848e-02  1.92670e-02  2.06191e-02  2.19398e-02
  2.32284e-02  2.44836e-02  2.57047e-02  2.68905e-02  2.80402e-02  2.91529e-02
  3.02276e-02  3.12634e-02  3.22595e-02  3.32151e-02  3.41294e-02  3.50015e-02
  3.58308e-02  3.66165e-02  3.73580e-02  3.80545e-02  3.87055e-02  3.93103e-02
  3.98684e-02  4.03791e-02  4.08421e-02  4.12567e-02  4.16226e-02  4.19394e-02
  4.22067e-02  4.24242e-02  4.25915e-02  4.27086e-02  4.27750e-02  4.27908e-02
  4.27557e-02  4.26697e-02  4.25328e-02  4.23451e-02  4.21066e-02  4.18176e-02
  4.14781e-02  4.10885e-02  4.06491e-02  4.01601e-02  3.96220e-02  3.90353e-02
  3.84005e-02  3.77180e-02  3.69887e-02  3.62130e-02  3.53919e-02  3.45262e-02
  3.36166e-02  3.26642e-02  3.16699e-02  3.06349e-02  2.95601e-02  2.84469e-02
  2.72962e-02  2.61095e-02  2.48880e-02  2.36331e-02  2.23462e-02  2.10289e-02
  1.96826e-02  1.83090e-02  1.69097e-02  1.54865e-02  1.40411e-02  1.25753e-02
  1.10908e-02  9.58967e-03  8.07360e-03  6.54454e-03  5.00442e-03  3.45520e-03
  1.89887e-03  3.37477e-04 -1.22691e-03 -2.79217e-03 -4.35619e-03 -5.91683e-03
 -7.47191e-03 -9.01929e-03 -1.05568e-02 -1.20824e-02 -1.35938e-02 -1.50891e-02
 -1.65660e-02 -1.80226e-02 -1.94568e-02 -2.08665e-02 -2.22496e-02 -2.36042e-02
 -2.49283e-02 -2.62199e-02 -2.74769e-02 -2.86977e-02 -2.98802e-02 -3.10227e-02
 -3.21234e-02 -3.31807e-02 -3.41930e-02 -3.51587e-02 -3.60762e-02 -3.69442e-02
 -3.77612e-02 -3.85260e-02 -3.92371e-02 -3.98936e-02 -4.04943e-02 -4.10380e-02
 -4.15239e-02 -4.19511e-02 -4.23188e-02 -4.26263e-02 -4.28730e-02 -4.30584e-02
 -4.31820e-02 -4.32436e-02 -4.32427e-02 -4.31793e-02 -4.30532e-02 -4.28644e-02
 -4.26131e-02 -4.22993e-02 -4.19233e-02 -4.14855e-02 -4.09864e-02 -4.04264e-02
 -3.98061e-02 -3.91262e-02 -3.83875e-02 -3.75907e-02 -3.67367e-02 -3.58264e-02
 -3.48609e-02 -3.38412e-02 -3.27683e-02 -3.16436e-02 -3.04683e-02 -2.92436e-02
 -2.79709e-02 -2.66516e-02 -2.52872e-02 -2.38790e-02 -2.24287e-02 -2.09377e-02
 -1.94075e-02 -1.78399e-02 -1.62364e-02 -1.45987e-02 -1.29285e-02 -1.12274e-02
 -9.49717e-03 -7.73943e-03 -5.95588e-03 -4.14817e-03 -2.31796e-03 -4.66900e-04
  1.40337e-03  3.29123e-03  5.19507e-03  7.11326e-03  9.04422e-03  1.09863e-02
  1.29380e-02  1.48978e-02  1.68640e-02  1.88353e-02  2.08102e-02  2.27872e-02
  2.47649e-02  2.67421e-02  2.87173e-02  3.06894e-02  3.26571e-02  3.46190e-02
  3.65742e-02  3.85213e-02  4.04594e-02  4.23873e-02  4.43040e-02  4.62085e-02
  4.80999e-02  4.99771e-02  5.18394e-02  5.36859e-02  5.55157e-02  5.73280e-02
  5.91221e-02  6.08972e-02  6.26526e-02  6.43876e-02  6.61015e-02  6.77937e-02
  6.94636e-02  7.11107e-02  7.27343e-02  7.43339e-02  7.59090e-02  7.74593e-02
  7.89840e-02  8.04828e-02  8.19551e-02  8.34007e-02  8.48189e-02  8.62095e-02
  8.75720e-02  8.89059e-02  9.02111e-02  9.14870e-02  9.27333e-02  9.39498e-02
  9.51360e-02  9.62917e-02  9.74165e-02  9.85101e-02  9.95722e-02  1.00602e-01
  1.01600e-01  1.02566e-01  1.03499e-01  1.04398e-01  1.05264e-01  1.06097e-01
  1.06895e-01  1.07659e-01  1.08389e-01  1.09083e-01  1.09743e-01  1.10367e-01
  1.10955e-01  1.11507e-01  1.12023e-01  1.12503e-01  1.12945e-01  1.13351e-01
  1.13720e-01  1.14052e-01  1.14346e-01  1.14602e-01  1.14820e-01  1.15000e-01
  1.15141e-01  1.15245e-01  1.15310e-01  1.15336e-01  1.15323e-01  1.15272e-01
  1.15182e-01  1.15053e-01  1.14886e-01  1.14679e-01  1.14434e-01  1.14150e-01
  1.13828e-01  1.13467e-01  1.13068e-01  1.12631e-01  1.12155e-01  1.11642e-01
  1.11092e-01  1.10504e-01  1.09880e-01  1.09219e-01  1.08522e-01  1.07789e-01
  1.07021e-01  1.06218e-01  1.05380e-01  1.04509e-01  1.03603e-01  1.02665e-01
  1.01695e-01  1.00692e-01  9.96589e-02  9.85946e-02  9.75005e-02  9.63771e-02
  9.52251e-02  9.40454e-02  9.28387e-02  9.16058e-02  9.03474e-02  8.90645e-02
  8.77578e-02  8.64282e-02  8.50765e-02  8.37037e-02  8.23104e-02  8.08978e-02
  7.94665e-02  7.80175e-02  7.65517e-02  7.50700e-02  7.35732e-02  7.20624e-02
  7.05383e-02  6.90021e-02  6.74546e-02  6.58968e-02  6.43296e-02  6.27541e-02
  6.11711e-02  5.95815e-02  5.79863e-02  5.63865e-02  5.47828e-02  5.31762e-02
  5.15676e-02  4.99578e-02  4.83477e-02  4.67382e-02  4.51302e-02  4.35245e-02
  4.19220e-02  4.03235e-02  3.87297e-02  3.71416e-02  3.55598e-02  3.39851e-02
  3.24183e-02  3.08600e-02  2.93110e-02  2.77720e-02  2.62435e-02  2.47263e-02
  2.32209e-02  2.17279e-02  2.02480e-02  1.87815e-02  1.73292e-02  1.58913e-02
  1.44684e-02  1.30610e-02  1.16694e-02  1.02940e-02  8.93509e-03  7.59311e-03
  6.26831e-03  4.96100e-03  3.67144e-03  2.39985e-03  1.14645e-03 -8.85801e-05
 -1.30511e-03 -2.50302e-03 -3.68226e-03 -4.84279e-03 -5.98463e-03 -7.10784e-03
 -8.21250e-03 -9.29873e-03 -1.03667e-02 -1.14165e-02 -1.24484e-02 -1.34627e-02
 -1.44594e-02 -1.54390e-02 -1.64016e-02 -1.73476e-02 -1.82773e-02 -1.91910e-02
 -2.00892e-02 -2.09724e-02 -2.18409e-02 -2.26953e-02 -2.35362e-02 -2.43639e-02
 -2.51793e-02 -2.59827e-02 -2.67748e-02 -2.75563e-02 -2.83277e-02 -2.90897e-02
 -2.98429e-02 -3.05879e-02 -3.13255e-02 -3.20562e-02 -3.27809e-02 -3.35001e-02
 -3.42147e-02 -3.49253e-02 -3.56326e-02 -3.63374e-02 -3.70404e-02 -3.77422e-02
 -3.84437e-02 -3.91455e-02 -3.98482e-02 -4.05526e-02 -4.12593e-02 -4.19690e-02
 -4.26823e-02 -4.33999e-02 -4.41222e-02 -4.48501e-02 -4.55839e-02 -4.63244e-02
 -4.70720e-02 -4.78272e-02 -4.85905e-02 -4.93624e-02 -5.01433e-02 -5.09335e-02
 -5.17336e-02 -5.25438e-02 -5.33645e-02 -5.41959e-02 -5.50382e-02 -5.58918e-02
 -5.67568e-02 -5.76334e-02 -5.85217e-02 -5.94218e-02 -6.03337e-02 -6.12574e-02
 -6.21930e-02 -6.31404e-02 -6.40995e-02 -6.50702e-02 -6.60524e-02 -6.70458e-02
 -6.80503e-02 -6.90655e-02 -7.00913e-02 -7.11273e-02 -7.21730e-02 -7.32282e-02
 -7.42923e-02 -7.53651e-02 -7.64458e-02 -7.75342e-02 -7.86296e-02 -7.97315e-02
 -8.08394e-02 -8.19526e-02 -8.30705e-02 -8.41926e-02 -8.53180e-02 -8.64463e-02
 -8.75766e-02 -8.87083e-02 -8.98408e-02 -9.09732e-02 -9.21049e-02 -9.32350e-02
 -9.43629e-02 -9.54877e-02 -9.66088e-02 -9.77253e-02 -9.88364e-02 -9.99414e-02
 -1.01039e-01 -1.02130e-01 -1.03211e-01 -1.04284e-01 -1.05346e-01 -1.06398e-01
 -1.07438e-01 -1.08466e-01 -1.09481e-01 -1.10483e-01 -1.11471e-01 -1.12444e-01
 -1.13401e-01 -1.14342e-01 -1.15267e-01 -1.16174e-01 -1.17064e-01 -1.17935e-01
 -1.18787e-01 -1.19619e-01 -1.20432e-01 -1.21223e-01 -1.21994e-01 -1.22743e-01
 -1.23470e-01 -1.24175e-01 -1.24857e-01 -1.25516e-01 -1.26152e-01 -1.26764e-01
 -1.27352e-01 -1.27916e-01 -1.28455e-01 -1.28970e-01 -1.29459e-01 -1.29923e-01
 -1.30361e-01 -1.30773e-01 -1.31160e-01 -1.31519e-01 -1.31853e-01 -1.32160e-01
 -1.32440e-01 -1.32693e-01 -1.32919e-01 -1.33118e-01 -1.33290e-01 -1.33434e-01
 -1.33550e-01 -1.33639e-01 -1.33699e-01 -1.33732e-01 -1.33736e-01 -1.33713e-01
 -1.33660e-01 -1.33579e-01 -1.33470e-01 -1.33331e-01 -1.33164e-01 -1.32968e-01
 -1.32742e-01 -1.32487e-01 -1.32203e-01 -1.31889e-01 -1.31545e-01 -1.31171e-01
 -1.30767e-01 -1.30333e-01 -1.29868e-01 -1.29373e-01 -1.28847e-01 -1.28290e-01
 -1.27701e-01 -1.27082e-01 -1.26431e-01 -1.25748e-01 -1.25034e-01 -1.24287e-01
 -1.23509e-01 -1.22697e-01 -1.21854e-01 -1.20977e-01 -1.20068e-01 -1.19125e-01
 -1.18150e-01 -1.17140e-01 -1.16098e-01 -1.15021e-01 -1.13911e-01 -1.12767e-01
 -1.11588e-01 -1.10376e-01 -1.09129e-01 -1.07847e-01 -1.06531e-01 -1.05180e-01
 -1.03795e-01 -1.02375e-01 -1.00920e-01 -9.94305e-02 -9.79061e-02 -9.63470e-02
 -9.47531e-02 -9.31245e-02 -9.14614e-02 -8.97637e-02 -8.80316e-02 -8.62653e-02
 -8.44648e-02 -8.26305e-02 -8.07624e-02 -7.88608e-02 -7.69260e-02 -7.49582e-02
 -7.29576e-02 -7.09247e-02 -6.88596e-02 -6.67627e-02 -6.46344e-02 -6.24750e-02
 -6.02848e-02 -5.80644e-02 -5.58142e-02 -5.35346e-02 -5.12262e-02 -4.88895e-02
 -4.65251e-02 -4.41336e-02 -4.17155e-02 -3.92716e-02 -3.68024e-02 -3.43086e-02
 -3.17909e-02 -2.92500e-02 -2.66866e-02 -2.41015e-02 -2.14953e-02 -1.88689e-02
 -1.62231e-02 -1.35587e-02 -1.08765e-02 -8.17745e-03 -5.46238e-03 -2.73217e-03
  1.22755e-05  2.77004e-03  5.54019e-03  8.32179e-03  1.11139e-02  1.39155e-02
  1.67256e-02  1.95433e-02  2.23675e-02  2.51971e-02  2.80311e-02  3.08684e-02
  3.37080e-02  3.65488e-02  3.93897e-02  4.22297e-02  4.50676e-02  4.79023e-02
  5.07327e-02  5.35578e-02  5.63764e-02  5.91873e-02  6.19893e-02  6.47814e-02
  6.75622e-02  7.03307e-02  7.30857e-02  7.58258e-02  7.85500e-02  8.12570e-02
  8.39456e-02  8.66146e-02  8.92627e-02  9.18890e-02  9.44920e-02  9.70707e-02
  9.96238e-02  1.02150e-01  1.04648e-01  1.07117e-01  1.09556e-01  1.11962e-01
  1.14336e-01  1.16676e-01  1.18980e-01  1.21247e-01  1.23477e-01  1.25667e-01
  1.27818e-01  1.29927e-01  1.31993e-01  1.34016e-01  1.35994e-01  1.37926e-01
  1.39811e-01  1.41648e-01  1.43435e-01  1.45172e-01  1.46858e-01  1.48491e-01
  1.50070e-01  1.51595e-01  1.53065e-01  1.54478e-01  1.55834e-01  1.57131e-01
  1.58369e-01  1.59547e-01  1.60665e-01  1.61720e-01  1.62713e-01  1.63643e-01
  1.64509e-01  1.65311e-01  1.66048e-01  1.66719e-01  1.67324e-01  1.67862e-01
  1.68333e-01  1.68737e-01  1.69073e-01  1.69340e-01  1.69539e-01  1.69670e-01
  1.69731e-01  1.69723e-01  1.69646e-01  1.69500e-01  1.69284e-01  1.68998e-01
  1.68644e-01  1.68220e-01  1.67727e-01  1.67165e-01  1.66534e-01  1.65835e-01
  1.65068e-01  1.64233e-01  1.63331e-01  1.62362e-01  1.61327e-01  1.60226e-01
  1.59060e-01  1.57829e-01  1.56534e-01  1.55175e-01  1.53755e-01  1.52272e-01
  1.50728e-01  1.49124e-01  1.47461e-01  1.45739e-01  1.43960e-01  1.42124e-01
  1.40232e-01  1.38286e-01  1.36286e-01  1.34234e-01  1.32130e-01  1.29975e-01
  1.27771e-01  1.25519e-01  1.23219e-01  1.20874e-01  1.18483e-01  1.16049e-01
  1.13572e-01  1.11055e-01  1.08497e-01  1.05900e-01  1.03266e-01  1.00595e-01
  9.78892e-02  9.51497e-02  9.23776e-02  8.95742e-02  8.67408e-02  8.38785e-02
  8.09887e-02  7.80725e-02  7.51313e-02  7.21663e-02  6.91786e-02  6.61695e-02
  6.31403e-02  6.00922e-02  5.70264e-02  5.39443e-02  5.08469e-02  4.77356e-02
  4.46115e-02  4.14759e-02  3.83299e-02  3.51748e-02  3.20117e-02  2.88418e-02
  2.56662e-02  2.24862e-02  1.93028e-02  1.61171e-02  1.29305e-02  9.74386e-03
  6.55847e-03  3.37541e-03  1.95772e-04 -2.97933e-03 -6.14882e-03 -9.31159e-03
 -1.24666e-02 -1.56127e-02 -1.87489e-02 -2.18741e-02 -2.49873e-02 -2.80875e-02
 -3.11735e-02 -3.42444e-02 -3.72992e-02 -4.03368e-02 -4.33562e-02 -4.63563e-02
 -4.93361e-02 -5.22946e-02 -5.52308e-02 -5.81436e-02 -6.10320e-02 -6.38951e-02
 -6.67317e-02 -6.95408e-02 -7.23216e-02 -7.50730e-02 -7.77939e-02 -8.04835e-02
 -8.31406e-02 -8.57644e-02 -8.83538e-02 -9.09079e-02 -9.34257e-02 -9.59061e-02
 -9.83483e-02 -1.00751e-01 -1.03114e-01 -1.05435e-01 -1.07715e-01 -1.09951e-01
 -1.12143e-01 -1.14290e-01 -1.16391e-01 -1.18445e-01 -1.20451e-01 -1.22408e-01
 -1.24316e-01 -1.26173e-01 -1.27978e-01 -1.29731e-01 -1.31431e-01 -1.33077e-01
 -1.34668e-01 -1.36203e-01 -1.37681e-01 -1.39102e-01 -1.40465e-01 -1.41768e-01
 -1.43012e-01 -1.44196e-01 -1.45318e-01 -1.46379e-01 -1.47377e-01 -1.48311e-01
 -1.49182e-01 -1.49989e-01 -1.50731e-01 -1.51407e-01 -1.52017e-01 -1.52560e-01
 -1.53037e-01 -1.53446e-01 -1.53787e-01 -1.54060e-01 -1.54264e-01 -1.54399e-01
 -1.54465e-01 -1.54461e-01 -1.54388e-01 -1.54244e-01 -1.54031e-01 -1.53747e-01
 -1.53393e-01 -1.52969e-01 -1.52474e-01 -1.51909e-01 -1.51273e-01 -1.50568e-01
 -1.49792e-01 -1.48947e-01 -1.48032e-01 -1.47048e-01 -1.45995e-01 -1.44873e-01
 -1.43683e-01 -1.42425e-01 -1.41099e-01 -1.39707e-01 -1.38248e-01 -1.36722e-01
 -1.35132e-01 -1.33476e-01 -1.31757e-01 -1.29974e-01 -1.28129e-01 -1.26222e-01
 -1.24254e-01 -1.22226e-01 -1.20138e-01 -1.17993e-01 -1.15791e-01 -1.13532e-01
 -1.11219e-01 -1.08852e-01 -1.06431e-01 -1.03960e-01 -1.01437e-01 -9.88657e-02
 -9.62462e-02 -9.35800e-02 -9.08685e-02 -8.81129e-02 -8.53147e-02 -8.24753e-02
 -7.95961e-02 -7.66784e-02 -7.37239e-02 -7.07341e-02 -6.77103e-02 -6.46543e-02
 -6.15675e-02 -5.84516e-02 -5.53082e-02 -5.21389e-02 -4.89454e-02 -4.57293e-02
 -4.24924e-02 -3.92363e-02 -3.59628e-02 -3.26737e-02 -2.93706e-02 -2.60553e-02
 -2.27296e-02 -1.93952e-02 -1.60538e-02 -1.27073e-02 -9.35732e-03 -6.00566e-03
 -2.65406e-03  6.95702e-04  4.04189e-03  7.38274e-03  1.07165e-02  1.40415e-02
  1.73559e-02  2.06581e-02  2.39463e-02  2.72188e-02  3.04739e-02  3.37101e-02
  3.69256e-02  4.01188e-02  4.32882e-02  4.64320e-02  4.95488e-02  5.26370e-02
  5.56951e-02  5.87216e-02  6.17150e-02  6.46738e-02  6.75967e-02  7.04824e-02
  7.33293e-02  7.61362e-02  7.89019e-02  8.16252e-02  8.43047e-02  8.69393e-02
  8.95280e-02  9.20696e-02  9.45631e-02  9.70074e-02  9.94017e-02  1.01745e-01
  1.04036e-01  1.06274e-01  1.08459e-01  1.10589e-01  1.12665e-01  1.14684e-01
  1.16647e-01  1.18552e-01  1.20401e-01  1.22190e-01  1.23922e-01  1.25594e-01
  1.27207e-01  1.28760e-01  1.30253e-01  1.31685e-01  1.33057e-01  1.34369e-01
  1.35619e-01  1.36809e-01  1.37937e-01  1.39005e-01  1.40012e-01  1.40957e-01
  1.41842e-01  1.42666e-01  1.43430e-01  1.44133e-01  1.44777e-01  1.45360e-01
  1.45885e-01  1.46350e-01  1.46756e-01  1.47105e-01  1.47395e-01  1.47628e-01
  1.47804e-01  1.47924e-01  1.47988e-01  1.47996e-01  1.47950e-01  1.47850e-01
  1.47697e-01  1.47490e-01  1.47232e-01  1.46922e-01  1.46562e-01  1.46152e-01
  1.45692e-01  1.45184e-01  1.44628e-01  1.44026e-01  1.43377e-01  1.42683e-01
  1.41944e-01  1.41161e-01  1.40335e-01  1.39468e-01  1.38558e-01  1.37609e-01
  1.36620e-01  1.35592e-01  1.34525e-01  1.33422e-01  1.32282e-01  1.31107e-01
  1.29897e-01  1.28653e-01  1.27376e-01  1.26067e-01  1.24726e-01  1.23355e-01
  1.21954e-01  1.20524e-01  1.19066e-01  1.17580e-01  1.16068e-01  1.14529e-01
  1.12966e-01  1.11378e-01  1.09767e-01  1.08133e-01  1.06477e-01  1.04799e-01
  1.03101e-01  1.01383e-01  9.96455e-02  9.78896e-02  9.61159e-02  9.43249e-02
  9.25175e-02  9.06941e-02  8.88555e-02  8.70024e-02  8.51352e-02  8.32548e-02
  8.13616e-02  7.94562e-02  7.75394e-02  7.56116e-02  7.36735e-02  7.17255e-02
  6.97683e-02  6.78024e-02  6.58282e-02  6.38463e-02  6.18573e-02  5.98616e-02
  5.78597e-02  5.58521e-02  5.38394e-02  5.18220e-02  4.98004e-02  4.77751e-02
  4.57465e-02  4.37150e-02  4.16812e-02  3.96454e-02  3.76081e-02  3.55696e-02
  3.35304e-02  3.14909e-02  2.94515e-02  2.74126e-02  2.53746e-02  2.33379e-02
  2.13029e-02  1.92700e-02  1.72396e-02  1.52120e-02  1.31877e-02  1.11669e-02
  9.15014e-03  7.13768e-03  5.12992e-03  3.12723e-03  1.12999e-03 -8.61426e-04
 -2.84664e-03 -4.82525e-03 -6.79690e-03 -8.76120e-03 -1.07178e-02 -1.26663e-02
 -1.46063e-02 -1.65374e-02 -1.84594e-02 -2.03717e-02 -2.22740e-02 -2.41660e-02
 -2.60471e-02 -2.79171e-02 -2.97755e-02 -3.16218e-02 -3.34556e-02 -3.52767e-02
 -3.70844e-02 -3.88784e-02 -4.06584e-02 -4.24237e-02 -4.41742e-02 -4.59093e-02
 -4.76286e-02 -4.93317e-02 -5.10182e-02 -5.26876e-02 -5.43395e-02 -5.59735e-02
 -5.75891e-02 -5.91859e-02 -6.07634e-02 -6.23212e-02 -6.38588e-02 -6.53758e-02
 -6.68719e-02 -6.83464e-02 -6.97991e-02 -7.12296e-02 -7.26373e-02 -7.40218e-02
 -7.53828e-02 -7.67197e-02 -7.80323e-02 -7.93201e-02 -8.05827e-02 -8.18196e-02
 -8.30305e-02 -8.42151e-02 -8.53729e-02 -8.65036e-02 -8.76068e-02 -8.86822e-02
 -8.97294e-02 -9.07480e-02 -9.17379e-02 -9.26986e-02 -9.36298e-02 -9.45312e-02
 -9.54026e-02 -9.62436e-02 -9.70539e-02 -9.78334e-02 -9.85817e-02 -9.92986e-02
 -9.99838e-02 -1.00637e-01 -1.01258e-01 -1.01847e-01 -1.02403e-01 -1.02927e-01
 -1.03418e-01 -1.03875e-01 -1.04300e-01 -1.04691e-01 -1.05048e-01 -1.05372e-01
 -1.05662e-01 -1.05918e-01 -1.06140e-01 -1.06328e-01 -1.06482e-01 -1.06602e-01
 -1.06688e-01 -1.06739e-01 -1.06756e-01 -1.06738e-01 -1.06687e-01 -1.06601e-01
 -1.06480e-01 -1.06325e-01 -1.06136e-01 -1.05913e-01 -1.05656e-01 -1.05364e-01
 -1.05039e-01 -1.04680e-01 -1.04287e-01 -1.03860e-01 -1.03400e-01 -1.02906e-01
 -1.02379e-01 -1.01819e-01 -1.01227e-01 -1.00601e-01 -9.99435e-02 -9.92535e-02
 -9.85315e-02 -9.77777e-02 -9.69925e-02 -9.61760e-02 -9.53286e-02 -9.44505e-02
 -9.35420e-02 -9.26034e-02 -9.16351e-02 -9.06374e-02 -8.96107e-02 -8.85554e-02
 -8.74719e-02 -8.63605e-02 -8.52218e-02 -8.40562e-02 -8.28640e-02 -8.16458e-02
 -8.04021e-02 -7.91332e-02 -7.78397e-02 -7.65222e-02 -7.51811e-02 -7.38171e-02
 -7.24306e-02 -7.10224e-02 -6.95928e-02 -6.81426e-02 -6.66724e-02 -6.51828e-02
 -6.36744e-02 -6.21479e-02 -6.06040e-02 -5.90434e-02 -5.74666e-02 -5.58746e-02
 -5.42679e-02 -5.26474e-02 -5.10137e-02 -4.93677e-02 -4.77101e-02 -4.60418e-02
 -4.43636e-02 -4.26763e-02 -4.09807e-02 -3.92776e-02 -3.75680e-02 -3.58527e-02
 -3.41326e-02 -3.24085e-02 -3.06814e-02 -2.89522e-02 -2.72216e-02 -2.54908e-02
 -2.37605e-02 -2.20318e-02 -2.03055e-02 -1.85827e-02 -1.68641e-02 -1.51507e-02
 -1.34435e-02 -1.17434e-02 -1.00514e-02 -8.36831e-03 -6.69514e-03 -5.03281e-03
 -3.38227e-03 -1.74445e-03 -1.20279e-04  1.48931e-03  3.08339e-03  4.66107e-03
  6.22146e-03  7.76367e-03  9.28686e-03  1.07902e-02  1.22727e-02  1.37338e-02
  1.51725e-02  1.65881e-02  1.79798e-02  1.93468e-02  2.06885e-02  2.20042e-02
  2.32931e-02  2.45545e-02  2.57880e-02  2.69927e-02  2.81682e-02  2.93139e-02
  3.04291e-02  3.15134e-02  3.25662e-02  3.35871e-02  3.45756e-02  3.55314e-02
  3.64539e-02  3.73429e-02  3.81981e-02  3.90191e-02  3.98058e-02  4.05578e-02
  4.12751e-02  4.19575e-02  4.26049e-02  4.32171e-02  4.37943e-02  4.43362e-02
  4.48430e-02  4.53147e-02  4.57515e-02  4.61533e-02  4.65204e-02  4.68529e-02
  4.71511e-02  4.74153e-02  4.76458e-02  4.78428e-02  4.80069e-02  4.81383e-02
  4.82377e-02  4.83054e-02  4.83420e-02  4.83481e-02  4.83243e-02  4.82713e-02
  4.81897e-02  4.80803e-02  4.79438e-02  4.77810e-02  4.75927e-02  4.73799e-02
  4.71434e-02  4.68842e-02  4.66031e-02  4.63013e-02  4.59796e-02  4.56393e-02
  4.52813e-02  4.49068e-02  4.45169e-02  4.41129e-02  4.36959e-02  4.32671e-02
  4.28279e-02  4.23794e-02  4.19231e-02  4.14602e-02  4.09920e-02  4.05200e-02
  4.00454e-02  3.95698e-02  3.90944e-02  3.86208e-02  3.81503e-02  3.76844e-02
  3.72245e-02  3.67722e-02  3.63288e-02  3.58958e-02  3.54745e-02  3.50666e-02
  3.46732e-02  3.42960e-02  3.39361e-02  3.35951e-02  3.32742e-02  3.29749e-02
  3.26983e-02  3.24459e-02  3.22189e-02  3.20185e-02  3.18461e-02  3.17026e-02
  3.15893e-02  3.15073e-02  3.14576e-02  3.14412e-02  3.14590e-02  3.15120e-02
  3.16009e-02  3.17266e-02  3.18899e-02  3.20913e-02  3.23315e-02  3.26111e-02
  3.29306e-02  3.32903e-02  3.36906e-02  3.41318e-02  3.46140e-02  3.51374e-02
  3.57019e-02  3.63076e-02  3.69543e-02  3.76418e-02  3.83698e-02  3.91381e-02
  3.99462e-02  4.07935e-02  4.16796e-02  4.26036e-02  4.35649e-02  4.45626e-02
  4.55957e-02  4.66633e-02  4.77642e-02  4.88972e-02  5.00612e-02  5.12548e-02
  5.24765e-02  5.37250e-02  5.49987e-02  5.62960e-02  5.76152e-02  5.89544e-02
  6.03121e-02  6.16862e-02  6.30748e-02  6.44759e-02  6.58876e-02  6.73077e-02
  6.87340e-02  7.01646e-02  7.15971e-02  7.30293e-02  7.44589e-02  7.58837e-02
  7.73014e-02  7.87095e-02  8.01058e-02  8.14879e-02  8.28534e-02  8.42000e-02
  8.55252e-02  8.68267e-02  8.81022e-02  8.93493e-02  9.05658e-02  9.17492e-02
  9.28974e-02  9.40081e-02  9.50791e-02  9.61083e-02  9.70936e-02  9.80329e-02
  9.89242e-02  9.97655e-02  1.00555e-01  1.01291e-01  1.01971e-01  1.02594e-01
  1.03159e-01  1.03662e-01  1.04105e-01  1.04483e-01  1.04798e-01  1.05046e-01
  1.05228e-01  1.05342e-01  1.05386e-01  1.05361e-01  1.05266e-01  1.05099e-01
  1.04860e-01  1.04549e-01  1.04166e-01  1.03709e-01  1.03179e-01  1.02576e-01
  1.01900e-01  1.01151e-01  1.00328e-01  9.94332e-02  9.84660e-02  9.74270e-02
  9.63170e-02  9.51364e-02  9.38862e-02  9.25672e-02  9.11802e-02  8.97264e-02
  8.82067e-02  8.66225e-02  8.49749e-02  8.32653e-02  8.14950e-02  7.96657e-02
  7.77788e-02  7.58359e-02  7.38387e-02  7.17890e-02  6.96885e-02  6.75390e-02
  6.53424e-02  6.31007e-02  6.08157e-02  5.84896e-02  5.61242e-02  5.37217e-02
  5.12841e-02  4.88136e-02  4.63122e-02  4.37820e-02  4.12251e-02  3.86438e-02
  3.60400e-02  3.34161e-02  3.07741e-02  2.81161e-02  2.54443e-02  2.27609e-02
  2.00678e-02  1.73673e-02  1.46613e-02  1.19520e-02  9.24130e-03  6.53118e-03
  3.82358e-03  1.12042e-03 -1.57643e-03 -4.26514e-03 -6.94391e-03 -9.61100e-03
 -1.22647e-02 -1.49033e-02 -1.75251e-02 -2.01287e-02 -2.27125e-02 -2.52749e-02
 -2.78145e-02 -3.03300e-02 -3.28200e-02 -3.52832e-02 -3.77184e-02 -4.01244e-02
 -4.25000e-02 -4.48442e-02 -4.71560e-02 -4.94343e-02 -5.16782e-02 -5.38868e-02
 -5.60593e-02 -5.81949e-02 -6.02928e-02 -6.23523e-02 -6.43727e-02 -6.63535e-02
 -6.82940e-02 -7.01936e-02 -7.20518e-02 -7.38682e-02 -7.56423e-02 -7.73736e-02
 -7.90619e-02 -8.07068e-02 -8.23080e-02 -8.38652e-02 -8.53782e-02 -8.68467e-02
 -8.82706e-02 -8.96497e-02 -9.09838e-02 -9.22727e-02 -9.35163e-02 -9.47146e-02
 -9.58674e-02 -9.69745e-02 -9.80361e-02 -9.90519e-02 -1.00022e-01 -1.00946e-01
 -1.01825e-01 -1.02657e-01 -1.03444e-01 -1.04185e-01 -1.04880e-01 -1.05529e-01
 -1.06132e-01 -1.06689e-01 -1.07200e-01 -1.07666e-01 -1.08086e-01 -1.08460e-01
 -1.08788e-01 -1.09070e-01 -1.09307e-01 -1.09498e-01 -1.09644e-01 -1.09743e-01
 -1.09798e-01 -1.09806e-01 -1.09770e-01 -1.09688e-01 -1.09560e-01 -1.09388e-01
 -1.09170e-01 -1.08907e-01 -1.08599e-01 -1.08247e-01 -1.07850e-01 -1.07408e-01
 -1.06922e-01 -1.06391e-01 -1.05817e-01 -1.05198e-01 -1.04536e-01 -1.03830e-01
 -1.03081e-01 -1.02289e-01 -1.01454e-01 -1.00577e-01 -9.96574e-02 -9.86963e-02
 -9.76939e-02 -9.66506e-02 -9.55667e-02 -9.44426e-02 -9.32790e-02 -9.20763e-02
 -9.08349e-02 -8.95555e-02 -8.82386e-02 -8.68849e-02 -8.54950e-02 -8.40696e-02
 -8.26094e-02 -8.11152e-02 -7.95878e-02 -7.80279e-02 -7.64364e-02 -7.48143e-02
 -7.31624e-02 -7.14816e-02 -6.97730e-02 -6.80375e-02 -6.62762e-02 -6.44901e-02
 -6.26805e-02 -6.08483e-02 -5.89949e-02 -5.71215e-02 -5.52293e-02 -5.33197e-02
 -5.13939e-02 -4.94533e-02 -4.74993e-02 -4.55333e-02 -4.35567e-02 -4.15710e-02
 -3.95776e-02 -3.75781e-02 -3.55739e-02 -3.35665e-02 -3.15577e-02 -2.95489e-02
 -2.75418e-02 -2.55380e-02 -2.35391e-02 -2.15469e-02 -1.95629e-02 -1.75889e-02
 -1.56267e-02 -1.36778e-02 -1.17441e-02 -9.82719e-03 -7.92890e-03 -6.05091e-03
 -4.19496e-03 -2.36275e-03 -5.56027e-04  1.22351e-03  2.97415e-03  4.69421e-03
  6.38198e-03  8.03582e-03  9.65405e-03  1.12351e-02  1.27772e-02  1.42790e-02
  1.57387e-02  1.71550e-02  1.85262e-02  1.98510e-02  2.11279e-02  2.23554e-02
  2.35323e-02  2.46573e-02  2.57289e-02  2.67461e-02  2.77077e-02  2.86123e-02
  2.94591e-02  3.02469e-02  3.09748e-02  3.16418e-02  3.22470e-02  3.27897e-02
  3.32690e-02  3.36843e-02  3.40350e-02  3.43204e-02  3.45403e-02  3.46940e-02
  3.47813e-02  3.48019e-02  3.47556e-02  3.46423e-02  3.44619e-02  3.42145e-02
  3.39002e-02  3.35191e-02  3.30715e-02  3.25576e-02  3.19780e-02  3.13331e-02
  3.06235e-02  2.98497e-02  2.90126e-02  2.81128e-02  2.71514e-02  2.61292e-02
  2.50472e-02  2.39067e-02  2.27087e-02  2.14546e-02  2.01455e-02  1.87830e-02
  1.73685e-02  1.59035e-02  1.43896e-02  1.28285e-02  1.12219e-02  9.57157e-03
  7.87943e-03  6.14737e-03  4.37740e-03  2.57154e-03  7.31891e-04 -1.13942e-03
 -3.04021e-03 -4.96826e-03 -6.92130e-03 -8.89703e-03 -1.08931e-02 -1.29072e-02
 -1.49369e-02 -1.69797e-02 -1.90332e-02 -2.10949e-02 -2.31624e-02 -2.52330e-02
 -2.73043e-02 -2.93737e-02 -3.14387e-02 -3.34967e-02 -3.55452e-02 -3.75816e-02
 -3.96033e-02 -4.16079e-02 -4.35928e-02 -4.55555e-02 -4.74934e-02 -4.94042e-02
 -5.12854e-02 -5.31346e-02 -5.49494e-02 -5.67273e-02 -5.84661e-02 -6.01635e-02
 -6.18173e-02 -6.34252e-02 -6.49852e-02 -6.64950e-02 -6.79528e-02 -6.93565e-02
 -7.07041e-02 -7.19939e-02 -7.32240e-02 -7.43927e-02 -7.54983e-02 -7.65392e-02
 -7.75138e-02 -7.84207e-02 -7.92585e-02 -8.00259e-02 -8.07216e-02 -8.13445e-02
 -8.18936e-02 -8.23677e-02 -8.27661e-02 -8.30879e-02 -8.33323e-02 -8.34987e-02
 -8.35864e-02 -8.35949e-02 -8.35240e-02 -8.33731e-02 -8.31421e-02 -8.28309e-02
 -8.24394e-02 -8.19676e-02 -8.14155e-02 -8.07835e-02 -8.00718e-02 -7.92806e-02
 -7.84105e-02 -7.74619e-02 -7.64354e-02 -7.53317e-02 -7.41516e-02 -7.28959e-02
 -7.15656e-02 -7.01615e-02 -6.86848e-02 -6.71366e-02 -6.55181e-02 -6.38305e-02
 -6.20753e-02 -6.02538e-02 -5.83675e-02 -5.64178e-02 -5.44064e-02 -5.23349e-02
 -5.02051e-02 -4.80186e-02 -4.57774e-02 -4.34832e-02 -4.11379e-02 -3.87435e-02
 -3.63020e-02 -3.38153e-02 -3.12856e-02 -2.87149e-02 -2.61053e-02 -2.34590e-02
 -2.07782e-02 -1.80651e-02 -1.53219e-02 -1.25510e-02 -9.75447e-03 -6.93477e-03
 -4.09416e-03 -1.23497e-03  1.64047e-03  4.52981e-03  7.43070e-03  1.03408e-02
  1.32577e-02  1.61791e-02  1.91027e-02  2.20261e-02  2.49469e-02  2.78629e-02
  3.07717e-02  3.36711e-02  3.65588e-02  3.94325e-02  4.22901e-02  4.51293e-02
  4.79479e-02  5.07439e-02  5.35150e-02  5.62593e-02  5.89745e-02  6.16587e-02
  6.43099e-02  6.69262e-02  6.95055e-02  7.20461e-02  7.45460e-02  7.70035e-02
  7.94169e-02  8.17844e-02  8.41044e-02  8.63753e-02  8.85954e-02  9.07634e-02
  9.28778e-02  9.49371e-02  9.69399e-02  9.88850e-02  1.00771e-01  1.02597e-01
  1.04362e-01  1.06064e-01  1.07703e-01  1.09277e-01  1.10787e-01  1.12230e-01
  1.13606e-01  1.14915e-01  1.16155e-01  1.17327e-01  1.18429e-01  1.19461e-01
  1.20423e-01  1.21315e-01  1.22135e-01  1.22884e-01  1.23562e-01  1.24169e-01
  1.24704e-01  1.25167e-01  1.25559e-01  1.25879e-01  1.26129e-01  1.26307e-01
  1.26414e-01  1.26452e-01  1.26419e-01  1.26316e-01  1.26145e-01  1.25905e-01
  1.25597e-01  1.25222e-01  1.24780e-01  1.24273e-01  1.23700e-01  1.23064e-01
  1.22364e-01  1.21601e-01  1.20778e-01  1.19893e-01  1.18950e-01  1.17948e-01
  1.16889e-01  1.15775e-01  1.14605e-01  1.13382e-01  1.12107e-01  1.10780e-01
  1.09404e-01  1.07979e-01  1.06508e-01  1.04991e-01  1.03430e-01  1.01826e-01
  1.00181e-01  9.84956e-02  9.67725e-02  9.50126e-02  9.32176e-02  9.13889e-02
  8.95281e-02  8.76368e-02  8.57167e-02  8.37692e-02  8.17959e-02  7.97985e-02
  7.77786e-02  7.57377e-02  7.36774e-02  7.15994e-02  6.95053e-02  6.73967e-02
  6.52752e-02  6.31423e-02  6.09998e-02  5.88491e-02  5.66918e-02  5.45296e-02
  5.23638e-02  5.01961e-02  4.80278e-02  4.58606e-02  4.36958e-02  4.15349e-02
  3.93793e-02  3.72305e-02  3.50898e-02  3.29586e-02  3.08383e-02  2.87301e-02
  2.66355e-02  2.45556e-02  2.24916e-02  2.04447e-02  1.84162e-02  1.64070e-02
  1.44183e-02  1.24512e-02  1.05065e-02  8.58545e-03  6.68884e-03  4.81761e-03
  2.97265e-03  1.15478e-03 -6.35193e-04 -2.39652e-03 -4.12848e-03 -5.83040e-03
 -7.50166e-03 -9.14166e-03 -1.07499e-02 -1.23257e-02 -1.38689e-02 -1.53788e-02
 -1.68552e-02 -1.82976e-02 -1.97059e-02 -2.10798e-02 -2.24191e-02 -2.37236e-02
 -2.49932e-02 -2.62279e-02 -2.74276e-02 -2.85924e-02 -2.97223e-02 -3.08175e-02
 -3.18780e-02 -3.29040e-02 -3.38958e-02 -3.48535e-02 -3.57775e-02 -3.66681e-02
 -3.75255e-02 -3.83503e-02 -3.91427e-02 -3.99033e-02 -4.06324e-02 -4.13307e-02
 -4.19987e-02 -4.26368e-02 -4.32458e-02 -4.38262e-02 -4.43786e-02 -4.49037e-02
 -4.54022e-02 -4.58746e-02 -4.63218e-02 -4.67445e-02 -4.71432e-02 -4.75189e-02
 -4.78722e-02 -4.82038e-02 -4.85146e-02 -4.88053e-02 -4.90765e-02 -4.93292e-02
 -4.95640e-02 -4.97817e-02 -4.99831e-02 -5.01688e-02 -5.03395e-02 -5.04961e-02
 -5.06391e-02 -5.07694e-02 -5.08875e-02 -5.09942e-02 -5.10900e-02 -5.11756e-02
 -5.12517e-02 -5.13188e-02 -5.13775e-02 -5.14283e-02 -5.14719e-02 -5.15086e-02
 -5.15391e-02 -5.15636e-02 -5.15827e-02 -5.15969e-02 -5.16063e-02 -5.16114e-02
 -5.16125e-02 -5.16099e-02 -5.16038e-02 -5.15944e-02 -5.15819e-02 -5.15664e-02
 -5.15481e-02 -5.15271e-02 -5.15034e-02 -5.14771e-02 -5.14482e-02 -5.14168e-02
 -5.13827e-02 -5.13460e-02 -5.13064e-02 -5.12640e-02 -5.12185e-02 -5.11699e-02
 -5.11178e-02 -5.10621e-02 -5.10026e-02 -5.09389e-02 -5.08709e-02 -5.07981e-02
 -5.07203e-02 -5.06371e-02 -5.05482e-02 -5.04533e-02 -5.03518e-02 -5.02436e-02
 -5.01280e-02 -5.00048e-02 -4.98736e-02 -4.97339e-02 -4.95853e-02 -4.94274e-02
 -4.92597e-02 -4.90819e-02 -4.88935e-02 -4.86941e-02 -4.84832e-02 -4.82605e-02
 -4.80254e-02 -4.77776e-02 -4.75167e-02 -4.72422e-02 -4.69539e-02 -4.66513e-02
 -4.63341e-02 -4.60020e-02 -4.56547e-02 -4.52918e-02 -4.49131e-02 -4.45184e-02
 -4.41073e-02 -4.36797e-02 -4.32354e-02 -4.27742e-02 -4.22959e-02 -4.18005e-02
 -4.12878e-02 -4.07578e-02 -4.02104e-02 -3.96457e-02 -3.90635e-02 -3.84641e-02
 -3.78473e-02 -3.72134e-02 -3.65625e-02 -3.58946e-02 -3.52101e-02 -3.45092e-02
 -3.37921e-02 -3.30591e-02 -3.23106e-02 -3.15469e-02 -3.07684e-02 -2.99756e-02
 -2.91687e-02 -2.83484e-02 -2.75151e-02 -2.66693e-02 -2.58116e-02 -2.49426e-02
 -2.40628e-02 -2.31730e-02 -2.22737e-02 -2.13657e-02 -2.04498e-02 -1.95265e-02
 -1.85968e-02 -1.76614e-02 -1.67211e-02 -1.57768e-02 -1.48293e-02 -1.38794e-02
 -1.29281e-02 -1.19762e-02 -1.10247e-02 -1.00745e-02 -9.12645e-03 -8.18153e-03
 -7.24065e-03 -6.30477e-03 -5.37481e-03 -4.45174e-03 -3.53651e-03 -2.63007e-03
 -1.73339e-03 -8.47407e-04  2.69121e-05  8.88620e-04  1.73677e-03  2.57043e-03
  3.38867e-03  4.19059e-03  4.97529e-03  5.74189e-03  6.48954e-03  7.21738e-03
  7.92459e-03  8.61038e-03  9.27396e-03  9.91459e-03  1.05315e-02  1.11241e-02
  1.16917e-02  1.22336e-02  1.27492e-02  1.32380e-02  1.36995e-02  1.41330e-02
  1.45383e-02  1.49148e-02  1.52622e-02  1.55800e-02  1.58680e-02  1.61258e-02
  1.63533e-02  1.65502e-02  1.67164e-02  1.68518e-02  1.69563e-02  1.70299e-02
  1.70726e-02  1.70845e-02  1.70657e-02  1.70164e-02  1.69367e-02  1.68269e-02
  1.66873e-02  1.65182e-02  1.63200e-02  1.60931e-02  1.58380e-02  1.55552e-02
  1.52452e-02  1.49087e-02  1.45463e-02  1.41586e-02  1.37464e-02  1.33104e-02
  1.28513e-02  1.23700e-02  1.18673e-02  1.13441e-02  1.08012e-02  1.02397e-02
  9.66039e-03  9.06440e-03  8.45272e-03  7.82638e-03  7.18646e-03  6.53405e-03
  5.87026e-03  5.19621e-03  4.51306e-03  3.82196e-03  3.12407e-03  2.42058e-03
  1.71267e-03  1.00155e-03  2.88405e-04 -4.25551e-04 -1.13911e-03 -1.85105e-03
 -2.56017e-03 -3.26527e-03 -3.96515e-03 -4.65860e-03 -5.34445e-03 -6.02151e-03
 -6.68863e-03 -7.34468e-03 -7.98852e-03 -8.61905e-03 -9.23518e-03 -9.83586e-03
 -1.04200e-02 -1.09867e-02 -1.15348e-02 -1.20635e-02 -1.25716e-02 -1.30584e-02
 -1.35230e-02 -1.39643e-02 -1.43818e-02 -1.47744e-02 -1.51416e-02 -1.54825e-02
 -1.57965e-02 -1.60829e-02 -1.63411e-02 -1.65706e-02 -1.67709e-02 -1.69413e-02
 -1.70816e-02 -1.71912e-02 -1.72699e-02 -1.73172e-02 -1.73330e-02 -1.73170e-02
 -1.72690e-02 -1.71889e-02 -1.70766e-02 -1.69320e-02 -1.67551e-02 -1.65460e-02
 -1.63047e-02 -1.60315e-02 -1.57263e-02 -1.53896e-02 -1.50214e-02 -1.46222e-02
 -1.41922e-02 -1.37318e-02 -1.32416e-02 -1.27218e-02 -1.21732e-02 -1.15961e-02
 -1.09912e-02 -1.03591e-02 -9.70055e-03 -9.01613e-03 -8.30662e-03 -7.57279e-03
 -6.81543e-03 -6.03538e-03 -5.23350e-03 -4.41068e-03 -3.56784e-03 -2.70593e-03
 -1.82591e-03 -9.28791e-04 -1.55678e-05  9.12725e-04  1.85504e-03  2.81032e-03
  3.77747e-03  4.75540e-03  5.74299e-03  6.73911e-03  7.74262e-03  8.75237e-03
  9.76719e-03  1.07859e-02  1.18074e-02  1.28304e-02  1.38539e-02  1.48766e-02
  1.58973e-02  1.69149e-02  1.79283e-02  1.89363e-02  1.99378e-02  2.09315e-02
  2.19165e-02  2.28915e-02  2.38556e-02  2.48075e-02  2.57463e-02  2.66709e-02
  2.75803e-02  2.84734e-02  2.93493e-02  3.02071e-02  3.10458e-02  3.18644e-02
  3.26622e-02  3.34383e-02  3.41919e-02  3.49221e-02  3.56283e-02  3.63097e-02
  3.69656e-02  3.75954e-02  3.81985e-02  3.87743e-02  3.93221e-02  3.98416e-02
  4.03322e-02  4.07935e-02  4.12251e-02  4.16265e-02  4.19976e-02  4.23379e-02
  4.26473e-02  4.29256e-02  4.31726e-02  4.33881e-02  4.35722e-02  4.37248e-02
  4.38459e-02  4.39356e-02  4.39939e-02  4.40211e-02  4.40172e-02  4.39825e-02
  4.39173e-02  4.38219e-02  4.36965e-02  4.35417e-02  4.33578e-02  4.31453e-02
  4.29046e-02  4.26364e-02  4.23411e-02  4.20194e-02  4.16720e-02  4.12995e-02
  4.09026e-02  4.04820e-02  4.00386e-02  3.95731e-02  3.90863e-02  3.85793e-02
  3.80527e-02  3.75076e-02  3.69449e-02  3.63656e-02  3.57706e-02  3.51610e-02
  3.45378e-02  3.39021e-02  3.32550e-02  3.25974e-02  3.19306e-02  3.12556e-02
  3.05736e-02  2.98856e-02  2.91928e-02  2.84963e-02  2.77973e-02  2.70969e-02
  2.63962e-02  2.56965e-02  2.49988e-02  2.43042e-02  2.36140e-02  2.29292e-02
  2.22510e-02  2.15804e-02  2.09185e-02  2.02665e-02  1.96252e-02  1.89959e-02
  1.83794e-02  1.77768e-02  1.71890e-02  1.66169e-02  1.60615e-02  1.55236e-02
  1.50042e-02  1.45040e-02  1.40238e-02  1.35643e-02  1.31264e-02  1.27106e-02
  1.23176e-02  1.19481e-02  1.16025e-02  1.12815e-02  1.09854e-02  1.07148e-02
  1.04700e-02  1.02514e-02  1.00593e-02  9.89389e-03  9.75547e-03  9.64416e-03
  9.56009e-03  9.50332e-03  9.47386e-03  9.47168e-03  9.49669e-03  9.54876e-03
  9.62771e-03  9.73329e-03  9.86523e-03  1.00232e-02  1.02068e-02  1.04157e-02
  1.06493e-02  1.09072e-02  1.11888e-02  1.14935e-02  1.18206e-02  1.21696e-02
  1.25396e-02  1.29299e-02  1.33397e-02  1.37682e-02  1.42143e-02  1.46773e-02
  1.51561e-02  1.56498e-02  1.61573e-02  1.66776e-02  1.72097e-02  1.77523e-02
  1.83044e-02  1.88648e-02  1.94323e-02  2.00057e-02  2.05839e-02  2.11655e-02
  2.17494e-02  2.23342e-02  2.29188e-02  2.35018e-02  2.40819e-02  2.46580e-02
  2.52287e-02  2.57927e-02  2.63487e-02  2.68956e-02  2.74319e-02  2.79564e-02
  2.84679e-02  2.89651e-02  2.94468e-02  2.99117e-02  3.03587e-02  3.07866e-02
  3.11942e-02  3.15805e-02  3.19443e-02  3.22845e-02  3.26000e-02  3.28899e-02
  3.31531e-02  3.33886e-02  3.35955e-02  3.37730e-02  3.39201e-02  3.40361e-02
  3.41201e-02  3.41715e-02  3.41895e-02  3.41735e-02  3.41229e-02  3.40371e-02
  3.39156e-02  3.37580e-02  3.35637e-02  3.33325e-02  3.30639e-02  3.27577e-02
  3.24136e-02  3.20315e-02  3.16112e-02  3.11527e-02  3.06558e-02  3.01206e-02
  2.95473e-02  2.89358e-02  2.82863e-02  2.75991e-02  2.68743e-02  2.61123e-02
  2.53135e-02  2.44782e-02  2.36068e-02  2.26998e-02  2.17577e-02  2.07812e-02
  1.97709e-02  1.87274e-02  1.76514e-02  1.65437e-02  1.54051e-02  1.42364e-02
  1.30384e-02  1.18121e-02  1.05584e-02  9.27820e-03  7.97256e-03  6.64248e-03
  5.28902e-03  3.91325e-03  2.51629e-03  1.09927e-03 -3.36636e-04 -1.79025e-03
 -3.26037e-03 -4.74577e-03 -6.24521e-03 -7.75742e-03 -9.28113e-03 -1.08151e-02
 -1.23579e-02 -1.39083e-02 -1.54651e-02 -1.70267e-02 -1.85920e-02 -2.01596e-02
 -2.17281e-02 -2.32962e-02 -2.48626e-02 -2.64259e-02 -2.79848e-02 -2.95380e-02
 -3.10841e-02 -3.26219e-02 -3.41501e-02 -3.56673e-02 -3.71723e-02 -3.86639e-02
 -4.01407e-02 -4.16015e-02 -4.30452e-02 -4.44704e-02 -4.58761e-02 -4.72611e-02
 -4.86241e-02 -4.99642e-02 -5.12802e-02 -5.25710e-02 -5.38356e-02 -5.50730e-02
 -5.62822e-02 -5.74622e-02 -5.86121e-02 -5.97311e-02 -6.08182e-02 -6.18726e-02
 -6.28935e-02 -6.38801e-02 -6.48318e-02 -6.57478e-02 -6.66274e-02 -6.74700e-02
 -6.82750e-02 -6.90418e-02 -6.97699e-02 -7.04589e-02 -7.11082e-02 -7.17173e-02
 -7.22861e-02 -7.28139e-02 -7.33007e-02 -7.37459e-02 -7.41495e-02 -7.45112e-02
 -7.48308e-02 -7.51083e-02 -7.53435e-02 -7.55363e-02 -7.56867e-02 -7.57948e-02
 -7.58606e-02 -7.58842e-02 -7.58657e-02 -7.58051e-02 -7.57028e-02 -7.55589e-02
 -7.53736e-02 -7.51472e-02 -7.48801e-02 -7.45725e-02 -7.42248e-02 -7.38375e-02
 -7.34109e-02 -7.29455e-02 -7.24417e-02 -7.19002e-02 -7.13214e-02 -7.07058e-02
 -7.00541e-02 -6.93668e-02 -6.86447e-02 -6.78882e-02 -6.70983e-02 -6.62754e-02
 -6.54204e-02 -6.45341e-02 -6.36171e-02 -6.26703e-02 -6.16945e-02 -6.06905e-02
 -5.96592e-02 -5.86014e-02 -5.75180e-02 -5.64098e-02 -5.52778e-02 -5.41230e-02
 -5.29461e-02 -5.17482e-02 -5.05303e-02 -4.92933e-02 -4.80382e-02 -4.67660e-02
 -4.54777e-02 -4.41743e-02 -4.28568e-02 -4.15262e-02 -4.01835e-02 -3.88298e-02
 -3.74662e-02 -3.60935e-02 -3.47129e-02 -3.33255e-02 -3.19323e-02 -3.05343e-02
 -2.91326e-02 -2.77283e-02 -2.63224e-02 -2.49160e-02 -2.35102e-02 -2.21059e-02
 -2.07043e-02 -1.93064e-02 -1.79131e-02 -1.65256e-02 -1.51449e-02 -1.37718e-02
 -1.24076e-02 -1.10531e-02 -9.70941e-03 -8.37742e-03 -7.05811e-03 -5.75244e-03
 -4.46135e-03 -3.18577e-03 -1.92660e-03 -6.84755e-04  5.38891e-04  1.74346e-03
  2.92811e-03  4.09199e-03  5.23429e-03  6.35418e-03  7.45090e-03  8.52367e-03
  9.57173e-03  1.05943e-02  1.15908e-02  1.25604e-02  1.35025e-02  1.44165e-02
  1.53017e-02  1.61575e-02  1.69833e-02  1.77786e-02  1.85429e-02  1.92757e-02
  1.99764e-02  2.06446e-02  2.12799e-02  2.18819e-02  2.24502e-02  2.29844e-02
  2.34842e-02  2.39493e-02  2.43795e-02  2.47744e-02  2.51339e-02  2.54578e-02
  2.57459e-02  2.59981e-02  2.62143e-02  2.63943e-02  2.65382e-02  2.66458e-02
  2.67172e-02  2.67524e-02  2.67514e-02  2.67144e-02  2.66413e-02  2.65324e-02
  2.63878e-02  2.62077e-02  2.59923e-02  2.57419e-02  2.54567e-02  2.51371e-02
  2.47833e-02  2.43958e-02  2.39748e-02  2.35210e-02  2.30345e-02  2.25160e-02
  2.19659e-02  2.13846e-02  2.07728e-02  2.01310e-02  1.94598e-02  1.87597e-02
  1.80314e-02  1.72756e-02  1.64930e-02  1.56842e-02  1.48500e-02  1.39911e-02
  1.31084e-02  1.22025e-02  1.12744e-02  1.03249e-02  9.35477e-03  8.36497e-03
  7.35637e-03  6.32988e-03  5.28645e-03  4.22703e-03  3.15257e-03  2.06406e-03
  9.62489e-04 -1.51123e-04 -1.27575e-03 -2.41036e-03 -3.55390e-03 -4.70529e-03
 -5.86346e-03 -7.02731e-03 -8.19573e-03 -9.36762e-03 -1.05419e-02 -1.17173e-02
 -1.28929e-02 -1.40674e-02 -1.52397e-02 -1.64086e-02 -1.75731e-02 -1.87319e-02
 -1.98840e-02 -2.10280e-02 -2.21630e-02 -2.32877e-02 -2.44010e-02 -2.55017e-02
 -2.65887e-02 -2.76608e-02 -2.87170e-02 -2.97561e-02 -3.07770e-02 -3.17787e-02
 -3.27600e-02 -3.37199e-02 -3.46573e-02 -3.55712e-02 -3.64605e-02 -3.73243e-02
 -3.81615e-02 -3.89712e-02 -3.97524e-02 -4.05041e-02 -4.12255e-02 -4.19157e-02
 -4.25737e-02 -4.31988e-02 -4.37901e-02 -4.43468e-02 -4.48681e-02 -4.53533e-02
 -4.58017e-02 -4.62126e-02 -4.65853e-02 -4.69192e-02 -4.72138e-02 -4.74684e-02
 -4.76825e-02 -4.78557e-02 -4.79875e-02 -4.80773e-02 -4.81249e-02 -4.81299e-02
 -4.80919e-02 -4.80107e-02 -4.78860e-02 -4.77175e-02 -4.75052e-02 -4.72489e-02
 -4.69483e-02 -4.66036e-02 -4.62146e-02 -4.57813e-02 -4.53038e-02 -4.47821e-02
 -4.42164e-02 -4.36067e-02 -4.29534e-02 -4.22565e-02 -4.15164e-02 -4.07333e-02
 -3.99076e-02 -3.90396e-02 -3.81297e-02 -3.71784e-02 -3.61861e-02 -3.51533e-02
 -3.40805e-02 -3.29684e-02 -3.18174e-02 -3.06282e-02 -2.94014e-02 -2.81379e-02
 -2.68382e-02 -2.55031e-02 -2.41335e-02 -2.27301e-02 -2.12937e-02 -1.98252e-02
 -1.83256e-02 -1.67957e-02 -1.52364e-02 -1.36488e-02 -1.20337e-02 -1.03923e-02
 -8.72552e-03 -7.03443e-03 -5.32011e-03 -3.58365e-03 -1.82614e-03 -4.87292e-05
  1.74745e-03  3.56125e-03  5.39148e-03  7.23695e-03  9.09647e-03  1.09688e-02
  1.28528e-02  1.47471e-02  1.66506e-02  1.85619e-02  2.04799e-02  2.24032e-02
  2.43306e-02  2.62609e-02  2.81927e-02  3.01247e-02  3.20558e-02  3.39846e-02
  3.59098e-02  3.78302e-02  3.97445e-02  4.16514e-02  4.35497e-02  4.54381e-02
  4.73153e-02  4.91802e-02  5.10315e-02  5.28679e-02  5.46882e-02  5.64913e-02
  5.82760e-02  6.00411e-02  6.17854e-02  6.35078e-02  6.52072e-02  6.68824e-02
  6.85325e-02  7.01563e-02  7.17527e-02  7.33207e-02  7.48594e-02  7.63678e-02
  7.78448e-02  7.92897e-02  8.07013e-02  8.20790e-02  8.34217e-02  8.47288e-02
  8.59993e-02  8.72326e-02  8.84279e-02  8.95843e-02  9.07014e-02  9.17784e-02
  9.28147e-02  9.38096e-02  9.47627e-02  9.56735e-02  9.65413e-02  9.73657e-02
  9.81463e-02  9.88827e-02  9.95746e-02  1.00221e-01  1.00823e-01  1.01379e-01
  1.01889e-01  1.02354e-01  1.02772e-01  1.03143e-01  1.03469e-01  1.03747e-01
  1.03979e-01  1.04165e-01  1.04304e-01  1.04396e-01  1.04441e-01  1.04440e-01
  1.04393e-01  1.04300e-01  1.04160e-01  1.03975e-01  1.03744e-01  1.03467e-01
  1.03146e-01  1.02779e-01  1.02368e-01  1.01913e-01  1.01414e-01  1.00872e-01
  1.00287e-01  9.96591e-02  9.89892e-02  9.82777e-02  9.75250e-02  9.67318e-02
  9.58984e-02  9.50254e-02  9.41135e-02  9.31632e-02  9.21751e-02  9.11499e-02
  9.00881e-02  8.89904e-02  8.78575e-02  8.66901e-02  8.54888e-02  8.42544e-02
  8.29875e-02  8.16889e-02  8.03594e-02  7.89995e-02  7.76102e-02  7.61921e-02
  7.47461e-02  7.32728e-02  7.17732e-02  7.02480e-02  6.86979e-02  6.71239e-02
  6.55267e-02  6.39072e-02  6.22662e-02  6.06045e-02  5.89230e-02  5.72225e-02
  5.55039e-02  5.37680e-02  5.20158e-02  5.02480e-02  4.84656e-02  4.66693e-02
  4.48601e-02  4.30389e-02  4.12064e-02  3.93636e-02  3.75113e-02  3.56505e-02
  3.37819e-02  3.19065e-02  3.00252e-02  2.81388e-02  2.62482e-02  2.43542e-02
  2.24578e-02  2.05597e-02  1.86609e-02  1.67622e-02  1.48645e-02  1.29685e-02
  1.10752e-02  9.18544e-03  7.29995e-03  5.41960e-03  3.54524e-03  1.67768e-03
 -1.82267e-04 -2.03381e-03 -3.87615e-03 -5.70852e-03 -7.53015e-03 -9.34028e-03
 -1.11382e-02 -1.29231e-02 -1.46943e-02 -1.64510e-02 -1.81926e-02 -1.99184e-02
 -2.16277e-02 -2.33198e-02 -2.49940e-02 -2.66497e-02 -2.82862e-02 -2.99030e-02
 -3.14995e-02 -3.30750e-02 -3.46289e-02 -3.61608e-02 -3.76700e-02 -3.91561e-02
 -4.06185e-02 -4.20567e-02 -4.34703e-02 -4.48587e-02 -4.62216e-02 -4.75584e-02
 -4.88688e-02 -5.01524e-02 -5.14087e-02 -5.26375e-02 -5.38383e-02 -5.50109e-02
 -5.61548e-02 -5.72700e-02 -5.83560e-02 -5.94126e-02 -6.04396e-02 -6.14367e-02
 -6.24038e-02 -6.33406e-02 -6.42469e-02 -6.51227e-02 -6.59677e-02 -6.67818e-02
 -6.75649e-02 -6.83170e-02 -6.90379e-02 -6.97277e-02 -7.03861e-02 -7.10133e-02
 -7.16093e-02 -7.21739e-02 -7.27074e-02 -7.32096e-02 -7.36806e-02 -7.41205e-02
 -7.45294e-02 -7.49075e-02 -7.52547e-02 -7.55713e-02 -7.58573e-02 -7.61131e-02
 -7.63386e-02 -7.65342e-02 -7.67000e-02 -7.68362e-02 -7.69430e-02 -7.70208e-02
 -7.70696e-02 -7.70899e-02 -7.70818e-02 -7.70456e-02 -7.69818e-02 -7.68905e-02
 -7.67721e-02 -7.66269e-02 -7.64554e-02 -7.62577e-02 -7.60344e-02 -7.57857e-02
 -7.55121e-02 -7.52139e-02 -7.48915e-02 -7.45454e-02 -7.41759e-02 -7.37835e-02
 -7.33686e-02 -7.29318e-02 -7.24734e-02 -7.19939e-02 -7.14939e-02 -7.09737e-02
 -7.04338e-02 -6.98747e-02 -6.92970e-02 -6.87010e-02 -6.80873e-02 -6.74563e-02
 -6.68086e-02 -6.61447e-02 -6.54650e-02 -6.47701e-02 -6.40606e-02 -6.33368e-02
 -6.25994e-02 -6.18488e-02 -6.10857e-02 -6.03104e-02 -5.95234e-02 -5.87254e-02
 -5.79168e-02 -5.70980e-02 -5.62696e-02 -5.54320e-02 -5.45858e-02 -5.37314e-02
 -5.28693e-02 -5.20000e-02 -5.11239e-02 -5.02415e-02 -4.93532e-02 -4.84595e-02
 -4.75608e-02 -4.66575e-02 -4.57501e-02 -4.48389e-02 -4.39243e-02 -4.30067e-02
 -4.20865e-02 -4.11640e-02 -4.02396e-02 -3.93136e-02 -3.83863e-02 -3.74581e-02
 -3.65292e-02 -3.56000e-02 -3.46707e-02 -3.37416e-02 -3.28129e-02 -3.18849e-02
 -3.09577e-02 -3.00315e-02 -2.91066e-02 -2.81831e-02 -2.72612e-02 -2.63410e-02
 -2.54227e-02 -2.45064e-02 -2.35922e-02 -2.26802e-02 -2.17705e-02 -2.08632e-02
 -1.99583e-02 -1.90559e-02 -1.81561e-02 -1.72588e-02 -1.63640e-02 -1.54719e-02
 -1.45823e-02 -1.36952e-02 -1.28107e-02 -1.19287e-02 -1.10491e-02 -1.01719e-02
 -9.29710e-03 -8.42452e-03 -7.55413e-03 -6.68586e-03 -5.81963e-03 -4.95533e-03
 -4.09289e-03 -3.23220e-03 -2.37317e-03 -1.51569e-03 -6.59648e-04  1.95053e-04
  1.04853e-03  1.90089e-03  2.75224e-03  3.60269e-03  4.45235e-03  5.30132e-03
  6.14971e-03  6.99759e-03  7.84508e-03  8.69225e-03  9.53919e-03  1.03860e-02
  1.12327e-02  1.20794e-02  1.29261e-02  1.37729e-02  1.46199e-02  1.54671e-02
  1.63145e-02  1.71621e-02  1.80100e-02  1.88582e-02  1.97065e-02  2.05551e-02
  2.14038e-02  2.22527e-02  2.31016e-02  2.39505e-02  2.47994e-02  2.56480e-02
  2.64963e-02  2.73441e-02  2.81914e-02  2.90379e-02  2.98835e-02  3.07280e-02
  3.15712e-02  3.24129e-02  3.32528e-02  3.40907e-02  3.49263e-02  3.57594e-02
  3.65896e-02  3.74167e-02  3.82404e-02  3.90602e-02  3.98759e-02  4.06871e-02
  4.14934e-02  4.22943e-02  4.30896e-02  4.38787e-02  4.46613e-02  4.54368e-02
  4.62047e-02  4.69647e-02  4.77163e-02  4.84588e-02  4.91918e-02  4.99147e-02
  5.06271e-02  5.13283e-02  5.20177e-02  5.26949e-02  5.33591e-02  5.40099e-02
  5.46465e-02  5.52684e-02  5.58750e-02  5.64657e-02  5.70398e-02  5.75967e-02
  5.81358e-02  5.86564e-02  5.91580e-02  5.96398e-02  6.01012e-02  6.05416e-02
  6.09604e-02  6.13568e-02  6.17302e-02  6.20800e-02  6.24056e-02  6.27063e-02
  6.29816e-02  6.32307e-02  6.34531e-02  6.36482e-02  6.38154e-02  6.39542e-02
  6.40640e-02  6.41442e-02  6.41942e-02  6.42137e-02  6.42020e-02  6.41586e-02
  6.40832e-02  6.39752e-02  6.38342e-02  6.36598e-02  6.34517e-02  6.32094e-02
  6.29326e-02  6.26210e-02  6.22742e-02  6.18921e-02  6.14743e-02  6.10207e-02
  6.05309e-02  6.00050e-02  5.94427e-02  5.88439e-02  5.82085e-02  5.75366e-02
  5.68280e-02  5.60827e-02  5.53009e-02  5.44826e-02  5.36280e-02  5.27370e-02
  5.18099e-02  5.08469e-02  4.98483e-02  4.88143e-02  4.77452e-02  4.66413e-02
  4.55031e-02  4.43309e-02  4.31251e-02  4.18863e-02  4.06149e-02  3.93114e-02
  3.79765e-02  3.66106e-02  3.52145e-02  3.37888e-02  3.23341e-02  3.08512e-02
  2.93408e-02  2.78038e-02  2.62408e-02  2.46527e-02  2.30404e-02  2.14048e-02
  1.97467e-02  1.80671e-02  1.63670e-02  1.46473e-02  1.29090e-02  1.11531e-02
  9.38073e-03  7.59290e-03  5.79068e-03  3.97517e-03  2.14748e-03  3.08736e-04
 -1.53992e-03 -3.39733e-03 -5.26232e-03 -7.13373e-03 -9.01037e-03 -1.08910e-02
 -1.27745e-02 -1.46597e-02 -1.65452e-02 -1.84299e-02 -2.03126e-02 -2.21920e-02
 -2.40669e-02 -2.59361e-02 -2.77983e-02 -2.96524e-02 -3.14970e-02 -3.33309e-02
 -3.51530e-02 -3.69619e-02 -3.87566e-02 -4.05358e-02 -4.22983e-02 -4.40429e-02
 -4.57685e-02 -4.74739e-02 -4.91580e-02 -5.08196e-02 -5.24576e-02 -5.40710e-02
 -5.56586e-02 -5.72193e-02 -5.87523e-02 -6.02563e-02 -6.17304e-02 -6.31736e-02
 -6.45850e-02 -6.59635e-02 -6.73084e-02 -6.86186e-02 -6.98932e-02 -7.11316e-02
 -7.23327e-02 -7.34958e-02 -7.46201e-02 -7.57050e-02 -7.67495e-02 -7.77532e-02
 -7.87153e-02 -7.96352e-02 -8.05124e-02 -8.13461e-02 -8.21360e-02 -8.28814e-02
 -8.35819e-02 -8.42371e-02 -8.48465e-02 -8.54097e-02 -8.59265e-02 -8.63963e-02
 -8.68191e-02 -8.71945e-02 -8.75222e-02 -8.78021e-02 -8.80340e-02 -8.82179e-02
 -8.83535e-02 -8.84409e-02 -8.84800e-02 -8.84708e-02 -8.84133e-02 -8.83076e-02
 -8.81540e-02 -8.79523e-02 -8.77028e-02 -8.74058e-02 -8.70613e-02 -8.66698e-02
 -8.62314e-02 -8.57464e-02 -8.52153e-02 -8.46383e-02 -8.40159e-02 -8.33485e-02
 -8.26365e-02 -8.18805e-02 -8.10809e-02 -8.02383e-02 -7.93533e-02 -7.84264e-02
 -7.74583e-02 -7.64495e-02 -7.54008e-02 -7.43127e-02 -7.31861e-02 -7.20215e-02
 -7.08198e-02 -6.95818e-02 -6.83081e-02 -6.69996e-02 -6.56571e-02 -6.42814e-02
 -6.28735e-02 -6.14341e-02 -5.99641e-02 -5.84645e-02 -5.69361e-02 -5.53798e-02
 -5.37966e-02 -5.21874e-02 -5.05531e-02 -4.88947e-02 -4.72131e-02 -4.55093e-02
 -4.37843e-02 -4.20390e-02 -4.02744e-02 -3.84915e-02 -3.66913e-02 -3.48747e-02
 -3.30428e-02 -3.11966e-02 -2.93369e-02 -2.74648e-02 -2.55814e-02 -2.36874e-02
 -2.17840e-02 -1.98721e-02 -1.79526e-02 -1.60266e-02 -1.40950e-02 -1.21587e-02
 -1.02187e-02 -8.27599e-03 -6.33141e-03 -4.38591e-03 -2.44041e-03 -4.95797e-04
  1.44703e-03  3.38718e-03  5.32380e-03  7.25602e-03  9.18300e-03  1.11039e-02
  1.30179e-02  1.49242e-02  1.68220e-02  1.87104e-02  2.05888e-02  2.24564e-02
  2.43123e-02  2.61560e-02  2.79866e-02  2.98035e-02  3.16059e-02  3.33931e-02
  3.51646e-02  3.69196e-02  3.86574e-02  4.03775e-02  4.20793e-02  4.37620e-02
  4.54252e-02  4.70682e-02  4.86906e-02  5.02916e-02  5.18709e-02  5.34278e-02
  5.49618e-02  5.64725e-02  5.79593e-02  5.94217e-02  6.08593e-02  6.22716e-02
  6.36581e-02  6.50184e-02  6.63522e-02  6.76588e-02  6.89380e-02  7.01894e-02
  7.14125e-02  7.26070e-02  7.37726e-02  7.49087e-02  7.60151e-02  7.70915e-02
  7.81374e-02  7.91526e-02  8.01368e-02  8.10897e-02  8.20108e-02  8.29001e-02
  8.37571e-02  8.45817e-02  8.53735e-02  8.61323e-02  8.68578e-02  8.75498e-02
  8.82081e-02  8.88324e-02  8.94225e-02  8.99782e-02  9.04993e-02  9.09857e-02
  9.14371e-02  9.18534e-02  9.22344e-02  9.25800e-02  9.28900e-02  9.31643e-02
  9.34028e-02  9.36053e-02  9.37718e-02  9.39021e-02  9.39963e-02  9.40541e-02
  9.40755e-02  9.40606e-02  9.40092e-02  9.39214e-02  9.37971e-02  9.36363e-02
  9.34391e-02  9.32055e-02  9.29355e-02  9.26292e-02  9.22866e-02  9.19079e-02
  9.14930e-02  9.10423e-02  9.05556e-02  9.00332e-02  8.94752e-02  8.88818e-02
  8.82532e-02  8.75896e-02  8.68911e-02  8.61580e-02  8.53905e-02  8.45889e-02
  8.37535e-02  8.28845e-02  8.19822e-02  8.10470e-02  8.00791e-02  7.90790e-02
  7.80469e-02  7.69834e-02  7.58887e-02  7.47633e-02  7.36076e-02  7.24220e-02
  7.12070e-02  6.99630e-02  6.86906e-02  6.73902e-02  6.60624e-02  6.47076e-02
  6.33264e-02  6.19193e-02  6.04869e-02  5.90299e-02  5.75487e-02  5.60440e-02
  5.45165e-02  5.29666e-02  5.13952e-02  4.98027e-02  4.81899e-02  4.65575e-02
  4.49061e-02  4.32364e-02  4.15492e-02  3.98450e-02  3.81247e-02  3.63890e-02
  3.46387e-02  3.28744e-02  3.10970e-02  2.93072e-02  2.75058e-02  2.56935e-02
  2.38712e-02  2.20396e-02  2.01996e-02  1.83518e-02  1.64972e-02  1.46365e-02
  1.27705e-02  1.09000e-02  9.02590e-03  7.14893e-03  5.26995e-03  3.38977e-03
  1.50922e-03 -3.70872e-04 -2.24969e-03 -4.12641e-03 -6.00022e-03 -7.87030e-03
 -9.73583e-03 -1.15960e-02 -1.34500e-02 -1.52971e-02 -1.71364e-02 -1.89671e-02
 -2.07885e-02 -2.25997e-02 -2.43999e-02 -2.61884e-02 -2.79645e-02 -2.97273e-02
 -3.14761e-02 -3.32101e-02 -3.49286e-02 -3.66309e-02 -3.83163e-02 -3.99840e-02
 -4.16332e-02 -4.32634e-02 -4.48739e-02 -4.64639e-02 -4.80327e-02 -4.95799e-02
 -5.11046e-02 -5.26063e-02 -5.40843e-02 -5.55381e-02 -5.69624e-02 -5.83360e-02
 -5.96091e-02 -6.06949e-02 -6.14679e-02 -6.17730e-02 -6.14415e-02 -6.03148e-02
 -5.82710e-02 -5.52530e-02 -5.12866e-02 -4.64833e-02 -4.10305e-02 -3.51723e-02
 -2.91854e-02 -2.33526e-02 -1.79355e-02 -1.31488e-02 -9.13834e-03 -5.96818e-03
 -3.61936e-03 -2.00322e-03 -9.84850e-04 -4.10073e-04 -1.29886e-04 -1.92671e-05
  1.15773e-05  1.52649e-05  1.45496e-05  1.48312e-05  1.54866e-05  1.58242e-05
  1.60731e-05  1.64823e-05  1.68925e-05  1.71343e-05  1.74262e-05  1.79949e-05
  1.82448e-05  1.75707e-05  1.60151e-05  1.37118e-05  1.09248e-05  7.97561e-06
  5.08729e-06  2.48083e-06  6.43551e-07  0.00000e+00  0.00000e+00  0.00000e+00
  0.00000e+00  0.00000e+00  0.00000e+00  0.00000e+00  0.00000e+00  0.00000e+00
  0.00000e+00  0.00000e+00  0.00000e+00  0.00000e+00  0.00000e+00  0.00000e+00
  0.00000e+00  0.00000e+00  0.00000e+00  0.00000e+00  0.00000e+00  0.00000e+00
  0.00000e+00  0.00000e+00  0.00000e+00  0.00000e+00  0.00000e+00  0.00000e+00
  0.00000e+00  0.00000e+00  0.00000e+00  0.00000e+00  0.00000e+00  0.00000e+00
  0.00000e+00  0.00000e+00  0.00000e+00  0.00000e+00  0.00000e+00  0.00000e+00
  0.00000e+00  0.00000e+00  0.00000e+00  0.00000e+00  0.00000e+00  0.00000e+00
  0.00000e+00  0.00000e+00  0.00000e+00  0.00000e+00  0.00000e+00  0.00000e+00
  0.00000e+00  0.00000e+00  0.00000e+00  0.00000e+00  0.00000e+00  0.00000e+00
  0.00000e+00  0.00000e+00  0.00000e+00  0.00000e+00  0.00000e+00  0.00000e+00
  0.00000e+00  0.00000e+00  0.00000e+00  0.00000e+00  0.00000e+00  0.00000e+00
  0.00000e+00  0.00000e+00  0.00000e+00  0.00000e+00  0.00000e+00  0.00000e+00
  0.00000e+00  0.00000e+00  0.00000e+00  0.00000e+00  0.00000e+00  0.00000e+00
  0.00000e+00  0.00000e+00  0.00000e+00  0.00000e+00  0.00000e+00  0.00000e+00
  0.00000e+00  0.00000e+00  0.00000e+00  0.00000e+00  0.00000e+00  0.00000e+00
  0.00000e+00  0.00000e+00  0.00000e+00  0.00000e+00  0.00000e+00  0.00000e+00
  0.00000e+00  0.00000e+00  0.00000e+00  0.00000e+00  0.00000e+00  0.00000e+00
  0.00000e+00  0.00000e+00  0.00000e+00  0.00000e+00  0.00000e+00  0.00000e+00
  0.00000e+00  0.00000e+00  0.00000e+00  0.00000e+00  0.00000e+00  0.00000e+00
  0.00000e+00  0.00000e+00  0.00000e+00  0.00000e+00  0.00000e+00  0.00000e+00
  0.00000e+00  0.00000e+00  0.00000e+00  0.00000e+00  0.00000e+00  0.00000e+00
  0.00000e+00  0.00000e+00  0.00000e+00  0.00000e+00  0.00000e+00  0.00000e+00
  0.00000e+00  0.00000e+00  0.00000e+00  0.00000e+00  0.00000e+00  0.00000e+00
  0.00000e+00  0.00000e+00  0.00000e+00  0.00000e+00  0.00000e+00  0.00000e+00
  0.00000e+00  0.00000e+00  0.00000e+00  0.00000e+00  0.00000e+00  0.00000e+00
  0.00000e+00  0.00000e+00  0.00000e+00  0.00000e+00  0.00000e+00  0.00000e+00
  0.00000e+00  0.00000e+00  0.00000e+00  0.00000e+00  0.00000e+00  0.00000e+00
  0.00000e+00  0.00000e+00  0.00000e+00  0.00000e+00  0.00000e+00  0.00000e+00
  0.00000e+00  0.00000e+00  0.00000e+00  0.00000e+00  0.00000e+00  0.00000e+00
  0.00000e+00  0.00000e+00  0.00000e+00  0.00000e+00  0.00000e+00  0.00000e+00
  0.00000e+00  0.00000e+00  0.00000e+00  0.00000e+00  0.00000e+00  0.00000e+00
  0.00000e+00  0.00000e+00  0.00000e+00  0.00000e+00  0.00000e+00  0.00000e+00
  0.00000e+00  0.00000e+00  0.00000e+00  0.00000e+00  0.00000e+00  0.00000e+00
  0.00000e+00  0.00000e+00  0.00000e+00  0.00000e+00  0.00000e+00  0.00000e+00
  0.00000e+00  0.00000e+00  0.00000e+00  0.00000e+00  0.00000e+00  0.00000e+00
  0.00000e+00  0.00000e+00  0.00000e+00  0.00000e+00  0.00000e+00  0.00000e+00
  0.00000e+00  0.00000e+00  0.00000e+00  0.00000e+00  0.00000e+00  0.00000e+00
  0.00000e+00  0.00000e+00  0.00000e+00  0.00000e+00  0.00000e+00  0.00000e+00
  0.00000e+00  0.00000e+00  0.00000e+00  0.00000e+00  0.00000e+00  0.00000e+00
  0.00000e+00  0.00000e+00  0.00000e+00  0.00000e+00  0.00000e+00  0.00000e+00
  0.00000e+00  0.00000e+00  0.00000e+00  0.00000e+00  0.00000e+00  0.00000e+00
  0.00000e+00  0.00000e+00  0.00000e+00  0.00000e+00  0.00000e+00  0.00000e+00
  0.00000e+00  0.00000e+00  0.00000e+00  0.00000e+00  0.00000e+00  0.00000e+00
  0.00000e+00  0.00000e+00  0.00000e+00  0.00000e+00  0.00000e+00  0.00000e+00
  0.00000e+00  0.00000e+00  0.00000e+00  0.00000e+00  0.00000e+00  0.00000e+00
  0.00000e+00  0.00000e+00  0.00000e+00  0.00000e+00  0.00000e+00  0.00000e+00
  0.00000e+00  0.00000e+00  0.00000e+00  0.00000e+00  0.00000e+00  0.00000e+00
  0.00000e+00  0.00000e+00  0.00000e+00  0.00000e+00  0.00000e+00  0.00000e+00
  0.00000e+00  0.00000e+00  0.00000e+00  0.00000e+00  0.00000e+00  0.00000e+00
  0.00000e+00  0.00000e+00  0.00000e+00  0.00000e+00  0.00000e+00  0.00000e+00
  0.00000e+00  0.00000e+00  0.00000e+00  0.00000e+00  0.00000e+00  0.00000e+00
  0.00000e+00  0.00000e+00  0.00000e+00  0.00000e+00  0.00000e+00  0.00000e+00
  0.00000e+00  0.00000e+00  0.00000e+00  0.00000e+00  0.00000e+00  0.00000e+00
  0.00000e+00  0.00000e+00  0.00000e+00  0.00000e+00  0.00000e+00  0.00000e+00
  0.00000e+00  0.00000e+00  0.00000e+00  0.00000e+00  0.00000e+00  0.00000e+00
  0.00000e+00  0.00000e+00  0.00000e+00  0.00000e+00  0.00000e+00  0.00000e+00
  0.00000e+00  0.00000e+00  0.00000e+00  0.00000e+00  0.00000e+00  0.00000e+00
  0.00000e+00  0.00000e+00  0.00000e+00  0.00000e+00  0.00000e+00  0.00000e+00
  0.00000e+00  0.00000e+00  0.00000e+00  0.00000e+00  0.00000e+00  0.00000e+00
  0.00000e+00  0.00000e+00  0.00000e+00  0.00000e+00  0.00000e+00  0.00000e+00
  0.00000e+00  0.00000e+00  0.00000e+00  0.00000e+00  0.00000e+00  0.00000e+00
  0.00000e+00  0.00000e+00  0.00000e+00  0.00000e+00  0.00000e+00  0.00000e+00
  0.00000e+00  0.00000e+00  0.00000e+00  0.00000e+00  0.00000e+00  0.00000e+00
  0.00000e+00  0.00000e+00  0.00000e+00  0.00000e+00  0.00000e+00  0.00000e+00
  0.00000e+00  0.00000e+00  0.00000e+00  0.00000e+00  0.00000e+00  0.00000e+00
  0.00000e+00  0.00000e+00  0.00000e+00  0.00000e+00  0.00000e+00  0.00000e+00
  0.00000e+00  0.00000e+00  0.00000e+00  0.00000e+00  0.00000e+00  0.00000e+00
  0.00000e+00  0.00000e+00  0.00000e+00  0.00000e+00  0.00000e+00  0.00000e+00
  0.00000e+00  0.00000e+00  0.00000e+00  0.00000e+00  0.00000e+00  0.00000e+00
  0.00000e+00  0.00000e+00  0.00000e+00  0.00000e+00  0.00000e+00  0.00000e+00
  0.00000e+00  0.00000e+00  0.00000e+00  0.00000e+00  0.00000e+00  0.00000e+00
  0.00000e+00  0.00000e+00  0.00000e+00  0.00000e+00  0.00000e+00  0.00000e+00
  0.00000e+00  0.00000e+00  0.00000e+00  0.00000e+00  0.00000e+00  0.00000e+00
  0.00000e+00  0.00000e+00  0.00000e+00  0.00000e+00  0.00000e+00  0.00000e+00
  0.00000e+00  0.00000e+00  0.00000e+00  0.00000e+00  0.00000e+00  0.00000e+00
  0.00000e+00  0.00000e+00  0.00000e+00  0.00000e+00  0.00000e+00  0.00000e+00
  0.00000e+00  0.00000e+00  0.00000e+00  0.00000e+00  0.00000e+00  0.00000e+00
  0.00000e+00  0.00000e+00  0.00000e+00  0.00000e+00  0.00000e+00  0.00000e+00
  0.00000e+00  0.00000e+00  0.00000e+00  0.00000e+00  0.00000e+00  0.00000e+00
  0.00000e+00  0.00000e+00  0.00000e+00  0.00000e+00  0.00000e+00  0.00000e+00
  0.00000e+00  0.00000e+00  0.00000e+00  0.00000e+00  0.00000e+00  0.00000e+00
  0.00000e+00  0.00000e+00  0.00000e+00  0.00000e+00  0.00000e+00  0.00000e+00
  0.00000e+00  0.00000e+00  0.00000e+00  0.00000e+00  0.00000e+00  0.00000e+00
  0.00000e+00  0.00000e+00  0.00000e+00  0.00000e+00  0.00000e+00  0.00000e+00
  0.00000e+00  0.00000e+00  0.00000e+00  0.00000e+00  0.00000e+00  0.00000e+00
  0.00000e+00  0.00000e+00  0.00000e+00  0.00000e+00  0.00000e+00  0.00000e+00
  0.00000e+00  0.00000e+00  0.00000e+00  0.00000e+00  0.00000e+00  0.00000e+00
  0.00000e+00  0.00000e+00  0.00000e+00  0.00000e+00  0.00000e+00  0.00000e+00
  0.00000e+00  0.00000e+00  0.00000e+00  0.00000e+00  0.00000e+00  0.00000e+00
  0.00000e+00  0.00000e+00  0.00000e+00  0.00000e+00  0.00000e+00  0.00000e+00
  0.00000e+00  0.00000e+00  0.00000e+00  0.00000e+00  0.00000e+00  0.00000e+00
  0.00000e+00  0.00000e+00  0.00000e+00  0.00000e+00  0.00000e+00  0.00000e+00
  0.00000e+00  0.00000e+00  0.00000e+00  0.00000e+00  0.00000e+00  0.00000e+00
