NNZ        000 TITLE
2500  8.00000e-02 0 0  0.00000e+00  0.00000e+00  0.00000e+00  0.00000e+00
  2.42240e-23  1.97998e-23  5.52243e-24 -1.51769e-23 -3.49390e-23 -4.64332e-23
 -4.68740e-23 -3.98733e-23 -3.30299e-23 -3.26514e-23 -3.92224e-23 -4.69400e-23
 -4.78537e-23 -3.78100e-23 -1.99542e-23 -3.14999e-24  3.72814e-24 -2.30819e-24
 -1.63972e-23 -2.91306e-23 -3.27392e-23 -2.58264e-23 -1.35248e-23 -3.33697e-24
  7.05584e-26 -2.60712e-24 -6.90304e-24 -8.57070e-24 -6.67870e-24 -3.57704e-24
 -2.20283e-24 -3.28512e-24 -4.86177e-24 -4.38766e-24 -1.44572e-24  1.43326e-24
  6.93176e-25 -5.11280e-24 -1.36156e-23 -1.98923e-23 -1.98310e-23 -1.30104e-23
 -2.88536e-24  5.77136e-24  1.00621e-23  1.03042e-23  8.69349e-24  6.74433e-24
  3.91231e-24 -1.36797e-24 -9.27156e-24 -1.72173e-23 -2.11746e-23 -1.88954e-23
 -1.23672e-23 -7.03885e-24 -7.83364e-24 -1.47532e-23 -2.16629e-23 -1.97813e-23
 -3.88103e-24  2.30933e-23  5.05000e-23  6.56537e-23  6.11162e-23  3.89168e-23
  9.10212e-24 -1.61644e-23 -2.89600e-23 -2.85562e-23 -1.97953e-23 -8.81402e-24
  6.46133e-25  8.23125e-24  1.54933e-23  2.37781e-23  3.31708e-23  4.27654e-23
  5.13062e-23  5.72638e-23  5.84522e-23  5.21752e-23  3.66250e-23  1.29818e-23
 -1.34484e-23 -3.45174e-23 -4.27982e-23 -3.54686e-23 -1.59926e-23  7.64457e-24
  2.71349e-23  3.78710e-23  4.04041e-23  3.87754e-23  3.72145e-23  3.75318e-23
  3.86941e-23  3.83660e-23  3.49374e-23  2.85637e-23  2.07680e-23  1.32729e-23
  7.10093e-24  2.50087e-24 -5.17700e-25 -1.67506e-24 -3.87440e-25  3.82614e-24
  1.08618e-23  1.98034e-23  2.90249e-23  3.65190e-23  4.03493e-23  3.92045e-23
  3.29815e-23  2.31567e-23  1.26035e-23  4.69652e-24  1.97108e-24  4.99433e-24
  1.21067e-23  2.02427e-23  2.64043e-23  2.89827e-23  2.82522e-23  2.58938e-23
  2.39541e-23  2.38616e-23  2.59329e-23  2.94283e-23  3.29571e-23  3.50067e-23
  3.44784e-23  3.11580e-23  2.59744e-23  2.08216e-23  1.78317e-23  1.83149e-23
  2.19243e-23  2.66515e-23  2.98586e-23  2.98918e-23  2.73282e-23  2.49800e-23
  2.64563e-23  3.39883e-23  4.67771e-23  6.09243e-23  7.11326e-23  7.33194e-23
  6.67144e-23  5.42720e-23  4.11593e-23  3.21532e-23  2.93527e-23  3.13954e-23
  3.45113e-23  3.47551e-23  3.01817e-23  2.18294e-23  1.30654e-23  7.72076e-24
  8.04856e-24  1.35865e-23  2.14983e-23  2.81719e-23  3.11886e-23  3.05851e-23
  2.87231e-23  2.88576e-23  3.32227e-23  4.17177e-23  5.19179e-23  6.03587e-23
  6.43238e-23  6.31271e-23  5.82453e-23  5.23542e-23  4.79124e-23  4.60757e-23
  4.64169e-23  4.74380e-23  4.75036e-23  4.57402e-23  4.25550e-23  3.95864e-23
  3.90564e-23  4.26985e-23  5.06887e-23  6.11778e-23  7.08714e-23  7.65546e-23
  7.67826e-23  7.26482e-23  6.69796e-23  6.23535e-23  5.92529e-23  5.57836e-23
  4.93546e-23  3.92468e-23  2.81345e-23  2.11474e-23  2.27616e-23  3.35074e-23
  4.88900e-23  6.15769e-23  6.56641e-23  6.02699e-23  5.00120e-23  4.19835e-23
  4.12407e-23  4.78422e-23  5.73779e-23  6.44601e-23  6.65851e-23  6.55871e-23
  6.57194e-23  6.98906e-23  7.69308e-23  8.20046e-23  7.99773e-23  6.93610e-23
  5.39862e-23  4.11055e-23  3.71057e-23  4.36443e-23  5.67073e-23  6.91036e-23
  7.46773e-23  7.15554e-23  6.26009e-23  5.31671e-23  4.78708e-23  4.83946e-23
  5.33085e-23  5.94846e-23  6.38781e-23  6.46602e-23  6.14850e-23  5.52885e-23
  4.80255e-23  4.23373e-23  4.08740e-23  4.52203e-23  5.49041e-23  6.72509e-23
  7.84749e-23  8.55567e-23  8.77695e-23  8.68071e-23  8.53618e-23  8.50895e-23
  8.53745e-23  8.37759e-23  7.78602e-23  6.71460e-23  5.38040e-23  4.16258e-23
  3.39637e-23  3.20143e-23  3.45310e-23  3.90451e-23  4.36680e-23  4.82236e-23
  5.39857e-23  6.22793e-23  7.29692e-23  8.39212e-23  9.18724e-23  9.42230e-23
  9.06512e-23  8.35178e-23  7.67233e-23  7.35957e-23  7.49855e-23  7.86774e-23
  8.05250e-23  7.67524e-23  6.61923e-23  5.12219e-23  3.68405e-23  2.83421e-23
  2.88076e-23  3.77373e-23  5.15203e-23  6.54268e-23  7.59862e-23  8.24322e-23
  8.64576e-23  9.05058e-23  9.56799e-23  1.00594e-22  1.01948e-22  9.65784e-23
  8.38041e-23  6.65737e-23  5.05569e-23  4.14977e-23  4.22631e-23  5.13280e-23
  6.36694e-23  7.36131e-23  7.79533e-23  7.74631e-23  7.59176e-23  7.73374e-23
  8.32797e-23  9.18997e-23  9.92581e-23  1.01837e-22  9.85190e-23  9.08153e-23
  8.14964e-23  7.28456e-23  6.58422e-23  6.06267e-23  5.74931e-23  5.72772e-23
  6.06718e-23  6.70743e-23  7.41375e-23  7.87028e-23  7.86496e-23  7.43254e-23
  6.84098e-23  6.42031e-23  6.35353e-23  6.57960e-23  6.87276e-23  7.02838e-23
  7.00940e-23  6.94719e-23  7.01256e-23  7.27512e-23  7.67160e-23  8.10589e-23
  8.58454e-23  9.24289e-23  1.01685e-22  1.10407e-22  1.07214e-22  7.04010e-23
 -2.82325e-23 -2.07518e-22 -4.42053e-22 -6.06272e-22 -4.12325e-22  6.09952e-22
  2.99697e-21  6.96927e-21  1.16747e-20  1.41010e-20  8.06358e-21 -1.57266e-20
 -6.68002e-20 -1.47153e-19 -2.37136e-19 -2.76542e-19 -1.48707e-19  3.14890e-19
  1.28140e-18  2.78176e-18  4.47443e-18  5.33527e-18  3.39686e-18 -4.19631e-18
 -2.03962e-17 -4.62313e-17 -7.72420e-17 -9.86914e-17 -8.11556e-17  1.99658e-17
  2.55321e-16  6.55888e-16  1.18527e-15  1.67168e-15  1.73614e-15  7.57295e-16
 -2.05896e-15 -7.41417e-15 -1.53707e-14 -2.44986e-14 -3.08374e-14 -2.70440e-14
 -2.43089e-15  5.50805e-14  1.53925e-13  2.89955e-13  4.33892e-13  5.17687e-13
  4.25569e-13 -5.87781e-16 -9.28844e-13 -2.46487e-12 -4.53276e-12 -6.71697e-12
 -8.09930e-12 -7.16044e-12 -1.85375e-12  1.00142e-11  2.99687e-11  5.75559e-11
  8.86277e-11  1.13559e-10  1.16057e-10  7.35535e-11 -3.96039e-11 -2.45033e-10
 -5.48670e-10 -9.25233e-10 -1.30131e-09 -1.54209e-09 -1.44902e-09 -7.77687e-10
  7.15676e-10  3.19374e-09  6.62646e-09  1.06630e-08  1.45169e-08  1.69104e-08
  1.61310e-08  1.02570e-08 -2.41717e-09 -2.27604e-08 -5.00642e-08 -8.13308e-08
 -1.10824e-07 -1.30155e-07 -1.29194e-07 -9.79565e-08 -2.94732e-08  7.67099e-08
  2.11086e-07  3.51844e-07  4.64903e-07  5.07538e-07  4.36404e-07  2.19854e-07
 -1.46841e-07 -6.26350e-07 -1.12865e-06 -1.51028e-06 -1.58881e-06 -1.17603e-06
 -1.30105e-07  1.57829e-06  3.79681e-06  6.13631e-06  7.95084e-06  8.37455e-06
  6.43235e-06  1.23085e-06 -7.78092e-06 -2.05115e-05 -3.59397e-05 -5.19070e-05
 -6.50651e-05 -7.10440e-05 -6.48817e-05 -4.17124e-05  2.34255e-06  6.91979e-05
  1.57906e-04  2.64033e-04  3.79490e-04  4.92974e-04  5.91054e-04  6.59854e-04
  6.87131e-04  6.64446e-04  5.89043e-04  4.65040e-04  3.03632e-04  1.22106e-04
 -5.82749e-05 -2.15284e-04 -3.29161e-04 -3.85882e-04 -3.79641e-04 -3.14041e-04
 -2.01677e-04 -6.21319e-05  8.13231e-05  2.05706e-04  2.92252e-04  3.29510e-04
  3.15024e-04  2.55270e-04  1.63906e-04  5.87521e-05 -4.18347e-05 -1.22401e-04
 -1.72948e-04 -1.90123e-04 -1.76923e-04 -1.41151e-04 -9.31160e-05 -4.32367e-05
 -1.15397e-07  3.05244e-05  4.59666e-05  4.59142e-05  3.16049e-05  5.09704e-06
 -3.09410e-05 -7.28574e-05 -1.15281e-04 -1.50475e-04 -1.68308e-04 -1.57256e-04
 -1.06518e-04 -8.96728e-06  1.35755e-04  3.18888e-04  5.21817e-04  7.17514e-04
  8.74228e-04  9.60891e-04  9.53189e-04  8.39004e-04  6.21921e-04  3.21936e-04
 -2.69510e-05 -3.81823e-04 -6.97621e-04 -9.34229e-04 -1.06252e-03 -1.06829e-03
 -9.53535e-04 -7.35204e-04 -4.41876e-04 -1.09340e-04  2.24103e-04  5.21883e-04
  7.52554e-04  8.92238e-04  9.26247e-04  8.50028e-04  6.69570e-04  4.01199e-04
  7.06363e-05 -2.88865e-04 -6.39373e-04 -9.42000e-04 -1.16113e-03 -1.26863e-03
 -1.24742e-03 -1.09393e-03 -8.18970e-04 -4.47044e-04 -1.40816e-05  4.36084e-04
  8.56160e-04  1.20037e-03  1.42954e-03  1.51591e-03  1.44697e-03  1.22803e-03
  8.82697e-04  4.51015e-04 -1.48620e-05 -4.57159e-04 -8.20313e-04 -1.05898e-03
 -1.14489e-03 -1.07125e-03 -8.53967e-04 -5.29304e-04 -1.48442e-04  2.30158e-04
  5.49330e-04  7.61382e-04  8.34745e-04  7.58243e-04  5.42541e-04  2.18674e-04
 -1.66189e-04 -5.55277e-04 -8.90380e-04 -1.12068e-03 -1.21102e-03 -1.14825e-03
 -9.44282e-04 -6.34986e-04 -2.74501e-04  7.42317e-05  3.51201e-04  5.10984e-04
  5.31792e-04  4.19760e-04  2.07338e-04 -5.40341e-05 -3.05374e-04 -4.93127e-04
 -5.80660e-04 -5.55648e-04 -4.31764e-04 -2.44497e-04 -4.22920e-05  1.24719e-04
  2.15741e-04  2.07687e-04  9.93005e-05 -8.94875e-05 -3.22394e-04 -5.54443e-04
 -7.40693e-04 -8.44309e-04 -8.42630e-04 -7.30449e-04 -5.20300e-04 -2.40007e-04
  7.18306e-05  3.71642e-04  6.17072e-04  7.72754e-04  8.14972e-04  7.34720e-04
  5.38890e-04  2.49545e-04 -9.85841e-05 -4.62051e-04 -7.93731e-04 -1.04848e-03
 -1.18895e-03 -1.19090e-03 -1.04756e-03 -7.72019e-04 -3.97242e-04  2.70112e-05
  4.40336e-04  7.80448e-04  9.93361e-04  1.04325e-03  9.19974e-04  6.42482e-04
  2.56938e-04 -1.70480e-04 -5.65016e-04 -8.56845e-04 -9.93958e-04 -9.51742e-04
 -7.37281e-04 -3.87523e-04  3.81727e-05  4.69442e-04  8.37820e-04  1.08853e-03
  1.18898e-03  1.13255e-03  9.37541e-04  6.41819e-04  2.94857e-04 -5.11915e-05
 -3.49584e-04 -5.64994e-04 -6.76801e-04 -6.79712e-04 -5.82256e-04 -4.03999e-04
 -1.72275e-04  8.10074e-05  3.22302e-04  5.19258e-04  6.43742e-04  6.75245e-04
  6.04486e-04  4.36583e-04  1.92765e-04 -9.04991e-05 -3.65698e-04 -5.81830e-04
 -6.94282e-04 -6.75055e-04 -5.20810e-04 -2.56300e-04  6.83857e-05  3.86872e-04
  6.30256e-04  7.42585e-04  6.94312e-04  4.90290e-04  1.70066e-04 -1.99870e-04
 -5.40183e-04 -7.75883e-04 -8.52549e-04 -7.47909e-04 -4.76279e-04 -8.52103e-05
  3.54518e-04  7.62994e-04  1.06619e-03  1.20887e-03  1.16328e-03  9.32557e-04
  5.48974e-04  6.80781e-05 -4.40015e-04 -9.00677e-04 -1.24494e-03 -1.41883e-03
 -1.39087e-03 -1.15719e-03 -7.43364e-04 -2.02351e-04  3.91494e-04  9.52231e-04
  1.39481e-03  1.64856e-03  1.66936e-03  1.44842e-03  1.01545e-03  4.35499e-04
 -2.00653e-04 -7.91084e-04 -1.23985e-03 -1.47361e-03 -1.45459e-03 -1.18735e-03
 -7.18025e-04 -1.25974e-04  4.90555e-04  1.03197e-03  1.41474e-03  1.58524e-03
  1.52755e-03  1.26395e-03  8.48372e-04  3.54733e-04 -1.37258e-04 -5.55725e-04
 -8.47150e-04 -9.82235e-04 -9.56787e-04 -7.88469e-04 -5.10942e-04 -1.67143e-04
  1.96947e-04  5.37310e-04  8.15639e-04  1.00218e-03  1.07811e-03  1.03755e-03
  8.88961e-04  6.55035e-04  3.70596e-04  7.79335e-05 -1.79966e-04 -3.67146e-04
 -4.61607e-04 -4.59555e-04 -3.75614e-04 -2.38666e-04 -8.42299e-05  5.46082e-05
  1.55166e-04  2.09716e-04  2.25255e-04  2.18597e-04  2.08378e-04  2.06620e-04
  2.12762e-04  2.12375e-04  1.81376e-04  9.47325e-05 -6.28808e-05 -2.87915e-04
 -5.53547e-04 -8.12107e-04 -1.00451e-03 -1.07467e-03 -9.85287e-04 -7.30602e-04
 -3.42185e-04  1.14384e-04  5.51882e-04  8.80247e-04  1.02738e-03  9.56800e-04
  6.77630e-04  2.44232e-04 -2.54650e-04 -7.14785e-04 -1.03898e-03 -1.15805e-03
 -1.04543e-03 -7.22448e-04 -2.53245e-04  2.68978e-04  7.41175e-04  1.07082e-03
  1.19327e-03  1.08301e-03  7.57068e-04  2.70667e-04 -2.93482e-04 -8.39936e-04
 -1.27663e-03 -1.52975e-03 -1.55532e-03 -1.34592e-03 -9.31728e-04 -3.75874e-04
  2.35453e-04  8.06765e-04  1.24899e-03  1.49467e-03  1.51005e-03  1.30162e-03
  9.15476e-04  4.29272e-04 -6.23572e-05 -4.66156e-04 -7.08884e-04 -7.52309e-04
 -6.01195e-04 -3.02317e-04  6.55437e-05  4.08629e-04  6.38589e-04  6.91701e-04
  5.42597e-04  2.09407e-04 -2.50771e-04 -7.54873e-04 -1.21220e-03 -1.54370e-03
 -1.69766e-03 -1.65852e-03 -1.44685e-03 -1.11135e-03 -7.15135e-04 -3.20064e-04
  2.68450e-05  3.01839e-04  5.06036e-04  6.60439e-04  7.96281e-04  9.43626e-04
  1.12141e-03  1.33143e-03  1.55762e-03  1.77040e-03  1.93464e-03  2.01892e-03
  2.00361e-03  1.88573e-03  1.67945e-03  1.41247e-03  1.11925e-03  8.32995e-04
  5.78485e-04  3.67411e-04  1.97279e-04  5.39181e-05 -8.32186e-05 -2.34456e-04
 -4.13700e-04 -6.24169e-04 -8.56973e-04 -1.09275e-03 -1.30579e-03 -1.46953e-03
 -1.56222e-03 -1.57137e-03 -1.49634e-03 -1.34870e-03 -1.15033e-03 -9.29948e-04
 -7.18534e-04 -5.44374e-04 -4.28427e-04 -3.80630e-04 -3.97768e-04 -4.63459e-04
 -5.50604e-04 -6.26291e-04 -6.58593e-04 -6.24117e-04 -5.14667e-04 -3.41225e-04
 -1.33777e-04  6.36862e-05  2.02450e-04  2.40901e-04  1.56154e-04 -4.75455e-05
 -3.36197e-04 -6.50511e-04 -9.17036e-04 -1.06374e-03 -1.03653e-03 -8.12690e-04
 -4.07770e-04  1.26078e-04  7.10294e-04  1.25646e-03  1.68543e-03  1.94453e-03
  2.01869e-03  1.93280e-03  1.74473e-03  1.53057e-03  1.36582e-03  1.30693e-03
  1.37765e-03  1.56345e-03  1.81521e-03  2.06117e-03  2.22423e-03  2.24029e-03
  2.07344e-03  1.72446e-03  1.23078e-03  6.58156e-04  8.60095e-05 -4.09996e-04
 -7.74314e-04 -9.83116e-04 -1.04862e-03 -1.01526e-03 -9.48551e-04 -9.19247e-04
 -9.86220e-04 -1.18208e-03 -1.50483e-03 -1.91748e-03 -2.35595e-03 -2.74325e-03
 -3.00673e-03 -3.09430e-03 -2.98559e-03 -2.69571e-03 -2.27070e-03 -1.77637e-03
 -1.28336e-03 -8.52479e-04 -5.23807e-04 -3.11923e-04 -2.07774e-04 -1.85909e-04
 -2.14492e-04 -2.65025e-04 -3.19136e-04 -3.70938e-04 -4.24848e-04 -4.90119e-04
 -5.74134e-04 -6.76695e-04 -7.87085e-04 -8.84735e-04 -9.43275e-04 -9.36809e-04
 -8.46658e-04 -6.66770e-04 -4.06331e-04 -8.88763e-05  2.51914e-04  5.78743e-04
  8.57975e-04  1.06593e-03  1.19275e-03  1.24294e-03  1.23274e-03  1.18494e-03
  1.12277e-03  1.06434e-03  1.01901e-03  9.86475e-04  9.58439e-04  9.22301e-04
  8.65554e-04  7.79780e-04  6.63303e-04  5.22082e-04  3.68886e-04  2.21179e-04
  9.82111e-05  1.78109e-05 -6.77950e-06  3.03044e-05  1.25504e-04  2.65030e-04
  4.25835e-04  5.78713e-04  6.93438e-04  7.45195e-04  7.20893e-04  6.23599e-04
  4.73464e-04  3.04221e-04  1.55511e-04  6.25835e-05  4.59291e-05  1.03761e-04
  2.09833e-04  3.17841e-04  3.71975e-04  3.21466e-04  1.35643e-04 -1.84418e-04
 -6.01107e-04 -1.04431e-03 -1.42417e-03 -1.65021e-03 -1.65249e-03 -1.39983e-03
 -9.10098e-04 -2.49440e-04  4.79929e-04  1.16105e-03  1.68754e-03  1.98669e-03
  2.03446e-03  1.85864e-03  1.52962e-03  1.14150e-03  7.89012e-04  5.46241e-04
  4.52585e-04  5.08696e-04  6.82206e-04  9.20350e-04  1.16506e-03  1.36617e-03
  1.48973e-03  1.52044e-03  1.45917e-03  1.31780e-03  1.11363e-03  8.65092e-04
  5.89388e-04  3.01644e-04  1.47721e-05 -2.60698e-04 -5.17106e-04 -7.50253e-04
 -9.59615e-04 -1.14785e-03 -1.31954e-03 -1.47969e-03 -1.63230e-03 -1.77979e-03
 -1.92298e-03 -2.06151e-03 -2.19403e-03 -2.31770e-03 -2.42700e-03 -2.51235e-03
 -2.55932e-03 -2.54941e-03 -2.46269e-03 -2.28222e-03 -1.99921e-03 -1.61750e-03
 -1.15587e-03 -6.47122e-04 -1.33667e-04  3.39750e-04  7.34634e-04  1.02670e-03
  1.21118e-03  1.30404e-03  1.33840e-03  1.35680e-03  1.40077e-03  1.50021e-03
  1.66506e-03  1.88153e-03  2.11402e-03  2.31251e-03  2.42387e-03  2.40438e-03
  2.23056e-03  1.90558e-03  1.45993e-03  9.46070e-04  4.28495e-04 -2.84917e-05
 -3.72565e-04 -5.72200e-04 -6.20765e-04 -5.35235e-04 -3.50000e-04 -1.07328e-04
  1.53258e-04  4.04062e-04  6.34428e-04  8.50453e-04  1.06894e-03  1.30687e-03
  1.56909e-03  1.83809e-03  2.06949e-03  2.19587e-03  2.13947e-03  1.83156e-03
  1.23374e-03  3.55476e-04 -7.38006e-04 -1.93095e-03 -3.07556e-03 -4.02031e-03
 -4.64132e-03 -4.86897e-03 -4.70280e-03 -4.21052e-03 -3.51148e-03 -2.74872e-03
 -2.05722e-03 -1.53616e-03 -1.23232e-03 -1.13770e-03 -1.20091e-03 -1.34792e-03
 -1.50549e-03 -1.62074e-03 -1.67171e-03 -1.66720e-03 -1.63727e-03 -1.61861e-03
 -1.63990e-03 -1.71180e-03 -1.82427e-03 -1.95115e-03 -2.05978e-03 -2.12169e-03
 -2.12066e-03 -2.05544e-03 -1.93640e-03 -1.77791e-03 -1.58908e-03 -1.36678e-03
 -1.09339e-03 -7.40620e-04 -2.78316e-04  3.14278e-04  1.03842e-03  1.87027e-03
  2.76177e-03  3.64824e-03  4.46056e-03  5.13884e-03  5.64355e-03  5.96131e-03
  6.10369e-03  6.09996e-03  5.98609e-03  5.79348e-03  5.54087e-03  5.23151e-03
  4.85595e-03  4.39913e-03  3.84893e-03  3.20340e-03  2.47432e-03  1.68640e-03
  8.72753e-04  6.85533e-05 -6.94784e-04 -1.39318e-03 -2.01032e-03 -2.53543e-03
 -2.95960e-03 -3.27251e-03 -3.46082e-03 -3.50919e-03 -3.40357e-03 -3.13612e-03
 -2.71036e-03 -2.14532e-03 -1.47752e-03 -7.60252e-04 -5.96902e-05  5.51890e-04
  1.00524e-03  1.24459e-03  1.23783e-03  9.84652e-04  5.20537e-04 -8.48430e-05
 -7.35588e-04 -1.32330e-03 -1.74459e-03 -1.91929e-03 -1.80562e-03 -1.40911e-03
 -7.82905e-04 -1.91179e-05  7.67343e-04  1.45926e-03  1.95778e-03  2.19907e-03
  2.16363e-03  1.87668e-03  1.40000e-03  8.17408e-04  2.17454e-04 -3.22708e-04
 -7.48954e-04 -1.03534e-03 -1.18258e-03 -1.21135e-03 -1.15311e-03 -1.04129e-03
 -9.05209e-04 -7.67642e-04 -6.45737e-04 -5.53655e-04 -5.04990e-04 -5.13321e-04
 -5.90236e-04 -7.41343e-04 -9.61796e-04 -1.23324e-03 -1.52376e-03 -1.79157e-03
 -1.99184e-03 -2.08523e-03 -2.04590e-03 -1.86690e-03 -1.56174e-03 -1.16157e-03
 -7.08987e-04 -2.49919e-04  1.74314e-04  5.33143e-04  8.09958e-04  1.00215e-03
  1.11861e-03  1.17565e-03  1.19277e-03  1.18900e-03  1.18054e-03  1.17951e-03
  1.19364e-03  1.22608e-03  1.27526e-03  1.33457e-03  1.39228e-03  1.43223e-03
  1.43589e-03  1.38587e-03  1.27046e-03  1.08826e-03  8.51371e-04  5.85767e-04
  3.27957e-04  1.18128e-04 -9.02027e-06 -3.34890e-05  4.33511e-05  1.96836e-04
  3.82884e-04  5.47112e-04  6.37128e-04  6.14859e-04  4.65722e-04  2.02258e-04
 -1.38628e-04 -5.03898e-04 -8.35778e-04 -1.08337e-03 -1.21179e-03 -1.20709e-03
 -1.07660e-03 -8.45484e-04 -5.50933e-04 -2.35582e-04  5.87035e-05  2.96120e-04
  4.51167e-04  5.11842e-04  4.81596e-04  3.79540e-04  2.38284e-04  9.89658e-05
  3.75863e-06 -1.30527e-05  6.64998e-05  2.38333e-04  4.75119e-04  7.30429e-04
  9.47617e-04  1.07147e-03  1.05980e-03  8.92250e-04  5.74108e-04  1.34651e-04
 -3.79265e-04 -9.12360e-04 -1.41039e-03 -1.82780e-03 -2.13232e-03 -2.30639e-03
 -2.34610e-03 -2.25900e-03 -2.06186e-03 -1.77892e-03 -1.44067e-03 -1.08247e-03
 -7.42353e-04 -4.57468e-04 -2.59343e-04 -1.68679e-04 -1.90905e-04 -3.13785e-04
 -5.08034e-04 -7.31233e-04 -9.34493e-04 -1.07065e-03 -1.10231e-03 -1.00816e-03
 -7.86209e-04 -4.53561e-04 -4.28405e-05  4.03709e-04  8.41168e-04  1.22850e-03
  1.53363e-03  1.73629e-03  1.82873e-03  1.81446e-03  1.70587e-03  1.52144e-03
  1.28317e-03  1.01455e-03  7.39102e-04  4.79368e-04  2.55925e-04  8.62367e-05
 -1.67445e-05 -4.60504e-05 -1.85957e-06  1.08109e-04  2.69329e-04  4.62400e-04
  6.65911e-04  8.59610e-04  1.02714e-03  1.15762e-03  1.24585e-03  1.29107e-03
  1.29511e-03  1.26053e-03  1.18962e-03  1.08466e-03  9.49262e-04  7.90200e-04
  6.18767e-04  4.50812e-04  3.05010e-04  1.99506e-04  1.47718e-04  1.54464e-04
  2.13595e-04  3.07976e-04  4.11991e-04  4.96079e-04  5.32210e-04  4.99009e-04
  3.85368e-04  1.91865e-04 -7.00437e-05 -3.80536e-04 -7.14727e-04 -1.04588e-03
 -1.34786e-03 -1.59678e-03 -1.77197e-03 -1.85704e-03 -1.84138e-03 -1.72224e-03
 -1.50716e-03 -1.21578e-03 -8.80028e-04 -5.41872e-04 -2.48327e-04 -4.42506e-05
  3.57868e-05 -2.52408e-05 -2.22216e-04 -5.27215e-04 -8.93174e-04 -1.26122e-03
 -1.57016e-03 -1.76619e-03 -1.81086e-03 -1.68605e-03 -1.39536e-03 -9.62249e-04
 -4.25717e-04  1.65139e-04  7.56823e-04  1.29662e-03  1.73699e-03  2.03919e-03
  2.17624e-03  2.13525e-03  1.91892e-03  1.54584e-03  1.04919e-03  4.73706e-04
 -1.29076e-04 -7.06643e-04 -1.21156e-03 -1.60675e-03 -1.86904e-03 -1.99052e-03
 -1.97764e-03 -1.84844e-03 -1.62873e-03 -1.34803e-03 -1.03593e-03 -7.19418e-04
 -4.21010e-04 -1.57693e-04  5.96704e-05  2.26633e-04  3.45145e-04  4.23056e-04
  4.72901e-04  5.09849e-04  5.48929e-04  6.01938e-04  6.74712e-04  7.65477e-04
  8.64864e-04  9.57822e-04  1.02717e-03  1.05810e-03  1.04247e-03  9.81989e-04
  8.89073e-04  7.85159e-04  6.96477e-04  6.48102e-04  6.57563e-04  7.29513e-04
  8.52853e-04  1.00126e-03  1.13729e-03  1.21941e-03  1.21054e-03  1.08619e-03
  8.40247e-04  4.87160e-04  5.97166e-05 -3.96873e-04 -8.33286e-04 -1.20479e-03
 -1.47836e-03 -1.63690e-03 -1.67972e-03 -1.62004e-03 -1.48022e-03 -1.28638e-03
 -1.06363e-03 -8.32591e-04 -6.07783e-04 -3.97405e-04 -2.04353e-04 -2.79405e-05
  1.33970e-04  2.82730e-04  4.16898e-04  5.30943e-04  6.15225e-04  6.57659e-04
  6.47105e-04  5.77848e-04  4.53910e-04  2.91570e-04  1.18595e-04 -3.04813e-05
 -1.22507e-04 -1.35408e-04 -6.66128e-05  6.27477e-05  2.09989e-04  3.19821e-04
  3.38495e-04  2.29714e-04 -1.20698e-05 -3.55112e-04 -7.33190e-04 -1.05797e-03
 -1.23852e-03 -1.20332e-03 -9.19328e-04 -4.02993e-04  2.79915e-04  1.02600e-03
  1.71491e-03  2.23415e-03  2.50216e-03  2.48428e-03  2.19808e-03  1.70739e-03
  1.10670e-03  5.00233e-04 -1.93369e-05 -3.87874e-04 -5.79093e-04 -6.05027e-04
 -5.08536e-04 -3.50392e-04 -1.94312e-04 -9.33475e-05 -8.02382e-05 -1.63200e-04
 -3.27302e-04 -5.40425e-04 -7.62011e-04 -9.52436e-04 -1.08096e-03 -1.13073e-03
 -1.10003e-03 -1.00005e-03 -8.50047e-04 -6.71596e-04 -4.83437e-04 -2.98380e-04
 -1.22810e-04  4.14510e-05  1.93946e-04  3.32491e-04  4.51508e-04  5.42582e-04
  5.97167e-04  6.10536e-04  5.85522e-04  5.34519e-04  4.78643e-04  4.43794e-04
  4.54311e-04  5.25727e-04  6.58538e-04  8.34828e-04  1.01899e-03  1.16282e-03
  1.21433e-03  1.12852e-03  8.77947e-04  4.60698e-04 -9.60156e-05 -7.37831e-04
 -1.39059e-03 -1.97187e-03 -2.40455e-03 -2.62974e-03 -2.61653e-03 -2.36678e-03
 -1.91397e-03 -1.31681e-03 -6.48931e-04  1.29210e-05  5.99935e-04  1.05954e-03
  1.35992e-03  1.49057e-03  1.45981e-03  1.29034e-03  1.01432e-03  6.68983e-04
  2.93183e-04 -7.50668e-05 -4.00633e-04 -6.53371e-04 -8.10660e-04 -8.60290e-04
 -8.03208e-04 -6.55291e-04 -4.47218e-04 -2.21803e-04 -2.85816e-05  8.38486e-05
  7.66055e-05 -7.12106e-05 -3.56560e-04 -7.50393e-04 -1.20042e-03 -1.63876e-03
 -1.99336e-03 -2.20118e-03 -2.22056e-03 -2.03977e-03 -1.67993e-03 -1.19104e-03
 -6.41877e-04 -1.05891e-04  3.53690e-04  6.95956e-04  9.08702e-04  1.00770e-03
  1.02934e-03  1.01899e-03  1.01843e-03  1.05583e-03  1.14091e-03  1.26581e-03
  1.41073e-03  1.55174e-03  1.66789e-03  1.74513e-03  1.77643e-03  1.75854e-03
  1.68772e-03  1.55678e-03  1.35533e-03  1.07379e-03  7.09928e-04  2.75670e-04
 -1.98757e-04 -6.65431e-04 -1.06488e-03 -1.33676e-03 -1.43243e-03 -1.32628e-03
 -1.02257e-03 -5.56205e-04  1.30604e-05  6.11192e-04  1.16275e-03  1.60299e-03
  1.88657e-03  1.99161e-03  1.91877e-03  1.68661e-03  1.32492e-03  8.68119e-04
  3.50112e-04 -1.98422e-04 -7.50403e-04 -1.28108e-03 -1.76622e-03 -2.18091e-03
 -2.49977e-03 -2.69883e-03 -2.75883e-03 -2.66905e-03 -2.43053e-03 -2.05790e-03
 -1.57876e-03 -1.03083e-03 -4.57166e-04  9.95713e-05  6.02453e-04  1.02421e-03
  1.34893e-03  1.57152e-03  1.69528e-03  1.72866e-03  1.68227e-03  1.56698e-03
  1.39354e-03  1.17356e-03  9.21032e-04  6.53624e-04  3.92659e-04  1.61503e-04
 -1.76105e-05 -1.27600e-04 -1.60339e-04 -1.19154e-04 -1.91981e-05  1.14584e-04
  2.51538e-04  3.60592e-04  4.15600e-04  3.99627e-04  3.07357e-04  1.45277e-04
 -7.01552e-05 -3.15787e-04 -5.65627e-04 -7.94501e-04 -9.80886e-04 -1.10867e-03
 -1.16791e-03 -1.15484e-03 -1.07155e-03 -9.25478e-04 -7.28972e-04 -4.98544e-04
 -2.53796e-04 -1.57752e-05  1.95198e-04  3.61937e-04  4.72551e-04  5.21846e-04
  5.11602e-04  4.49657e-04  3.48070e-04  2.20874e-04  8.19972e-05 -5.62404e-05
 -1.83897e-04 -2.93598e-04 -3.80450e-04 -4.41952e-04 -4.78002e-04 -4.90866e-04
 -4.84813e-04 -4.65193e-04 -4.36972e-04 -4.03075e-04 -3.63163e-04 -3.13490e-04
 -2.48201e-04 -1.61902e-04 -5.27765e-05  7.48989e-05  2.09932e-04  3.35742e-04
  4.34101e-04  4.90099e-04  4.96788e-04  4.57898e-04  3.87527e-04  3.06684e-04
  2.37604e-04  1.97545e-04  1.94019e-04  2.22966e-04  2.70432e-04  3.17181e-04
  3.44748e-04  3.41007e-04  3.03585e-04  2.40232e-04  1.66273e-04  1.00163e-04
  5.86691e-05  5.31228e-05  8.76316e-05  1.59409e-04  2.60652e-04  3.81031e-04
  5.09857e-04  6.37323e-04  7.54727e-04  8.53964e-04  9.26790e-04  9.64356e-04
  9.57256e-04  8.96163e-04  7.72905e-04  5.81819e-04  3.21191e-04 -5.34980e-06
 -3.87698e-04 -8.08660e-04 -1.24419e-03 -1.66476e-03 -2.03792e-03 -2.33179e-03
 -2.51889e-03 -2.57936e-03 -2.50315e-03 -2.29037e-03 -1.95040e-03 -1.50006e-03
 -9.61820e-04 -3.62819e-04  2.65251e-04  8.85802e-04  1.45753e-03  1.93625e-03
  2.27896e-03  2.45005e-03  2.42840e-03  2.21346e-03  1.82830e-03  1.31823e-03
  7.44536e-04  1.74705e-04 -3.28739e-04 -7.17985e-04 -9.65927e-04 -1.06722e-03
 -1.03468e-03 -8.92751e-04 -6.70337e-04 -3.95230e-04 -9.14625e-05  2.20441e-04
  5.21488e-04  7.92259e-04  1.01257e-03  1.16350e-03  1.23127e-03  1.21163e-03
  1.11293e-03  9.56218e-04  7.71894e-04  5.93513e-04  4.50251e-04  3.60171e-04
  3.26136e-04  3.35458e-04  3.63300e-04  3.78885e-04  3.52850e-04  2.63992e-04
  1.03883e-04 -1.21497e-04 -3.93286e-04 -6.83882e-04 -9.62679e-04 -1.20209e-03
 -1.38256e-03 -1.49540e-03 -1.54289e-03 -1.53565e-03 -1.48797e-03 -1.41243e-03
 -1.31552e-03 -1.19570e-03 -1.04474e-03 -8.52281e-04 -6.12176e-04 -3.28772e-04
 -2.06443e-05  2.79874e-04  5.31939e-04  6.95236e-04  7.40497e-04  6.58444e-04
  4.64346e-04  1.96515e-04 -9.12083e-05 -3.41167e-04 -5.04708e-04 -5.52697e-04
 -4.80991e-04 -3.09608e-04 -7.61236e-05  1.74614e-04  4.01507e-04  5.76028e-04
  6.86777e-04  7.39042e-04  7.50055e-04  7.41728e-04  7.33126e-04  7.34750e-04
  7.46021e-04  7.56328e-04  7.49057e-04  7.07280e-04  6.19461e-04  4.83668e-04
  3.09219e-04  1.15397e-04 -7.24059e-05 -2.28185e-04 -3.31149e-04 -3.70528e-04
 -3.48262e-04 -2.78957e-04 -1.87087e-04 -1.02013e-04 -5.18752e-05 -5.76235e-05
 -1.28434e-04 -2.59456e-04 -4.32328e-04 -6.18340e-04 -7.83549e-04 -8.94821e-04
 -9.25636e-04 -8.60628e-04 -6.98194e-04 -4.50920e-04 -1.43989e-04  1.87998e-04
  5.05257e-04  7.67623e-04  9.39464e-04  9.94360e-04  9.19094e-04  7.16466e-04
  4.06325e-04  2.43149e-05 -3.81918e-04 -7.58831e-04 -1.05465e-03 -1.22734e-03
 -1.25142e-03 -1.12228e-03 -8.57125e-04 -4.92368e-04 -7.79906e-05  3.30043e-04
  6.77981e-04  9.21777e-04  1.03289e-03  1.00179e-03  8.38836e-04  5.72708e-04
  2.46412e-04 -8.86231e-05 -3.79874e-04 -5.81624e-04 -6.62348e-04 -6.10323e-04
 -4.36254e-04 -1.72094e-04  1.34088e-04  4.26515e-04  6.51865e-04  7.69204e-04
  7.57618e-04  6.19918e-04  3.81668e-04  8.57822e-05 -2.16071e-04 -4.73433e-04
 -6.46335e-04 -7.12142e-04 -6.68807e-04 -5.34153e-04 -3.41578e-04 -1.33169e-04
  4.83937e-05  1.67693e-04  2.02828e-04  1.49075e-04  1.94113e-05 -1.58089e-04
 -3.45467e-04 -5.01740e-04 -5.90211e-04 -5.84991e-04 -4.75679e-04 -2.69501e-04
  9.36954e-06  3.23110e-04  6.25653e-04  8.69368e-04  1.01211e-03  1.02366e-03
  8.90651e-04  6.19295e-04  2.35358e-04 -2.18682e-04 -6.89059e-04 -1.11800e-03
 -1.45180e-03 -1.64842e-03 -1.68333e-03 -1.55267e-03 -1.27313e-03 -8.78821e-04
 -4.15627e-04  6.56131e-05  5.15984e-04  8.94184e-04  1.17028e-03  1.32733e-03
  1.36102e-03  1.27813e-03  1.09429e-03  8.31786e-04  5.17612e-04  1.81666e-04
 -1.45084e-04 -4.32764e-04 -6.55167e-04 -7.92490e-04 -8.33772e-04 -7.78443e-04
 -6.36513e-04 -4.27225e-04 -1.76362e-04  8.72604e-05  3.35448e-04  5.43797e-04
  6.93951e-04  7.74813e-04  7.82817e-04  7.21504e-04  6.00644e-04  4.35111e-04
  2.43566e-04  4.69935e-05 -1.32918e-04 -2.75511e-04 -3.62922e-04 -3.81786e-04
 -3.24757e-04 -1.91747e-04  9.23173e-06  2.61818e-04  5.41828e-04  8.18808e-04
  1.05872e-03  1.22773e-03  1.29676e-03  1.24607e-03  1.06924e-03  7.75369e-04
  3.89153e-04 -5.16070e-05 -5.00656e-04 -9.09342e-04 -1.23300e-03 -1.43656e-03
 -1.49852e-03 -1.41287e-03 -1.18906e-03 -8.50216e-04 -4.30394e-04  2.89586e-05
  4.82861e-04  8.86953e-04  1.20180e-03  1.39712e-03  1.45550e-03  1.37483e-03
  1.16889e-03  8.65591e-04  5.02924e-04  1.23282e-04 -2.32731e-04 -5.31737e-04
 -7.51149e-04 -8.80333e-04 -9.19493e-04 -8.77040e-04 -7.66504e-04 -6.03966e-04
 -4.06601e-04 -1.92294e-04  2.01868e-05  2.11246e-04  3.61395e-04  4.53329e-04
  4.74822e-04  4.21686e-04  2.99814e-04  1.25515e-04 -7.62430e-05 -2.75436e-04
 -4.41692e-04 -5.49086e-04 -5.80037e-04 -5.27614e-04 -3.96067e-04 -1.99754e-04
  3.90291e-05  2.92815e-04  5.31924e-04  7.27430e-04  8.54091e-04  8.93212e-04
  8.35284e-04  6.82038e-04  4.47418e-04  1.56971e-04 -1.54636e-04 -4.47897e-04
 -6.84000e-04 -8.30759e-04 -8.67870e-04 -7.90517e-04 -6.10639e-04 -3.55605e-04
 -6.44949e-05  2.17465e-04  4.45458e-04  5.81726e-04  6.01366e-04  4.96430e-04
  2.77703e-04 -2.62745e-05 -3.72927e-04 -7.11720e-04 -9.91728e-04 -1.16949e-03
 -1.21579e-03 -1.12015e-03 -8.92256e-04 -5.59952e-04 -1.64511e-04  2.46067e-04
  6.24312e-04  9.29867e-04  1.13438e-03  1.22415e-03  1.20043e-03  1.07768e-03
  8.80219e-04  6.38039e-04  3.82275e-04  1.41017e-04 -6.40530e-05 -2.19773e-04
 -3.22079e-04 -3.75030e-04 -3.88485e-04 -3.74971e-04 -3.46414e-04 -3.11472e-04
 -2.74026e-04 -2.33096e-04 -1.84047e-04 -1.20654e-04 -3.74372e-05  6.83074e-05
  1.95130e-04  3.36836e-04  4.82595e-04  6.17598e-04  7.24177e-04  7.83416e-04
  7.77344e-04  6.91748e-04  5.19404e-04  2.63191e-04 -6.16941e-05 -4.27297e-04
 -7.94889e-04 -1.11948e-03 -1.35638e-03 -1.46854e-03 -1.43330e-03 -1.24693e-03
 -9.26014e-04 -5.05289e-04 -3.23961e-05  4.39300e-04  8.58429e-04  1.18244e-03
  1.38241e-03  1.44537e-03  1.37402e-03  1.18435e-03  9.01936e-04  5.57727e-04
  1.84025e-04 -1.88696e-04 -5.33900e-04 -8.30036e-04 -1.06076e-03 -1.21468e-03
 -1.28515e-03 -1.27020e-03 -1.17294e-03 -1.00207e-03 -7.72307e-04 -5.04231e-04
 -2.23189e-04  4.28361e-05  2.66299e-04  4.23661e-04  4.98816e-04  4.85697e-04
  3.89483e-04  2.26078e-04  1.98682e-05 -1.99891e-04 -4.03440e-04 -5.64863e-04
 -6.65664e-04 -6.96968e-04 -6.60023e-04 -5.65017e-04 -4.28553e-04 -2.70340e-04
 -1.09792e-04  3.68337e-05  1.58308e-04  2.49100e-04  3.08926e-04  3.41465e-04
  3.52645e-04  3.48937e-04  3.35986e-04  3.17787e-04  2.96459e-04  2.72512e-04
  2.45441e-04  2.14408e-04  1.78796e-04  1.38478e-04  9.37421e-05  4.49447e-05
 -7.89990e-06 -6.53328e-05 -1.28199e-04 -1.96809e-04 -2.69632e-04 -3.41875e-04
 -4.04535e-04 -4.44506e-04 -4.46145e-04 -3.94288e-04 -2.78224e-04 -9.56919e-05
  1.44208e-04  4.20188e-04  7.00555e-04  9.47502e-04  1.12313e-03  1.19599e-03
  1.14678e-03  9.72093e-04  6.85444e-04  3.15649e-04 -9.71770e-05 -5.07154e-04
 -8.68819e-04 -1.14308e-03 -1.30217e-03 -1.33304e-03 -1.23879e-03 -1.03783e-03
 -7.61068e-04 -4.47212e-04 -1.37142e-04  1.31896e-04  3.31223e-04  4.43983e-04
  4.66285e-04  4.06272e-04  2.81589e-04  1.15988e-04 -6.41765e-05 -2.33012e-04
 -3.67484e-04 -4.49213e-04 -4.65870e-04 -4.12336e-04 -2.91588e-04 -1.15062e-04
  9.78710e-05  3.21608e-04  5.27248e-04  6.86483e-04  7.75831e-04  7.80473e-04
  6.96942e-04  5.34157e-04  3.12555e-04  6.14504e-05 -1.84998e-04 -3.92661e-04
 -5.32445e-04 -5.84729e-04 -5.42524e-04 -4.12806e-04 -2.15684e-04  1.85846e-05
  2.54315e-04  4.56086e-04  5.94380e-04  6.50178e-04  6.17696e-04  5.04894e-04
  3.31793e-04  1.27068e-04 -7.64073e-05 -2.46306e-04 -3.55231e-04 -3.84204e-04
 -3.24914e-04 -1.80494e-04  3.52192e-05  2.99849e-04  5.85741e-04  8.63783e-04
  1.10710e-03  1.29396e-03  1.40941e-03  1.44555e-03  1.40071e-03  1.27819e-03
  1.08513e-03  8.32045e-04  5.33027e-04  2.06216e-04 -1.26088e-04 -4.38366e-04
 -7.04164e-04 -8.99521e-04 -1.00682e-03 -1.01809e-03 -9.36782e-04 -7.77542e-04
 -5.64022e-04 -3.25261e-04 -9.15482e-05  1.09435e-04  2.55616e-04  3.32527e-04
  3.34407e-04  2.64600e-04  1.35335e-04 -3.32584e-05 -2.15152e-04 -3.81604e-04
 -5.05354e-04 -5.65222e-04 -5.50140e-04 -4.61556e-04 -3.13425e-04 -1.29596e-04
  6.09032e-05  2.29613e-04  3.54057e-04  4.21649e-04  4.31323e-04  3.92783e-04
  3.23750e-04  2.46004e-04  1.81025e-04  1.46003e-04  1.50743e-04  1.95823e-04
  2.72222e-04  3.62505e-04  4.43523e-04  4.90349e-04  4.80916e-04  4.00547e-04
  2.45472e-04  2.45049e-05 -2.41595e-04 -5.23055e-04 -7.85765e-04 -9.96744e-04
 -1.12929e-03 -1.16687e-03 -1.10516e-03 -9.52057e-04 -7.25982e-04 -4.52967e-04
 -1.63099e-04  1.13150e-04  3.48342e-04  5.20988e-04  6.17741e-04  6.34674e-04
  5.77440e-04  4.60192e-04  3.03290e-04  1.30086e-04 -3.67209e-05 -1.78513e-04
 -2.83305e-04 -3.46976e-04 -3.72992e-04 -3.70808e-04 -3.53366e-04 -3.34268e-04
 -3.25185e-04 -3.33915e-04 -3.63330e-04 -4.11258e-04 -4.71179e-04 -5.33551e-04
 -5.87516e-04 -6.22711e-04 -6.30914e-04 -6.07259e-04 -5.50859e-04 -4.64725e-04
 -3.55079e-04 -2.30235e-04 -9.93533e-05  2.86383e-05  1.45764e-04  2.45298e-04
  3.21756e-04  3.70809e-04  3.89345e-04  3.75800e-04  3.30735e-04  2.57439e-04
  1.62262e-04  5.43877e-05 -5.50657e-05 -1.54541e-04 -2.33804e-04 -2.85524e-04
 -3.06249e-04 -2.96502e-04 -2.59983e-04 -2.02167e-04 -1.28733e-04 -4.43490e-05
  4.78292e-05  1.45807e-04  2.47727e-04  3.50583e-04  4.49203e-04  5.35970e-04
  6.01528e-04  6.36430e-04  6.33345e-04  5.89259e-04  5.07013e-04  3.95688e-04
  2.69612e-04  1.46122e-04  4.25555e-05 -2.68832e-05 -5.36795e-05 -3.64935e-05
  1.86705e-05  9.95251e-05  1.89475e-04  2.70077e-04  3.23573e-04  3.35210e-04
  2.95160e-04  1.99960e-04  5.33582e-05 -1.33558e-04 -3.43102e-04 -5.52707e-04
 -7.37550e-04 -8.73810e-04 -9.42067e-04 -9.30220e-04 -8.35393e-04 -6.64443e-04
 -4.33037e-04 -1.63518e-04  1.18005e-04  3.84868e-04  6.12919e-04  7.83157e-04
  8.83697e-04  9.10929e-04  8.69686e-04  7.72314e-04  6.36636e-04  4.82998e-04
  3.30874e-04  1.95718e-04  8.67900e-05  6.50822e-06 -4.85199e-05 -8.51278e-05
 -1.10641e-04 -1.30291e-04 -1.45782e-04 -1.55408e-04 -1.55547e-04 -1.42902e-04
 -1.13773e-04 -7.19662e-05 -3.02896e-05 -7.21027e-07  1.13709e-05  9.19041e-06
  1.53311e-06 -3.18236e-06 -2.20525e-06  0.00000e+00  0.00000e+00  0.00000e+00
  0.00000e+00  0.00000e+00  0.00000e+00  0.00000e+00  0.00000e+00  0.00000e+00
  0.00000e+00  0.00000e+00  0.00000e+00  0.00000e+00  0.00000e+00  0.00000e+00
  0.00000e+00  0.00000e+00  0.00000e+00  0.00000e+00  0.00000e+00  0.00000e+00
  0.00000e+00  0.00000e+00  0.00000e+00  0.00000e+00  0.00000e+00  0.00000e+00
  0.00000e+00  0.00000e+00  0.00000e+00  0.00000e+00  0.00000e+00  0.00000e+00
  0.00000e+00  0.00000e+00  0.00000e+00  0.00000e+00
