NNZ        090 TITLE
2500  8.00000e-02 0 0  0.00000e+00  0.00000e+00  0.00000e+00  0.00000e+00
 -2.42240e-23 -1.97998e-23 -5.52243e-24  1.51769e-23  3.49390e-23  4.64332e-23
  4.68740e-23  3.98733e-23  3.30299e-23  3.26514e-23  3.92224e-23  4.69400e-23
  4.78537e-23  3.78100e-23  1.99542e-23  3.14999e-24 -3.72814e-24  2.30819e-24
  1.63972e-23  2.91306e-23  3.27392e-23  2.58264e-23  1.35248e-23  3.33697e-24
 -7.05584e-26  2.60712e-24  6.90304e-24  8.57070e-24  6.67870e-24  3.57704e-24
  2.20283e-24  3.28512e-24  4.86177e-24  4.38766e-24  1.44572e-24 -1.43326e-24
 -6.93176e-25  5.11280e-24  1.36156e-23  1.98923e-23  1.98310e-23  1.30104e-23
  2.88536e-24 -5.77136e-24 -1.00621e-23 -1.03042e-23 -8.69349e-24 -6.74433e-24
 -3.91231e-24  1.36797e-24  9.27156e-24  1.72173e-23  2.11746e-23  1.88954e-23
  1.23672e-23  7.03885e-24  7.83364e-24  1.47532e-23  2.16629e-23  1.97813e-23
  3.88103e-24 -2.30933e-23 -5.05000e-23 -6.56537e-23 -6.11162e-23 -3.89168e-23
 -9.10212e-24  1.61644e-23  2.89600e-23  2.85562e-23  1.97953e-23  8.81402e-24
 -6.46133e-25 -8.23125e-24 -1.54933e-23 -2.37781e-23 -3.31708e-23 -4.27653e-23
 -5.13062e-23 -5.72638e-23 -5.84522e-23 -5.21752e-23 -3.66250e-23 -1.29818e-23
  1.34484e-23  3.45174e-23  4.27982e-23  3.54686e-23  1.59926e-23 -7.64457e-24
 -2.71349e-23 -3.78710e-23 -4.04041e-23 -3.87754e-23 -3.72145e-23 -3.75318e-23
 -3.86941e-23 -3.83660e-23 -3.49374e-23 -2.85637e-23 -2.07680e-23 -1.32729e-23
 -7.10093e-24 -2.50087e-24  5.17700e-25  1.67506e-24  3.87440e-25 -3.82614e-24
 -1.08618e-23 -1.98034e-23 -2.90249e-23 -3.65190e-23 -4.03493e-23 -3.92045e-23
 -3.29815e-23 -2.31567e-23 -1.26035e-23 -4.69652e-24 -1.97108e-24 -4.99433e-24
 -1.21067e-23 -2.02427e-23 -2.64043e-23 -2.89827e-23 -2.82522e-23 -2.58938e-23
 -2.39541e-23 -2.38616e-23 -2.59329e-23 -2.94283e-23 -3.29571e-23 -3.50067e-23
 -3.44784e-23 -3.11580e-23 -2.59744e-23 -2.08216e-23 -1.78317e-23 -1.83149e-23
 -2.19243e-23 -2.66515e-23 -2.98586e-23 -2.98918e-23 -2.73282e-23 -2.49800e-23
 -2.64563e-23 -3.39883e-23 -4.67771e-23 -6.09243e-23 -7.11326e-23 -7.33194e-23
 -6.67144e-23 -5.42720e-23 -4.11593e-23 -3.21532e-23 -2.93527e-23 -3.13954e-23
 -3.45113e-23 -3.47551e-23 -3.01817e-23 -2.18294e-23 -1.30654e-23 -7.72076e-24
 -8.04856e-24 -1.35865e-23 -2.14983e-23 -2.81719e-23 -3.11886e-23 -3.05851e-23
 -2.87231e-23 -2.88576e-23 -3.32227e-23 -4.17177e-23 -5.19179e-23 -6.03587e-23
 -6.43238e-23 -6.31271e-23 -5.82453e-23 -5.23542e-23 -4.79124e-23 -4.60757e-23
 -4.64168e-23 -4.74380e-23 -4.75036e-23 -4.57402e-23 -4.25550e-23 -3.95864e-23
 -3.90564e-23 -4.26985e-23 -5.06887e-23 -6.11778e-23 -7.08714e-23 -7.65546e-23
 -7.67826e-23 -7.26482e-23 -6.69796e-23 -6.23535e-23 -5.92529e-23 -5.57836e-23
 -4.93546e-23 -3.92468e-23 -2.81345e-23 -2.11474e-23 -2.27616e-23 -3.35074e-23
 -4.88900e-23 -6.15769e-23 -6.56641e-23 -6.02699e-23 -5.00120e-23 -4.19835e-23
 -4.12407e-23 -4.78422e-23 -5.73779e-23 -6.44601e-23 -6.65851e-23 -6.55871e-23
 -6.57194e-23 -6.98906e-23 -7.69308e-23 -8.20045e-23 -7.99773e-23 -6.93610e-23
 -5.39862e-23 -4.11055e-23 -3.71057e-23 -4.36443e-23 -5.67073e-23 -6.91036e-23
 -7.46773e-23 -7.15554e-23 -6.26009e-23 -5.31671e-23 -4.78708e-23 -4.83946e-23
 -5.33085e-23 -5.94846e-23 -6.38781e-23 -6.46602e-23 -6.14850e-23 -5.52885e-23
 -4.80255e-23 -4.23373e-23 -4.08740e-23 -4.52203e-23 -5.49041e-23 -6.72509e-23
 -7.84749e-23 -8.55567e-23 -8.77695e-23 -8.68071e-23 -8.53617e-23 -8.50894e-23
 -8.53745e-23 -8.37759e-23 -7.78603e-23 -6.71461e-23 -5.38041e-23 -4.16258e-23
 -3.39637e-23 -3.20143e-23 -3.45310e-23 -3.90451e-23 -4.36680e-23 -4.82236e-23
 -5.39858e-23 -6.22794e-23 -7.29692e-23 -8.39212e-23 -9.18724e-23 -9.42230e-23
 -9.06512e-23 -8.35179e-23 -7.67233e-23 -7.35957e-23 -7.49855e-23 -7.86774e-23
 -8.05250e-23 -7.67523e-23 -6.61922e-23 -5.12219e-23 -3.68405e-23 -2.83421e-23
 -2.88075e-23 -3.77372e-23 -5.15202e-23 -6.54268e-23 -7.59863e-23 -8.24322e-23
 -8.64577e-23 -9.05058e-23 -9.56798e-23 -1.00594e-22 -1.01947e-22 -9.65782e-23
 -8.38039e-23 -6.65735e-23 -5.05567e-23 -4.14975e-23 -4.22629e-23 -5.13279e-23
 -6.36694e-23 -7.36131e-23 -7.79534e-23 -7.74632e-23 -7.59176e-23 -7.73374e-23
 -8.32797e-23 -9.18996e-23 -9.92580e-23 -1.01837e-22 -9.85189e-23 -9.08152e-23
 -8.14963e-23 -7.28455e-23 -6.58421e-23 -6.06266e-23 -5.74929e-23 -5.72770e-23
 -6.06715e-23 -6.70742e-23 -7.41378e-23 -7.87040e-23 -7.86523e-23 -7.43296e-23
 -6.84137e-23 -6.42014e-23 -6.35181e-23 -6.57507e-23 -6.86477e-23 -7.01905e-23
 -7.00687e-23 -6.96885e-23 -7.08429e-23 -7.41955e-23 -7.87622e-23 -8.26587e-23
 -8.43249e-23 -8.31478e-23 -7.91152e-23 -7.22269e-23 -6.29142e-23 -5.41547e-23
 -5.45505e-23 -8.00508e-23 -1.50764e-22 -2.78661e-22 -4.42524e-22 -5.50401e-22
 -4.00707e-22  3.25558e-22  1.97952e-21  4.68085e-21  7.80664e-21  9.26920e-21
  4.86701e-21 -1.16037e-20 -4.63242e-20 -1.00125e-19 -1.58996e-19 -1.81629e-19
 -8.94428e-20  2.29047e-19  8.80851e-19  1.87683e-18  2.97422e-18  3.47451e-18
  2.06197e-18 -3.13781e-18 -1.40027e-17 -3.10478e-17 -5.10644e-17 -6.40177e-17
 -5.03148e-17  1.91871e-17  1.76699e-16  4.40105e-16  7.81464e-16  1.08304e-15
  1.09255e-15  4.04483e-16 -1.48754e-15 -5.00989e-15 -1.01472e-14 -1.58904e-14
 -1.95837e-14 -1.64213e-14  4.43718e-16  3.85217e-14  1.02621e-13  1.89029e-13
  2.77553e-13  3.23160e-13  2.51085e-13 -3.83923e-14 -6.47508e-13 -1.63323e-12
 -2.93066e-12 -4.25426e-12 -5.00026e-12 -4.19592e-12 -5.64437e-13  7.21164e-12
  1.99540e-11  3.71523e-11  5.59026e-11  6.98524e-11  6.85863e-11  3.80786e-11
 -3.70476e-11 -1.68800e-10 -3.58380e-10 -5.86584e-10 -8.03811e-10 -9.22960e-10
 -8.19903e-10 -3.47063e-10  6.34954e-10  2.20533e-09  4.31353e-09  6.70290e-09
  8.84745e-09  9.93051e-09  8.89897e-09  4.62382e-09 -3.81655e-09 -1.67430e-08
 -3.34257e-08 -5.16820e-08 -6.76679e-08 -7.60395e-08 -7.06385e-08 -4.57909e-08
  1.83738e-09  7.10749e-08  1.54249e-07  2.36041e-07  2.93976e-07  3.01264e-07
  2.32374e-07  7.11157e-08 -1.79841e-07 -4.90059e-07 -7.95944e-07 -1.00222e-06
 -9.93349e-07 -6.56702e-07  8.31198e-08  1.22272e-06  2.63881e-06  4.05885e-06
  5.05660e-06  5.08561e-06  3.55941e-06 -2.01239e-08 -5.89625e-06 -1.38754e-05
 -2.31653e-05 -3.22767e-05 -3.90349e-05 -4.07375e-05 -3.44758e-05 -1.76066e-05
  1.16736e-05  5.37393e-05  1.07044e-04  1.67854e-04  2.30310e-04  2.86905e-04
  3.29369e-04  3.49890e-04  3.42510e-04  3.04465e-04  2.37194e-04  1.46779e-04
  4.36188e-05 -5.87203e-05 -1.45386e-04 -2.02599e-04 -2.20112e-04 -1.93302e-04
 -1.24459e-04 -2.29484e-05  9.59199e-05  2.13182e-04  3.09342e-04  3.67771e-04
  3.77734e-04  3.36446e-04  2.49690e-04  1.30847e-04 -1.53257e-06 -1.27137e-04
 -2.27615e-04 -2.89847e-04 -3.08105e-04 -2.84677e-04 -2.28877e-04 -1.54714e-04
 -7.77861e-05 -1.21275e-05  3.23008e-05  5.09761e-05  4.48420e-05  1.91571e-05
 -1.83914e-05 -5.97161e-05 -9.79290e-05 -1.28132e-04 -1.47311e-04 -1.53566e-04
 -1.45117e-04 -1.19627e-04 -7.42421e-05 -6.52050e-06  8.39642e-05  1.93819e-04
  3.14507e-04  4.32139e-04  5.28771e-04  5.85199e-04  5.84800e-04  5.17590e-04
  3.83498e-04  1.93935e-04 -2.88865e-05 -2.54982e-04 -4.51438e-04 -5.88129e-04
 -6.43130e-04 -6.06679e-04 -4.82917e-04 -2.89083e-04 -5.24725e-05  1.94143e-04
  4.17618e-04  5.89086e-04  6.87395e-04  7.00944e-04  6.27960e-04  4.75553e-04
  2.58077e-04 -4.71681e-06 -2.89410e-04 -5.70428e-04 -8.21469e-04 -1.01706e-03
 -1.13443e-03 -1.15583e-03 -1.07096e-03 -8.79300e-04 -5.91683e-04 -2.30674e-04
  1.70702e-04  5.71927e-04  9.29481e-04  1.20231e-03  1.35746e-03  1.37507e-03
  1.25176e-03  1.00187e-03  6.56156e-04  2.58062e-04 -1.42034e-04 -4.93706e-04
 -7.53535e-04 -8.91208e-04 -8.93723e-04 -7.67033e-04 -5.34875e-04 -2.35018e-04
  8.64579e-05  3.81908e-04  6.08856e-04  7.35720e-04  7.45776e-04  6.38922e-04
  4.31138e-04  1.51881e-04 -1.60172e-04 -4.62457e-04 -7.14293e-04 -8.82436e-04
 -9.45778e-04 -8.98553e-04 -7.51510e-04 -5.30679e-04 -2.73652e-04 -2.36808e-05
  1.77604e-04  2.97702e-04  3.19530e-04  2.45142e-04  9.58630e-05 -9.14826e-05
 -2.71732e-04 -4.00627e-04 -4.44250e-04 -3.86589e-04 -2.33514e-04 -1.21451e-05
  2.34345e-04  4.55478e-04  6.03887e-04  6.45191e-04  5.65207e-04  3.73023e-04
  9.93365e-05 -2.09464e-04 -5.00168e-04 -7.22679e-04 -8.39038e-04 -8.29844e-04
 -6.97044e-04 -4.62807e-04 -1.64992e-04  1.49700e-04  4.33515e-04  6.44961e-04
  7.54521e-04  7.48045e-04  6.27614e-04  4.10092e-04  1.23935e-04 -1.95072e-04
 -5.08435e-04 -7.79384e-04 -9.76734e-04 -1.07796e-03 -1.07134e-03 -9.57172e-04
 -7.47817e-04 -4.66574e-04 -1.45243e-04  1.79548e-04  4.70975e-04  6.97028e-04
  8.35134e-04  8.75495e-04  8.22377e-04  6.92947e-04  5.13717e-04  3.15260e-04
  1.26288e-04 -3.16069e-05 -1.47345e-04 -2.21128e-04 -2.62467e-04 -2.86043e-04
 -3.06537e-04 -3.33835e-04 -3.69860e-04 -4.07894e-04 -4.34510e-04 -4.33574e-04
 -3.91212e-04 -3.00365e-04 -1.63723e-04  5.77525e-06  1.87011e-04  3.54795e-04
  4.84971e-04  5.59229e-04  5.68464e-04  5.13940e-04  4.06105e-04  2.61571e-04
  9.92109e-05 -6.34836e-05 -2.12795e-04 -3.39404e-04 -4.37331e-04 -5.01893e-04
 -5.27710e-04 -5.07841e-04 -4.34723e-04 -3.02969e-04 -1.13297e-04  1.23710e-04
  3.85544e-04  6.38662e-04  8.42857e-04  9.58622e-04  9.56011e-04  8.22852e-04
  5.70009e-04  2.31951e-04 -1.38042e-04 -4.77382e-04 -7.26434e-04 -8.40809e-04
 -8.00803e-04 -6.15736e-04 -3.22121e-04  2.39283e-05  3.58302e-04  6.21846e-04
  7.71797e-04  7.89294e-04  6.81596e-04  4.78900e-04  2.26837e-04 -2.34085e-05
 -2.25128e-04 -3.44259e-04 -3.64315e-04 -2.87561e-04 -1.32744e-04  6.97076e-05
  2.83763e-04  4.73947e-04  6.10588e-04  6.73580e-04  6.54445e-04  5.56763e-04
  3.95206e-04  1.93417e-04 -1.90122e-05 -2.10283e-04 -3.50609e-04 -4.16553e-04
 -3.94985e-04 -2.86003e-04 -1.04125e-04  1.22797e-04  3.57166e-04  5.57462e-04
  6.85453e-04  7.13524e-04  6.30591e-04  4.45235e-04  1.85112e-04 -1.07480e-04
 -3.83175e-04 -5.94770e-04 -7.06207e-04 -6.99390e-04 -5.77395e-04 -3.63454e-04
 -9.60203e-05  1.78879e-04  4.16297e-04  5.80193e-04  6.48922e-04  6.17551e-04
  4.96923e-04  3.10076e-04  8.71181e-05 -1.40263e-04 -3.43605e-04 -5.01119e-04
 -5.99547e-04 -6.34518e-04 -6.09757e-04 -5.35504e-04 -4.26492e-04 -2.99714e-04
 -1.72173e-04 -5.87743e-05  2.93972e-05  8.61693e-05  1.10500e-04  1.05717e-04
  7.78845e-05  3.36693e-05 -2.17194e-05 -8.58867e-05 -1.59403e-04 -2.44582e-04
 -3.43143e-04 -4.53460e-04 -5.68321e-04 -6.74122e-04 -7.52110e-04 -7.81689e-04
 -7.45214e-04 -6.33099e-04 -4.47843e-04 -2.05726e-04  6.45964e-05  3.26551e-04
  5.42313e-04  6.80190e-04  7.21001e-04  6.61910e-04  5.16829e-04  3.13339e-04
  8.69610e-05 -1.25800e-04 -2.93971e-04 -3.96792e-04 -4.25744e-04 -3.83883e-04
 -2.83121e-04 -1.40548e-04  2.51075e-05  1.96032e-04  3.56609e-04  4.93672e-04
  5.96332e-04  6.56059e-04  6.67423e-04  6.29452e-04  5.47112e-04  4.32088e-04
  3.02098e-04  1.78357e-04  8.13917e-05  2.61146e-05  1.74695e-05  4.80779e-05
  9.89043e-05  1.43199e-04  1.53028e-04  1.06862e-04 -3.78941e-06 -1.70633e-04
 -3.69037e-04 -5.62919e-04 -7.13136e-04 -7.87386e-04 -7.69139e-04 -6.63160e-04
 -4.95984e-04 -3.10904e-04 -1.58426e-04 -8.43643e-05 -1.18392e-04 -2.65895e-04
 -5.05215e-04 -7.91100e-04 -1.06375e-03 -1.26139e-03 -1.33371e-03 -1.25287e-03
 -1.01997e-03 -6.65299e-04 -2.42581e-04  1.81488e-04  5.40147e-04  7.79149e-04
  8.66506e-04  7.97605e-04  5.94918e-04  3.02669e-04 -2.22539e-05 -3.21190e-04
 -5.44277e-04 -6.58775e-04 -6.53772e-04 -5.40643e-04 -3.49455e-04 -1.22220e-04
  9.56063e-05  2.63742e-04  3.54259e-04  3.56136e-04  2.76502e-04  1.38538e-04
 -2.34222e-05 -1.70601e-04 -2.67041e-04 -2.86158e-04 -2.15499e-04 -5.89509e-05
  1.63898e-04  4.21098e-04  6.73818e-04  8.83049e-04  1.01642e-03  1.05396e-03
  9.91720e-04  8.42624e-04  6.34138e-04  4.03240e-04  1.89505e-04  2.76667e-05
 -5.88129e-05 -6.18249e-05  1.05463e-05  1.36571e-04  2.86185e-04  4.27806e-04
  5.35050e-04  5.91854e-04  5.94926e-04  5.53180e-04  4.84536e-04  4.11065e-04
  3.53758e-04  3.28120e-04  3.41445e-04  3.92111e-04  4.70704e-04  5.62435e-04
  6.50124e-04  7.17107e-04  7.49617e-04  7.38431e-04  6.79780e-04  5.75603e-04
  4.33217e-04  2.64422e-04  8.39872e-05 -9.24588e-05 -2.51011e-04 -3.82166e-04
 -4.83035e-04 -5.58441e-04 -6.20369e-04 -6.85549e-04 -7.71479e-04 -8.91676e-04
 -1.05131e-03 -1.24445e-03 -1.45382e-03 -1.65335e-03 -1.81316e-03 -1.90573e-03
 -1.91194e-03 -1.82542e-03 -1.65416e-03 -1.41908e-03 -1.15003e-03 -8.79938e-04
 -6.38645e-04 -4.47560e-04 -3.16122e-04 -2.40665e-04 -2.05743e-04 -1.87605e-04
 -1.59151e-04 -9.54704e-05  2.10366e-05  1.96945e-04  4.26270e-04  6.91513e-04
  9.67176e-04  1.22503e-03  1.43998e-03  1.59522e-03  1.68529e-03  1.71645e-03
  1.70418e-03  1.66863e-03  1.62915e-03  1.59955e-03  1.58525e-03  1.58318e-03
  1.58427e-03  1.57781e-03  1.55636e-03  1.51954e-03  1.47570e-03  1.44058e-03
  1.43330e-03  1.47054e-03  1.56047e-03  1.69813e-03  1.86373e-03  2.02462e-03
  2.14075e-03  2.17259e-03  2.08955e-03  1.87706e-03  1.54028e-03  1.10351e-03
  6.05396e-04  9.08942e-05 -3.97787e-04 -8.29182e-04 -1.18746e-03 -1.47309e-03
 -1.69938e-03 -1.88598e-03 -2.05129e-03 -2.20590e-03 -2.34869e-03 -2.46656e-03
 -2.53747e-03 -2.53590e-03 -2.43919e-03 -2.23326e-03 -1.91654e-03 -1.50166e-03
 -1.01475e-03 -4.92793e-04  2.05194e-05  4.79999e-04  8.44636e-04  1.08323e-03
  1.17915e-03  1.13331e-03  9.64464e-04  7.06193e-04  4.00768e-04  9.07956e-05
 -1.89592e-04 -4.21865e-04 -6.06574e-04 -7.62017e-04 -9.18077e-04 -1.10657e-03
 -1.35040e-03 -1.65424e-03 -1.99934e-03 -2.34379e-03 -2.62885e-03 -2.79004e-03
 -2.77078e-03 -2.53579e-03 -2.08108e-03 -1.43832e-03 -6.72105e-04  1.29509e-04
  8.69521e-04  1.45855e-03  1.82989e-03  1.94968e-03  1.82010e-03  1.47518e-03
  9.70588e-04  3.70587e-04 -2.64454e-04 -8.86749e-04 -1.46435e-03 -1.97905e-03
 -2.42080e-03 -2.78120e-03 -3.04888e-03 -3.20821e-03 -3.24146e-03 -3.13334e-03
 -2.87575e-03 -2.47101e-03 -1.93253e-03 -1.28294e-03 -5.50822e-04  2.32625e-04
  1.03595e-03  1.82839e-03  2.57999e-03  3.26174e-03  3.84678e-03  4.31279e-03
  4.64518e-03  4.83995e-03  4.90483e-03  4.85798e-03  4.72402e-03  4.52837e-03
  4.29148e-03  4.02434e-03  3.72679e-03  3.38875e-03  2.99408e-03  2.52576e-03
  1.97114e-03  1.32602e-03  5.96893e-04 -1.98763e-04 -1.03365e-03 -1.87284e-03
 -2.67643e-03 -3.40246e-03 -4.01005e-03 -4.46292e-03 -4.73315e-03 -4.80496e-03
 -4.67773e-03 -4.36730e-03 -3.90499e-03 -3.33370e-03 -2.70179e-03 -2.05578e-03
 -1.43369e-03 -8.60659e-04 -3.48236e-04  1.02716e-04  4.96421e-04  8.35920e-04
  1.11840e-03  1.33384e-03  1.46762e-03  1.50612e-03  1.44340e-03  1.28629e-03
  1.05594e-03  7.84992e-04  5.11135e-04  2.69190e-04  8.43007e-05 -3.15340e-05
 -7.87397e-05 -6.60012e-05 -4.73940e-06  9.52590e-05  2.27113e-04  3.84575e-04
  5.57444e-04  7.27205e-04  8.65664e-04  9.38407e-04  9.13056e-04  7.70188e-04
  5.13266e-04  1.73696e-04 -1.91735e-04 -5.11469e-04 -7.15530e-04 -7.53266e-04
 -6.07266e-04 -2.99191e-04  1.14471e-04  5.55662e-04  9.43281e-04  1.21169e-03
  1.32403e-03  1.27703e-03  1.09654e-03  8.26065e-04  5.12414e-04  1.93140e-04
 -1.10494e-04 -3.93509e-04 -6.61133e-04 -9.19610e-04 -1.16777e-03 -1.39269e-03
 -1.57110e-03 -1.67610e-03 -1.68672e-03 -1.59687e-03 -1.42033e-03 -1.18993e-03
 -9.50634e-04 -7.48731e-04 -6.20084e-04 -5.81157e-04 -6.25333e-04 -7.25573e-04
 -8.42447e-04 -9.34998e-04 -9.71092e-04 -9.34208e-04 -8.24785e-04 -6.56060e-04
 -4.46040e-04 -2.08521e-04  5.36715e-05  3.50738e-04  7.02304e-04  1.12903e-03
  1.64188e-03  2.23241e-03  2.86722e-03  3.48864e-03  4.02211e-03  4.38873e-03
  4.52028e-03  4.37318e-03  3.93827e-03  3.24448e-03  2.35541e-03  1.35997e-03
  3.58802e-04 -5.50827e-04 -1.28898e-03 -1.80357e-03 -2.07574e-03 -2.11941e-03
 -1.97521e-03 -1.70010e-03 -1.35478e-03 -9.91622e-04 -6.45870e-04 -3.32109e-04
 -4.69566e-05  2.22909e-04  4.89785e-04  7.54521e-04  1.00020e-03  1.19245e-03
  1.28695e-03  1.24238e-03  1.03503e-03  6.70600e-04  1.88885e-04 -3.40688e-04
 -8.32306e-04 -1.20257e-03 -1.38990e-03 -1.36908e-03 -1.15706e-03 -8.08225e-04
 -4.00703e-04 -1.76005e-05  2.71564e-04  4.24263e-04  4.30030e-04  3.06689e-04
  8.99424e-05 -1.79664e-04 -4.67913e-04 -7.52836e-04 -1.02417e-03 -1.27762e-03
 -1.50713e-03 -1.69912e-03 -1.83157e-03 -1.87927e-03 -1.82345e-03 -1.66244e-03
 -1.41893e-03 -1.14031e-03 -8.90572e-04 -7.35420e-04 -7.24501e-04 -8.76112e-04
 -1.16935e-03 -1.54655e-03 -1.92580e-03 -2.22025e-03 -2.35888e-03 -2.30282e-03
 -2.05299e-03 -1.64718e-03 -1.14807e-03 -6.26065e-04 -1.42151e-04  2.64470e-04
  5.81151e-04  8.18551e-04  1.00149e-03  1.15750e-03  1.30690e-03  1.45738e-03
  1.60394e-03  1.73360e-03  1.83247e-03  1.89246e-03  1.91535e-03  1.91296e-03
  1.90378e-03  1.90736e-03  1.93840e-03  2.00250e-03  2.09454e-03  2.20002e-03
  2.29858e-03  2.36842e-03  2.39029e-03  2.35017e-03  2.24022e-03  2.05842e-03
  1.80755e-03  1.49425e-03  1.12874e-03  7.25078e-04  3.01447e-04 -1.20043e-04
 -5.14754e-04 -8.58114e-04 -1.12893e-03 -1.31243e-03 -1.40202e-03 -1.39900e-03
 -1.31021e-03 -1.14466e-03 -9.10426e-04 -6.13310e-04 -2.58369e-04  1.46091e-04
  5.83330e-04  1.02409e-03  1.42588e-03  1.73714e-03  1.90613e-03  1.89258e-03
  1.67900e-03  1.27782e-03  7.31767e-04  1.06551e-04 -5.22613e-04 -1.08708e-03
 -1.53893e-03 -1.85900e-03 -2.05668e-03 -2.16162e-03 -2.21018e-03 -2.23116e-03
 -2.23540e-03 -2.21246e-03 -2.13535e-03 -1.97159e-03 -1.69678e-03 -1.30623e-03
 -8.20881e-04 -2.85775e-04  2.38435e-04  6.88079e-04  1.00940e-03  1.16815e-03
  1.15358e-03  9.76457e-04  6.62802e-04  2.46121e-04 -2.39008e-04 -7.59985e-04
 -1.28551e-03 -1.78250e-03 -2.21282e-03 -2.53254e-03 -2.69508e-03 -2.65855e-03
 -2.39556e-03 -1.90283e-03 -1.20749e-03 -3.67528e-04  5.34218e-04  1.40176e-03
  2.14070e-03  2.67265e-03  2.94613e-03  2.94179e-03  2.67154e-03  2.17261e-03
  1.49873e-03  7.11151e-04 -1.28532e-04 -9.62643e-04 -1.73890e-03 -2.41023e-03
 -2.93433e-03 -3.27448e-03 -3.40193e-03 -3.29980e-03 -2.96740e-03 -2.42341e-03
 -1.70680e-03 -8.74407e-04  4.60330e-06  8.56701e-04  1.61299e-03  2.21750e-03
  2.63337e-03  2.84579e-03  2.86150e-03  2.70521e-03  2.41402e-03  2.03099e-03
  1.59934e-03  1.15813e-03  7.39856e-04  3.69920e-04  6.72022e-05 -1.54986e-04
 -2.88460e-04 -3.30621e-04 -2.85755e-04 -1.66519e-04  5.33584e-06  1.99971e-04
  3.82755e-04  5.19729e-04  5.84295e-04  5.63607e-04  4.62851e-04  3.05984e-04
  1.32206e-04 -1.14016e-05 -7.96575e-05 -3.93205e-05  1.22914e-04  3.96315e-04
  7.46836e-04  1.12249e-03  1.46213e-03  1.70581e-03  1.80464e-03  1.72842e-03
  1.46997e-03  1.04552e-03  4.91815e-04 -1.39702e-04 -7.90292e-04 -1.40185e-03
 -1.92419e-03 -2.32061e-03 -2.57107e-03 -2.67237e-03 -2.63561e-03 -2.48140e-03
 -2.23409e-03 -1.91640e-03 -1.54585e-03 -1.13402e-03 -6.88712e-04 -2.18316e-04
  2.63186e-04  7.32483e-04  1.15614e-03  1.49362e-03  1.70390e-03  1.75413e-03
  1.62823e-03  1.33281e-03  8.98630e-04  3.76773e-04 -1.69632e-04 -6.76358e-04
 -1.08894e-03 -1.37091e-03 -1.50765e-03 -1.50534e-03 -1.38598e-03 -1.18029e-03
 -9.20768e-04 -6.36809e-04 -3.52714e-04 -8.84253e-05  1.38286e-04  3.09801e-04
  4.08291e-04  4.17680e-04  3.27630e-04  1.38259e-04 -1.36133e-04 -4.65975e-04
 -8.08909e-04 -1.11573e-03 -1.33858e-03 -1.43941e-03 -1.39666e-03 -1.20827e-03
 -8.90433e-04 -4.72385e-04  1.11366e-05  5.27563e-04  1.05202e-03  1.56906e-03
  2.07010e-03  2.54757e-03  2.98776e-03  3.36524e-03  3.64130e-03  3.76795e-03
  3.69716e-03  3.39354e-03  2.84688e-03  2.08098e-03  1.15543e-03  1.59195e-04
 -8.03271e-04 -1.63016e-03 -2.24047e-03 -2.58765e-03 -2.66568e-03 -2.50641e-03
 -2.16975e-03 -1.72957e-03 -1.25956e-03 -8.22023e-04 -4.61680e-04 -2.04310e-04
 -5.87814e-05 -2.02807e-05 -7.30184e-05 -1.91751e-04 -3.42753e-04 -4.85670e-04
 -5.77652e-04 -5.80231e-04 -4.67992e-04 -2.36782e-04  9.13946e-05  4.69155e-04
  8.31068e-04  1.10641e-03  1.23439e-03  1.17784e-03  9.31760e-04  5.24293e-04
  1.01923e-05 -5.41309e-04 -1.06062e-03 -1.49012e-03 -1.79168e-03 -1.94832e-03
 -1.96053e-03 -1.83968e-03 -1.60127e-03 -1.26044e-03 -8.30981e-04 -3.27480e-04
  2.30844e-04  8.16809e-04  1.39428e-03  1.92048e-03  2.35137e-03  2.64876e-03
  2.78728e-03  2.75930e-03  2.57665e-03  2.26861e-03  1.87687e-03  1.44849e-03
  1.02833e-03  6.52158e-04  3.41684e-04  1.01915e-04 -7.85910e-05 -2.24653e-04
 -3.68816e-04 -5.43841e-04 -7.74475e-04 -1.07010e-03 -1.41993e-03 -1.79228e-03
 -2.13858e-03 -2.40169e-03 -2.52705e-03 -2.47410e-03 -2.22524e-03 -1.79014e-03
 -1.20433e-03 -5.22462e-04  1.91741e-04  8.76388e-04  1.48039e-03  1.96876e-03
  2.32358e-03  2.54149e-03  2.62930e-03  2.59955e-03  2.46757e-03  2.25032e-03
  1.96680e-03  1.63868e-03  1.29014e-03  9.45943e-04  6.27950e-04  3.50858e-04
  1.18529e-04 -7.76291e-05 -2.57353e-04 -4.47168e-04 -6.73841e-04 -9.57112e-04
 -1.30351e-03 -1.70272e-03 -2.12752e-03 -2.53717e-03 -2.88378e-03 -3.12009e-03
 -3.20741e-03 -3.12202e-03 -2.85915e-03 -2.43388e-03 -1.87907e-03 -1.24064e-03
 -5.71210e-04  7.69074e-05  6.58257e-04  1.13920e-03  1.50059e-03  1.73782e-03
  1.85839e-03  1.87772e-03  1.81430e-03  1.68551e-03  1.50495e-03  1.28217e-03
  1.02445e-03  7.39942e-04  4.40827e-04  1.45142e-04 -1.23758e-04 -3.40379e-04
 -4.82254e-04 -5.35685e-04 -5.00237e-04 -3.90367e-04 -2.33275e-04 -6.31841e-05
  8.66057e-05  1.91714e-04  2.42355e-04  2.44831e-04  2.18140e-04  1.86459e-04
  1.69648e-04  1.74672e-04  1.90845e-04  1.90799e-04  1.37451e-04 -4.58448e-06
 -2.56259e-04 -6.13772e-04 -1.04404e-03 -1.48778e-03 -1.87012e-03 -2.11617e-03
 -2.16798e-03 -1.99831e-03 -1.61787e-03 -1.07419e-03 -4.42511e-04  1.88850e-04
  7.35049e-04  1.12934e-03  1.33282e-03  1.33793e-03  1.16583e-03  8.59418e-04
  4.74083e-04  6.85303e-05 -3.02850e-04 -5.95348e-04 -7.77103e-04 -8.30591e-04
 -7.52973e-04 -5.55615e-04 -2.62761e-04  9.08526e-05  4.63661e-04  8.12139e-04
  1.09642e-03  1.28588e-03  1.36363e-03  1.32904e-03  1.19762e-03  9.98217e-04
  7.67809e-04  5.45046e-04  3.63576e-04  2.46538e-04  2.03237e-04  2.28640e-04
  3.05690e-04  4.09868e-04  5.14900e-04  5.98298e-04  6.45451e-04  6.51370e-04
  6.19824e-04  5.60255e-04  4.83484e-04  3.97503e-04  3.04621e-04  2.00773e-04
  7.72107e-05 -7.59926e-05 -2.65656e-04 -4.91725e-04 -7.45137e-04 -1.00791e-03
 -1.25545e-03 -1.46037e-03 -1.59683e-03 -1.64447e-03 -1.59096e-03 -1.43318e-03
 -1.17708e-03 -8.36801e-04 -4.33520e-04  5.57867e-06  4.48420e-04  8.59528e-04
  1.20239e-03  1.44292e-03  1.55392e-03  1.51973e-03  1.34008e-03  1.03190e-03
  6.28316e-04  1.74537e-04 -2.78767e-04 -6.83239e-04 -1.00013e-03 -1.20545e-03
 -1.29186e-03 -1.26715e-03 -1.14979e-03 -9.63160e-04 -7.30021e-04 -4.68759e-04
 -1.92236e-04  9.08161e-05  3.72775e-04  6.43906e-04  8.90426e-04  1.09485e-03
  1.23876e-03  1.30728e-03  1.29377e-03  1.20310e-03  1.05214e-03  8.67055e-04
  6.77852e-04  5.11562e-04  3.85997e-04  3.05790e-04  2.61853e-04  2.34364e-04
  1.98452e-04  1.30978e-04  1.66841e-05 -1.47812e-04 -3.52955e-04 -5.78137e-04
 -7.95830e-04 -9.76866e-04 -1.09567e-03 -1.13450e-03 -1.08604e-03 -9.54142e-04
 -7.52838e-04 -5.03816e-04 -2.32887e-04  3.40417e-05  2.74861e-04  4.74337e-04
  6.25770e-04  7.30838e-04  7.97592e-04  8.37018e-04  8.59018e-04  8.68888e-04
  8.65341e-04  8.40747e-04  7.83638e-04  6.82849e-04  5.32109e-04  3.33679e-04
  9.98323e-05 -1.48422e-04 -3.85177e-04 -5.85074e-04 -7.28879e-04 -8.07697e-04
 -8.24666e-04 -7.93724e-04 -7.35829e-04 -6.73683e-04 -6.26330e-04 -6.04976e-04
 -6.10931e-04 -6.36024e-04 -6.65220e-04 -6.80686e-04 -6.66328e-04 -6.11779e-04
 -5.15005e-04 -3.83010e-04 -2.30529e-04 -7.69915e-05  5.75546e-05  1.56627e-04
  2.10594e-04  2.18228e-04  1.86130e-04  1.26192e-04  5.18673e-05 -2.56108e-05
 -9.98751e-05 -1.70123e-04 -2.39712e-04 -3.13255e-04 -3.93379e-04 -4.78435e-04
 -5.62121e-04 -6.35208e-04 -6.88726e-04 -7.17306e-04 -7.21253e-04 -7.06342e-04
 -6.81182e-04 -6.53039e-04 -6.23664e-04 -5.86885e-04 -5.29147e-04 -4.33222e-04
 -2.84085e-04 -7.51203e-05  1.87430e-04  4.83388e-04  7.81472e-04  1.04532e-03
  1.24103e-03  1.34405e-03  1.34370e-03  1.24420e-03  1.06255e-03  8.24087e-04
  5.57341e-04  2.89569e-04  4.38023e-05 -1.62370e-04 -3.16708e-04 -4.11587e-04
 -4.43283e-04 -4.11612e-04 -3.19953e-04 -1.75447e-04  1.09260e-05  2.24583e-04
  4.47977e-04  6.61621e-04  8.45465e-04  9.80630e-04  1.05147e-03  1.04785e-03
  9.67325e-04  8.16727e-04  6.12474e-04  3.79187e-04  1.46411e-04 -5.61396e-05
 -2.03912e-04 -2.82196e-04 -2.88961e-04 -2.35084e-04 -1.41841e-04 -3.62992e-05
  5.42874e-05  1.07761e-04  1.10942e-04  6.15182e-05 -3.21144e-05 -1.52649e-04
 -2.76724e-04 -3.78315e-04 -4.32300e-04 -4.18055e-04 -3.22883e-04 -1.45035e-04
  1.04245e-04  4.00271e-04  7.06673e-04  9.79579e-04  1.17388e-03  1.25062e-03
  1.18398e-03  9.66589e-04  6.11593e-04  1.51304e-04 -3.67521e-04 -8.90675e-04
 -1.36434e-03 -1.74227e-03 -1.99119e-03 -2.09366e-03 -2.04845e-03 -1.86877e-03
 -1.57914e-03 -1.21149e-03 -8.01305e-04 -3.84161e-04  7.11752e-06  3.44591e-04
  6.06662e-04  7.78944e-04  8.54648e-04  8.34563e-04  7.26717e-04  5.45779e-04
  3.12190e-04  5.10214e-05 -2.09523e-04 -4.40012e-04 -6.12147e-04 -7.01501e-04
 -6.90459e-04 -5.71031e-04 -3.47056e-04 -3.53139e-05  3.34930e-04  7.24217e-04
  1.08701e-03  1.37730e-03  1.55491e-03  1.59173e-03  1.47665e-03  1.21835e-03
  8.45347e-04  4.03039e-04 -5.20245e-05 -4.59796e-04 -7.65270e-04 -9.26583e-04
 -9.21403e-04 -7.50545e-04 -4.38194e-04 -2.86398e-05  4.19974e-04  8.43901e-04
  1.18272e-03  1.38755e-03  1.42739e-03  1.29268e-03  9.95949e-04  5.69574e-04
  6.13064e-05 -4.71705e-04 -9.69646e-04 -1.37682e-03 -1.64790e-03 -1.75318e-03
 -1.68228e-03 -1.44585e-03 -1.07483e-03 -6.17082e-04 -1.31334e-04  3.20746e-04
  6.83493e-04  9.15655e-04  9.96750e-04  9.30056e-04  7.41509e-04  4.74580e-04
  1.82050e-04 -8.36964e-05 -2.79927e-04 -3.80561e-04 -3.79630e-04 -2.90722e-04
 -1.42831e-04  2.62825e-05  1.77707e-04  2.78427e-04  3.06597e-04  2.54330e-04
  1.27900e-04 -5.43200e-05 -2.65485e-04 -4.74724e-04 -6.51664e-04 -7.70466e-04
 -8.12977e-04 -7.70797e-04 -6.46154e-04 -4.51623e-04 -2.08736e-04  5.44066e-05
  3.06362e-04  5.16174e-04  6.57469e-04  7.12350e-04  6.74533e-04  5.51121e-04
  3.62520e-04  1.40205e-04 -7.75854e-05 -2.51728e-04 -3.48802e-04 -3.47232e-04
 -2.41835e-04 -4.57856e-05  2.10517e-04  4.83669e-04  7.23945e-04  8.83362e-04
  9.23754e-04  8.23454e-04  5.81433e-04  2.18165e-04 -2.26915e-04 -7.00941e-04
 -1.14518e-03 -1.50338e-03 -1.72963e-03 -1.79450e-03 -1.68867e-03 -1.42379e-03
 -1.03052e-03 -5.54401e-04 -5.02421e-05  4.24330e-04  8.15281e-04  1.07809e-03
  1.18274e-03  1.11736e-03  8.90316e-04  5.30290e-04  8.41515e-05 -3.87636e-04
 -8.17902e-04 -1.14142e-03 -1.30430e-03 -1.27273e-03 -1.03937e-03 -6.26147e-04
 -8.23005e-05  5.22099e-04  1.10648e-03  1.59207e-03  1.91403e-03  2.03113e-03
  1.93127e-03  1.63209e-03  1.17675e-03  6.26163e-04  4.93290e-05 -4.86478e-04
 -9.24003e-04 -1.22191e-03 -1.35793e-03 -1.32940e-03 -1.15175e-03 -8.55376e-04
 -4.81368e-04 -7.64698e-05  3.12418e-04  6.43712e-04  8.85981e-04  1.02137e-03
  1.04696e-03  9.73627e-04  8.22613e-04  6.20457e-04  3.93523e-04  1.63429e-04
 -5.55077e-05 -2.56291e-04 -4.36998e-04 -5.97207e-04 -7.34435e-04 -8.41913e-04
 -9.08518e-04 -9.20965e-04 -8.67609e-04 -7.42640e-04 -5.49375e-04 -3.01590e-04
 -2.24690e-05  2.58565e-04  5.10300e-04  7.04383e-04  8.19167e-04  8.42149e-04
  7.70881e-04  6.12624e-04  3.83264e-04  1.05868e-04 -1.90949e-04 -4.74969e-04
 -7.12939e-04 -8.73966e-04 -9.33651e-04 -8.78397e-04 -7.08983e-04 -4.42292e-04
 -1.10348e-04  2.43641e-04  5.71788e-04  8.29374e-04  9.82385e-04  1.01309e-03
  9.22439e-04  7.28904e-04  4.64174e-04  1.66964e-04 -1.23607e-04 -3.73635e-04
 -5.58177e-04 -6.62849e-04 -6.83637e-04 -6.25585e-04 -5.01036e-04 -3.27875e-04
 -1.27826e-04  7.53535e-05  2.58058e-04  3.99467e-04  4.84400e-04  5.05844e-04
  4.66472e-04  3.78565e-04  2.62073e-04  1.41066e-04  3.92315e-05 -2.46005e-05
 -3.99210e-05 -6.23062e-06  6.73743e-05  1.64558e-04  2.65463e-04  3.50928e-04
  4.06317e-04  4.24158e-04  4.05147e-04  3.57372e-04  2.94018e-04  2.30086e-04
  1.78856e-04  1.48820e-04  1.41746e-04  1.52231e-04  1.68827e-04  1.76480e-04
  1.59758e-04  1.06187e-04  9.05737e-06 -1.30842e-04 -3.04805e-04 -4.97130e-04
 -6.87124e-04 -8.51840e-04 -9.69120e-04 -1.02057e-03 -9.94117e-04 -8.85992e-04
 -7.01773e-04 -4.56448e-04 -1.73293e-04  1.18431e-04  3.86798e-04  6.01190e-04
  7.36371e-04  7.76010e-04  7.15071e-04  5.60675e-04  3.31279e-04  5.43737e-05
 -2.36918e-04 -5.07838e-04 -7.26049e-04 -8.65320e-04 -9.08466e-04 -8.49285e-04
 -6.93262e-04 -4.56915e-04 -1.65754e-04  1.48948e-04  4.54197e-04  7.19515e-04
  9.20666e-04  1.04224e-03  1.07865e-03  1.03353e-03  9.17777e-04  7.46829e-04
  5.37932e-04  3.07874e-04  7.16179e-05 -1.58168e-04 -3.70908e-04 -5.57640e-04
 -7.10644e-04 -8.23438e-04 -8.91206e-04 -9.11500e-04 -8.84956e-04 -8.15717e-04
 -7.11333e-04 -5.82063e-04 -4.39662e-04 -2.95883e-04 -1.60988e-04 -4.25439e-05
  5.52722e-05  1.31794e-04  1.89435e-04  2.32846e-04  2.67843e-04  3.00284e-04
  3.35054e-04  3.75271e-04  4.21761e-04  4.72837e-04  5.24384e-04  5.70232e-04
  6.02797e-04  6.13948e-04  5.96042e-04  5.43058e-04  4.51717e-04  3.22454e-04
  1.60077e-04 -2.60781e-05 -2.22639e-04 -4.13440e-04 -5.81464e-04 -7.11298e-04
 -7.91701e-04 -8.17800e-04 -7.92345e-04 -7.25631e-04 -6.33868e-04 -5.36176e-04
 -4.50749e-04 -3.90965e-04 -3.62382e-04 -3.61375e-04 -3.75834e-04 -3.87857e-04
 -3.77850e-04 -3.29108e-04 -2.31801e-04 -8.54757e-05  1.00440e-04  3.08165e-04
  5.14671e-04  6.95633e-04  8.29411e-04  9.00346e-04  9.00945e-04  8.32758e-04
  7.06021e-04  5.38220e-04  3.51835e-04  1.71495e-04  2.08423e-05 -8.05598e-05
 -1.19895e-04 -9.29201e-05 -4.61583e-06  1.31485e-04  2.95226e-04  4.62665e-04
  6.09340e-04  7.13384e-04  7.58062e-04  7.33431e-04  6.37099e-04  4.74170e-04
  2.56577e-04  1.96944e-06 -2.67759e-04 -5.28256e-04 -7.54814e-04 -9.24704e-04
 -1.01958e-03 -1.02768e-03 -9.45531e-04 -7.78801e-04 -5.42203e-04 -2.58305e-04
  4.46092e-05  3.35441e-04  5.83636e-04  7.62653e-04  8.53139e-04  8.45426e-04
  7.40962e-04  5.52407e-04  3.02295e-04  2.03717e-05 -2.60046e-04 -5.06157e-04
 -6.89639e-04 -7.89959e-04 -7.96648e-04 -7.10367e-04 -5.42724e-04 -3.14915e-04
 -5.53148e-05  2.03817e-04  4.30256e-04  5.95962e-04  6.80899e-04  6.75876e-04
  5.83811e-04  4.19066e-04  2.04913e-04 -3.03737e-05 -2.57953e-04 -4.52450e-04
 -5.94822e-04 -6.73719e-04 -6.85449e-04 -6.33036e-04 -5.24962e-04 -3.74038e-04
 -1.96526e-04 -1.13002e-05  1.61330e-04  3.01422e-04  3.91826e-04  4.20854e-04
  3.84538e-04  2.87779e-04  1.43955e-04 -2.70398e-05 -2.01877e-04 -3.57293e-04
 -4.73244e-04 -5.35200e-04 -5.35382e-04 -4.73099e-04 -3.54434e-04 -1.91534e-04
 -1.52944e-06  1.95004e-04  3.76205e-04  5.21664e-04  6.15428e-04  6.48659e-04
  6.21237e-04  5.41748e-04  4.25684e-04  2.92218e-04  1.60331e-04  4.52754e-05
 -4.37917e-05 -1.04531e-04 -1.40556e-04 -1.59443e-04 -1.70298e-04 -1.81515e-04
 -1.99149e-04 -2.26041e-04 -2.61591e-04 -3.02017e-04 -3.40953e-04 -3.70341e-04
 -3.81597e-04 -3.67029e-04 -3.21363e-04 -2.43094e-04 -1.35351e-04 -5.98691e-06
  1.33234e-04  2.68221e-04  3.84626e-04  4.69972e-04  5.15440e-04  5.17017e-04
  4.75892e-04  3.98130e-04  2.93742e-04  1.75348e-04  5.65854e-05 -4.95270e-05
 -1.32120e-04 -1.83687e-04 -2.00825e-04 -1.84364e-04 -1.38890e-04 -7.17535e-05
  8.18682e-06  9.18352e-05  1.70875e-04  2.38391e-04  2.89095e-04  3.19257e-04
  3.26506e-04  3.09662e-04  2.68656e-04  2.04553e-04  1.19597e-04  1.72352e-05
 -9.79135e-05 -2.20122e-04 -3.42610e-04 -4.57594e-04 -5.56387e-04 -6.29677e-04
 -6.68110e-04 -6.63239e-04 -6.08767e-04 -5.01870e-04 -3.44270e-04 -1.42766e-04
  9.10015e-05  3.41537e-04  5.91046e-04  8.21233e-04  1.01500e-03  1.15782e-03
  1.23861e-03  1.25030e-03  1.19008e-03  1.05955e-03  8.64823e-04  6.16344e-04
  3.28508e-04  1.87706e-05 -2.93700e-04 -5.89733e-04 -8.51956e-04 -1.06637e-03
 -1.22339e-03 -1.31815e-03 -1.35013e-03 -1.32221e-03 -1.23955e-03 -1.10854e-03
 -9.36141e-04 -7.29684e-04 -4.97152e-04 -2.47701e-04  7.83312e-06  2.56715e-04
  4.84584e-04  6.76307e-04  8.17342e-04  8.95410e-04  9.02195e-04  8.34740e-04
  6.96307e-04  4.96521e-04  2.50794e-04 -2.08651e-05 -2.95478e-04 -5.48954e-04
 -7.58048e-04 -9.02326e-04 -9.66114e-04 -9.40359e-04 -8.24238e-04 -6.26229e-04
 -3.64260e-04 -6.45550e-05  2.40967e-04  5.18613e-04  7.37583e-04  8.74553e-04
  9.17186e-04  8.65809e-04  7.32846e-04  5.40199e-04  3.15225e-04  8.62551e-05
 -1.21388e-04 -2.88201e-04 -4.01888e-04 -4.57456e-04 -4.56427e-04 -4.05602e-04
 -3.15701e-04 -1.99982e-04 -7.28355e-05  5.16769e-05  1.61298e-04  2.46840e-04
  3.02994e-04  3.28442e-04  3.25282e-04  2.97952e-04  2.52047e-04  1.93428e-04
  1.27863e-04  6.11373e-05 -6.43533e-07 -5.10042e-05 -8.36126e-05 -9.34109e-05
 -7.80642e-05 -3.91807e-05  1.72773e-05  8.17503e-05  1.42963e-04  1.90465e-04
  2.11759e-04  1.99397e-04  1.61436e-04  1.12845e-04  6.79930e-05  3.51145e-05
  1.52864e-05  5.22264e-06  1.00225e-06  0.00000e+00  0.00000e+00  0.00000e+00
  0.00000e+00  0.00000e+00  0.00000e+00  0.00000e+00  0.00000e+00  0.00000e+00
  0.00000e+00  0.00000e+00  0.00000e+00  0.00000e+00  0.00000e+00  0.00000e+00
  0.00000e+00  0.00000e+00  0.00000e+00  0.00000e+00  0.00000e+00  0.00000e+00
  0.00000e+00  0.00000e+00  0.00000e+00  0.00000e+00  0.00000e+00  0.00000e+00
  0.00000e+00  0.00000e+00  0.00000e+00  0.00000e+00  0.00000e+00  0.00000e+00
  0.00000e+00  0.00000e+00  0.00000e+00  0.00000e+00
