AZ_TRO     000 TITLE
6000  5.00000e-03 0 0  0.00000e+00  0.00000e+00  0.00000e+00  0.00000e+00
  5.96630e-04  5.95260e-04  5.93349e-04  5.90886e-04  5.87863e-04  5.84271e-04
  5.80101e-04  5.75345e-04  5.69996e-04  5.64044e-04  5.57485e-04  5.50309e-04
  5.42512e-04  5.34086e-04  5.25026e-04  5.15325e-04  5.04977e-04  4.93978e-04
  4.82320e-04  4.70000e-04  4.57011e-04  4.43349e-04  4.29008e-04  4.13984e-04
  3.98271e-04  3.81866e-04  3.64764e-04  3.46961e-04  3.28452e-04  3.09234e-04
  2.89305e-04  2.68659e-04  2.47296e-04  2.25211e-04  2.02405e-04  1.78875e-04
  1.54622e-04  1.29645e-04  1.03944e-04  7.75225e-05  5.03811e-05  2.25232e-05
 -6.04702e-06 -3.53249e-05 -6.53043e-05 -9.59787e-05 -1.27341e-04 -1.59382e-04
 -1.92094e-04 -2.25464e-04 -2.59482e-04 -2.94133e-04 -3.29405e-04 -3.65281e-04
 -4.01745e-04 -4.38781e-04 -4.76369e-04 -5.14490e-04 -5.53120e-04 -5.92240e-04
 -6.31823e-04 -6.71845e-04 -7.12279e-04 -7.53098e-04 -7.94271e-04 -8.35768e-04
 -8.77559e-04 -9.19609e-04 -9.61886e-04 -1.00435e-03 -1.04697e-03 -1.08971e-03
 -1.13252e-03 -1.17536e-03 -1.21819e-03 -1.26097e-03 -1.30365e-03 -1.34619e-03
 -1.38854e-03 -1.43064e-03 -1.47246e-03 -1.51395e-03 -1.55504e-03 -1.59569e-03
 -1.63584e-03 -1.67544e-03 -1.71444e-03 -1.75278e-03 -1.79040e-03 -1.82724e-03
 -1.86326e-03 -1.89838e-03 -1.93255e-03 -1.96571e-03 -1.99780e-03 -2.02876e-03
 -2.05853e-03 -2.08704e-03 -2.11424e-03 -2.14007e-03 -2.16447e-03 -2.18737e-03
 -2.20871e-03 -2.22843e-03 -2.24647e-03 -2.26278e-03 -2.27728e-03 -2.28992e-03
 -2.30065e-03 -2.30940e-03 -2.31611e-03 -2.32074e-03 -2.32321e-03 -2.32348e-03
 -2.32149e-03 -2.31719e-03 -2.31052e-03 -2.30144e-03 -2.28989e-03 -2.27583e-03
 -2.25920e-03 -2.23997e-03 -2.21808e-03 -2.19350e-03 -2.16619e-03 -2.13609e-03
 -2.10319e-03 -2.06744e-03 -2.02881e-03 -1.98727e-03 -1.94280e-03 -1.89536e-03
 -1.84492e-03 -1.79148e-03 -1.73500e-03 -1.67548e-03 -1.61289e-03 -1.54722e-03
 -1.47846e-03 -1.40662e-03 -1.33167e-03 -1.25361e-03 -1.17246e-03 -1.08820e-03
 -1.00084e-03 -9.10396e-04 -8.16873e-04 -7.20284e-04 -6.20645e-04 -5.17974e-04
 -4.12290e-04 -3.03618e-04 -1.91983e-04 -7.74129e-05  4.00594e-05  1.60402e-04
  2.83577e-04  4.09546e-04  5.38267e-04  6.69695e-04  8.03782e-04  9.40476e-04
  1.07972e-03  1.22146e-03  1.36563e-03  1.51218e-03  1.66102e-03  1.81209e-03
  1.96532e-03  2.12062e-03  2.27790e-03  2.43709e-03  2.59809e-03  2.76081e-03
  2.92514e-03  3.09097e-03  3.25820e-03  3.42670e-03  3.59636e-03  3.76705e-03
  3.93863e-03  4.11096e-03  4.28390e-03  4.45730e-03  4.63100e-03  4.80484e-03
  4.97864e-03  5.15222e-03  5.32538e-03  5.49794e-03  5.66969e-03  5.84043e-03
  6.00992e-03  6.17795e-03  6.34428e-03  6.50866e-03  6.67085e-03  6.83059e-03
  6.98761e-03  7.14162e-03  7.29234e-03  7.43947e-03  7.58270e-03  7.72173e-03
  7.85623e-03  7.98589e-03  8.11034e-03  8.22925e-03  8.34226e-03  8.44901e-03
  8.54915e-03  8.64228e-03  8.72804e-03  8.80603e-03  8.87586e-03  8.93712e-03
  8.98942e-03  9.03234e-03  9.06548e-03  9.08842e-03  9.10074e-03  9.10200e-03
  9.09180e-03  9.06972e-03  9.03532e-03  8.98820e-03  8.92794e-03  8.85412e-03
  8.76633e-03  8.66417e-03  8.54724e-03  8.41513e-03  8.26747e-03  8.10387e-03
  7.92396e-03  7.72740e-03  7.51384e-03  7.28296e-03  7.03442e-03  6.76792e-03
  6.48318e-03  6.17993e-03  5.85791e-03  5.51690e-03  5.15668e-03  4.77707e-03
  4.37792e-03  3.95908e-03  3.52044e-03  3.06192e-03  2.58346e-03  2.08504e-03
  1.56664e-03  1.02830e-03  4.70075e-04 -1.07929e-04 -7.05574e-04 -1.32269e-03
 -1.95906e-03 -2.61445e-03 -3.28859e-03 -3.98115e-03 -4.69178e-03 -5.42009e-03
 -6.16563e-03 -6.92793e-03 -7.70644e-03 -8.50061e-03 -9.30983e-03 -1.01335e-02
 -1.09708e-02 -1.18211e-02 -1.26836e-02 -1.35574e-02 -1.44417e-02 -1.53356e-02
 -1.62380e-02 -1.71481e-02 -1.80646e-02 -1.89866e-02 -1.99129e-02 -2.08423e-02
 -2.17736e-02 -2.27055e-02 -2.36367e-02 -2.45659e-02 -2.54917e-02 -2.64126e-02
 -2.73272e-02 -2.82339e-02 -2.91314e-02 -3.00179e-02 -3.08919e-02 -3.17517e-02
 -3.25956e-02 -3.34221e-02 -3.42293e-02 -3.50155e-02 -3.57790e-02 -3.65179e-02
 -3.72304e-02 -3.79148e-02 -3.85692e-02 -3.91917e-02 -3.97805e-02 -4.03336e-02
 -4.08493e-02 -4.13257e-02 -4.17608e-02 -4.21528e-02 -4.24999e-02 -4.28001e-02
 -4.30516e-02 -4.32526e-02 -4.34012e-02 -4.34957e-02 -4.35342e-02 -4.35150e-02
 -4.34364e-02 -4.32966e-02 -4.30939e-02 -4.28268e-02 -4.24936e-02 -4.20928e-02
 -4.16229e-02 -4.10824e-02 -4.04699e-02 -3.97841e-02 -3.90235e-02 -3.81871e-02
 -3.72736e-02 -3.62819e-02 -3.52109e-02 -3.40596e-02 -3.28271e-02 -3.15125e-02
 -3.01152e-02 -2.86343e-02 -2.70693e-02 -2.54197e-02 -2.36849e-02 -2.18646e-02
 -1.99586e-02 -1.79665e-02 -1.58882e-02 -1.37238e-02 -1.14733e-02 -9.13674e-03
 -6.71442e-03 -4.20662e-03 -1.61373e-03  1.06378e-03  3.82534e-03  6.67030e-03
  9.59793e-03  1.26074e-02  1.56978e-02  1.88682e-02  2.21175e-02  2.54445e-02
  2.88481e-02  3.23269e-02  3.58796e-02  3.95046e-02  4.32006e-02  4.69658e-02
  5.07986e-02  5.46973e-02  5.86601e-02  6.26851e-02  6.67704e-02  7.09141e-02
  7.51140e-02  7.93681e-02  8.36744e-02  8.80304e-02  9.24342e-02  9.68832e-02
  1.01375e-01  1.05908e-01  1.10479e-01  1.15086e-01  1.19726e-01  1.24397e-01
  1.29096e-01  1.33821e-01  1.38569e-01  1.43337e-01  1.48123e-01  1.52923e-01
  1.57736e-01  1.62559e-01  1.67388e-01  1.72221e-01  1.77056e-01  1.81889e-01
  1.86717e-01  1.91538e-01  1.96349e-01  2.01147e-01  2.05930e-01  2.10693e-01
  2.15436e-01  2.20154e-01  2.24845e-01  2.29505e-01  2.34133e-01  2.38725e-01
  2.43279e-01  2.47791e-01  2.52259e-01  2.56681e-01  2.61053e-01  2.65372e-01
  2.69636e-01  2.73842e-01  2.77988e-01  2.82071e-01  2.86088e-01  2.90037e-01
  2.93915e-01  2.97719e-01  3.01448e-01  3.05099e-01  3.08669e-01  3.12157e-01
  3.15559e-01  3.18875e-01  3.22101e-01  3.25236e-01  3.28278e-01  3.31225e-01
  3.34075e-01  3.36826e-01  3.39477e-01  3.42026e-01  3.44472e-01  3.46813e-01
  3.49049e-01  3.51177e-01  3.53197e-01  3.55108e-01  3.56909e-01  3.58599e-01
  3.60178e-01  3.61644e-01  3.62999e-01  3.64241e-01  3.65370e-01  3.66387e-01
  3.67291e-01  3.68083e-01  3.68763e-01  3.69332e-01  3.69790e-01  3.70138e-01
  3.70377e-01  3.70509e-01  3.70535e-01  3.70456e-01  3.70272e-01  3.69988e-01
  3.69603e-01  3.69122e-01  3.68544e-01  3.67875e-01  3.67114e-01  3.66266e-01
  3.65333e-01  3.64318e-01  3.63224e-01  3.62055e-01  3.60814e-01  3.59504e-01
  3.58131e-01  3.56697e-01  3.55207e-01  3.53666e-01  3.52077e-01  3.50446e-01
  3.48776e-01  3.47074e-01  3.45344e-01  3.43591e-01  3.41821e-01  3.40039e-01
  3.38252e-01  3.36464e-01  3.34682e-01  3.32912e-01  3.31160e-01  3.29432e-01
  3.27735e-01  3.26075e-01  3.24459e-01  3.22894e-01  3.21386e-01  3.19941e-01
  3.18569e-01  3.17274e-01  3.16066e-01  3.14950e-01  3.13934e-01  3.13025e-01
  3.12230e-01  3.11558e-01  3.11015e-01  3.10608e-01  3.10346e-01  3.10235e-01
  3.10283e-01  3.10497e-01  3.10884e-01  3.11453e-01  3.12209e-01  3.13160e-01
  3.14314e-01  3.15678e-01  3.17258e-01  3.19061e-01  3.21094e-01  3.23364e-01
  3.25878e-01  3.28640e-01  3.31658e-01  3.34938e-01  3.38485e-01  3.42305e-01
  3.46404e-01  3.50787e-01  3.55459e-01  3.60425e-01  3.65689e-01  3.71256e-01
  3.77129e-01  3.83312e-01  3.89810e-01  3.96624e-01  4.03759e-01  4.11217e-01
  4.18999e-01  4.27108e-01  4.35544e-01  4.44310e-01  4.53405e-01  4.62831e-01
  4.72587e-01  4.82673e-01  4.93089e-01  5.03833e-01  5.14902e-01  5.26296e-01
  5.38011e-01  5.50043e-01  5.62391e-01  5.75050e-01  5.88015e-01  6.01281e-01
  6.14843e-01  6.28695e-01  6.42830e-01  6.57242e-01  6.71923e-01  6.86864e-01
  7.02057e-01  7.17493e-01  7.33162e-01  7.49054e-01  7.65159e-01  7.81465e-01
  7.97959e-01  8.14631e-01  8.31465e-01  8.48451e-01  8.65572e-01  8.82815e-01
  9.00164e-01  9.17603e-01  9.35116e-01  9.52687e-01  9.70298e-01  9.87930e-01
  1.00557e+00  1.02319e+00  1.04077e+00  1.05831e+00  1.07576e+00  1.09312e+00
  1.11037e+00  1.12747e+00  1.14441e+00  1.16117e+00  1.17772e+00  1.19403e+00
  1.21009e+00  1.22587e+00  1.24135e+00  1.25650e+00  1.27129e+00  1.28569e+00
  1.29969e+00  1.31326e+00  1.32636e+00  1.33898e+00  1.35108e+00  1.36263e+00
  1.37362e+00  1.38401e+00  1.39376e+00  1.40287e+00  1.41129e+00  1.41900e+00
  1.42597e+00  1.43217e+00  1.43757e+00  1.44215e+00  1.44588e+00  1.44872e+00
  1.45066e+00  1.45166e+00  1.45169e+00  1.45073e+00  1.44875e+00  1.44573e+00
  1.44163e+00  1.43643e+00  1.43011e+00  1.42263e+00  1.41398e+00  1.40413e+00
  1.39306e+00  1.38073e+00  1.36714e+00  1.35226e+00  1.33606e+00  1.31852e+00
  1.29963e+00  1.27937e+00  1.25771e+00  1.23464e+00  1.21015e+00  1.18421e+00
  1.15681e+00  1.12794e+00  1.09759e+00  1.06573e+00  1.03237e+00  9.97497e-01
  9.61095e-01  9.23159e-01  8.83683e-01  8.42664e-01  8.00098e-01  7.55983e-01
  7.10317e-01  6.63101e-01  6.14338e-01  5.64031e-01  5.12184e-01  4.58805e-01
  4.03900e-01  3.47480e-01  2.89556e-01  2.30141e-01  1.69248e-01  1.06893e-01
  4.30942e-02 -2.21297e-02 -8.87573e-02 -1.56766e-01 -2.26131e-01 -2.96827e-01
 -3.68827e-01 -4.42100e-01 -5.16615e-01 -5.92340e-01 -6.69240e-01 -7.47278e-01
 -8.26416e-01 -9.06614e-01 -9.87831e-01 -1.07002e+00 -1.15314e+00 -1.23715e+00
 -1.32198e+00 -1.40761e+00 -1.49396e+00 -1.58099e+00 -1.66864e+00 -1.75687e+00
 -1.84559e+00 -1.93477e+00 -2.02433e+00 -2.11422e+00 -2.20436e+00 -2.29470e+00
 -2.38516e+00 -2.47568e+00 -2.56619e+00 -2.65661e+00 -2.74688e+00 -2.83692e+00
 -2.92665e+00 -3.01600e+00 -3.10490e+00 -3.19326e+00 -3.28101e+00 -3.36807e+00
 -3.45436e+00 -3.53980e+00 -3.62431e+00 -3.70780e+00 -3.79020e+00 -3.87142e+00
 -3.95138e+00 -4.03000e+00 -4.10719e+00 -4.18287e+00 -4.25696e+00 -4.32938e+00
 -4.40004e+00 -4.46886e+00 -4.53577e+00 -4.60067e+00 -4.66350e+00 -4.72416e+00
 -4.78259e+00 -4.83870e+00 -4.89241e+00 -4.94366e+00 -4.99237e+00 -5.03846e+00
 -5.08186e+00 -5.12251e+00 -5.16034e+00 -5.19527e+00 -5.22725e+00 -5.25621e+00
 -5.28209e+00 -5.30483e+00 -5.32438e+00 -5.34069e+00 -5.35370e+00 -5.36337e+00
 -5.36964e+00 -5.37248e+00 -5.37185e+00 -5.36770e+00 -5.36002e+00 -5.34875e+00
 -5.33389e+00 -5.31540e+00 -5.29327e+00 -5.26747e+00 -5.23799e+00 -5.20483e+00
 -5.16797e+00 -5.12742e+00 -5.08317e+00 -5.03524e+00 -4.98363e+00 -4.92835e+00
 -4.86942e+00 -4.80686e+00 -4.74071e+00 -4.67097e+00 -4.59770e+00 -4.52094e+00
 -4.44071e+00 -4.35706e+00 -4.27006e+00 -4.17974e+00 -4.08617e+00 -3.98942e+00
 -3.88953e+00 -3.78660e+00 -3.68068e+00 -3.57187e+00 -3.46023e+00 -3.34586e+00
 -3.22884e+00 -3.10926e+00 -2.98723e+00 -2.86284e+00 -2.73618e+00 -2.60738e+00
 -2.47653e+00 -2.34374e+00 -2.20913e+00 -2.07282e+00 -1.93492e+00 -1.79555e+00
 -1.65484e+00 -1.51291e+00 -1.36988e+00 -1.22589e+00 -1.08105e+00 -9.35519e-01
 -7.89407e-01 -6.42851e-01 -4.95982e-01 -3.48935e-01 -2.01844e-01 -5.48419e-02
  9.19366e-02  2.38359e-01  3.84293e-01  5.29608e-01  6.74173e-01  8.17859e-01
  9.60537e-01  1.10208e+00  1.24236e+00  1.38125e+00  1.51864e+00  1.65441e+00
  1.78843e+00  1.92059e+00  2.05078e+00  2.17890e+00  2.30482e+00  2.42847e+00
  2.54972e+00  2.66849e+00  2.78468e+00  2.89820e+00  3.00897e+00  3.11690e+00
  3.22192e+00  3.32395e+00  3.42292e+00  3.51877e+00  3.61142e+00  3.70083e+00
  3.78694e+00  3.86970e+00  3.94906e+00  4.02498e+00  4.09743e+00  4.16637e+00
  4.23178e+00  4.29363e+00  4.35190e+00  4.40657e+00  4.45763e+00  4.50508e+00
  4.54890e+00  4.58911e+00  4.62570e+00  4.65869e+00  4.68808e+00  4.71389e+00
  4.73614e+00  4.75486e+00  4.77006e+00  4.78177e+00  4.79004e+00  4.79489e+00
  4.79637e+00  4.79451e+00  4.78937e+00  4.78097e+00  4.76939e+00  4.75466e+00
  4.73685e+00  4.71600e+00  4.69218e+00  4.66546e+00  4.63588e+00  4.60352e+00
  4.56843e+00  4.53070e+00  4.49038e+00  4.44754e+00  4.40226e+00  4.35461e+00
  4.30465e+00  4.25247e+00  4.19814e+00  4.14173e+00  4.08332e+00  4.02298e+00
  3.96079e+00  3.89683e+00  3.83117e+00  3.76389e+00  3.69506e+00  3.62476e+00
  3.55307e+00  3.48006e+00  3.40580e+00  3.33038e+00  3.25386e+00  3.17632e+00
  3.09783e+00  3.01848e+00  2.93832e+00  2.85742e+00  2.77587e+00  2.69373e+00
  2.61106e+00  2.52794e+00  2.44443e+00  2.36059e+00  2.27650e+00  2.19222e+00
  2.10781e+00  2.02332e+00  1.93883e+00  1.85439e+00  1.77006e+00  1.68590e+00
  1.60196e+00  1.51830e+00  1.43498e+00  1.35204e+00  1.26954e+00  1.18753e+00
  1.10605e+00  1.02516e+00  9.44899e-01  8.65319e-01  7.86461e-01  7.08369e-01
  6.31085e-01  5.54651e-01  4.79106e-01  4.04489e-01  3.30836e-01  2.58185e-01
  1.86569e-01  1.16021e-01  4.65752e-02 -2.17384e-02 -8.88890e-02 -1.54847e-01
 -2.19585e-01 -2.83078e-01 -3.45301e-01 -4.06230e-01 -4.65842e-01 -5.24115e-01
 -5.81030e-01 -6.36567e-01 -6.90711e-01 -7.43443e-01 -7.94749e-01 -8.44614e-01
 -8.93025e-01 -9.39971e-01 -9.85443e-01 -1.02943e+00 -1.07193e+00 -1.11292e+00
 -1.15241e+00 -1.19040e+00 -1.22687e+00 -1.26183e+00 -1.29528e+00 -1.32721e+00
 -1.35763e+00 -1.38655e+00 -1.41395e+00 -1.43986e+00 -1.46428e+00 -1.48720e+00
 -1.50866e+00 -1.52864e+00 -1.54717e+00 -1.56425e+00 -1.57990e+00 -1.59413e+00
 -1.60695e+00 -1.61839e+00 -1.62845e+00 -1.63715e+00 -1.64452e+00 -1.65057e+00
 -1.65532e+00 -1.65879e+00 -1.66101e+00 -1.66199e+00 -1.66176e+00 -1.66034e+00
 -1.65776e+00 -1.65404e+00 -1.64921e+00 -1.64328e+00 -1.63630e+00 -1.62828e+00
 -1.61925e+00 -1.60925e+00 -1.59828e+00 -1.58640e+00 -1.57361e+00 -1.55996e+00
 -1.54547e+00 -1.53018e+00 -1.51410e+00 -1.49727e+00 -1.47972e+00 -1.46148e+00
 -1.44257e+00 -1.42304e+00 -1.40289e+00 -1.38218e+00 -1.36091e+00 -1.33913e+00
 -1.31686e+00 -1.29413e+00 -1.27096e+00 -1.24740e+00 -1.22345e+00 -1.19916e+00
 -1.17455e+00 -1.14963e+00 -1.12445e+00 -1.09902e+00 -1.07337e+00 -1.04752e+00
 -1.02151e+00 -9.95344e-01 -9.69056e-01 -9.42665e-01 -9.16195e-01 -8.89666e-01
 -8.63100e-01 -8.36516e-01 -8.09933e-01 -7.83371e-01 -7.56849e-01 -7.30385e-01
 -7.03997e-01 -6.77700e-01 -6.51512e-01 -6.25446e-01 -5.99518e-01 -5.73742e-01
 -5.48132e-01 -5.22699e-01 -4.97457e-01 -4.72418e-01 -4.47594e-01 -4.22997e-01
 -3.98637e-01 -3.74522e-01 -3.50662e-01 -3.27066e-01 -3.03741e-01 -2.80695e-01
 -2.57936e-01 -2.35469e-01 -2.13303e-01 -1.91442e-01 -1.69893e-01 -1.48661e-01
 -1.27749e-01 -1.07162e-01 -8.69041e-02 -6.69803e-02 -4.73938e-02 -2.81475e-02
 -9.24392e-03  9.31432e-03  2.75249e-02  4.53861e-02  6.28964e-02  8.00544e-02
  9.68581e-02  1.13306e-01  1.29397e-01  1.45132e-01  1.60509e-01  1.75527e-01
  1.90185e-01  2.04483e-01  2.18420e-01  2.31999e-01  2.45218e-01  2.58077e-01
  2.70576e-01  2.82714e-01  2.94494e-01  3.05916e-01  3.16982e-01  3.27691e-01
  3.38044e-01  3.48040e-01  3.57679e-01  3.66964e-01  3.75895e-01  3.84475e-01
  3.92704e-01  4.00584e-01  4.08113e-01  4.15295e-01  4.22131e-01  4.28622e-01
  4.34770e-01  4.40577e-01  4.46044e-01  4.51173e-01  4.55964e-01  4.60421e-01
  4.64546e-01  4.68342e-01  4.71811e-01  4.74955e-01  4.77775e-01  4.80276e-01
  4.82459e-01  4.84330e-01  4.85890e-01  4.87144e-01  4.88093e-01  4.88741e-01
  4.89091e-01  4.89147e-01  4.88915e-01  4.88398e-01  4.87601e-01  4.86528e-01
  4.85183e-01  4.83571e-01  4.81697e-01  4.79566e-01  4.77185e-01  4.74557e-01
  4.71689e-01  4.68585e-01  4.65253e-01  4.61698e-01  4.57926e-01  4.53942e-01
  4.49753e-01  4.45364e-01  4.40783e-01  4.36016e-01  4.31070e-01  4.25952e-01
  4.20669e-01  4.15228e-01  4.09635e-01  4.03898e-01  3.98023e-01  3.92018e-01
  3.85888e-01  3.79641e-01  3.73283e-01  3.66821e-01  3.60262e-01  3.53614e-01
  3.46883e-01  3.40077e-01  3.33202e-01  3.26265e-01  3.19271e-01  3.12226e-01
  3.05137e-01  2.98009e-01  2.90849e-01  2.83664e-01  2.76458e-01  2.69237e-01
  2.62006e-01  2.54772e-01  2.47537e-01  2.40309e-01  2.33090e-01  2.25884e-01
  2.18697e-01  2.11531e-01  2.04391e-01  1.97281e-01  1.90203e-01  1.83162e-01
  1.76161e-01  1.69203e-01  1.62289e-01  1.55422e-01  1.48604e-01  1.41837e-01
  1.35123e-01  1.28465e-01  1.21863e-01  1.15319e-01  1.08833e-01  1.02406e-01
  9.60411e-02  8.97387e-02  8.34996e-02  7.73235e-02  7.12105e-02  6.51611e-02
  5.91765e-02  5.32575e-02  4.74038e-02  4.16149e-02  3.58903e-02  3.02309e-02
  2.46377e-02  1.91113e-02  1.36513e-02  8.25677e-03  2.92742e-03 -2.33624e-03
 -7.53294e-03 -1.26618e-02 -1.77227e-02 -2.27156e-02 -2.76402e-02 -3.24959e-02
 -3.72818e-02 -4.19972e-02 -4.66417e-02 -5.12143e-02 -5.57139e-02 -6.01387e-02
 -6.44876e-02 -6.87597e-02 -7.29538e-02 -7.70682e-02 -8.11008e-02 -8.50495e-02
 -8.89123e-02 -9.26876e-02 -9.63736e-02 -9.99682e-02 -1.03469e-01 -1.06873e-01
 -1.10179e-01 -1.13384e-01 -1.16487e-01 -1.19485e-01 -1.22374e-01 -1.25153e-01
 -1.27816e-01 -1.30364e-01 -1.32794e-01 -1.35103e-01 -1.37288e-01 -1.39347e-01
 -1.41278e-01 -1.43079e-01 -1.44748e-01 -1.46282e-01 -1.47677e-01 -1.48931e-01
 -1.50042e-01 -1.51011e-01 -1.51835e-01 -1.52511e-01 -1.53039e-01 -1.53416e-01
 -1.53642e-01 -1.53717e-01 -1.53639e-01 -1.53407e-01 -1.53020e-01 -1.52477e-01
 -1.51780e-01 -1.50930e-01 -1.49927e-01 -1.48770e-01 -1.47458e-01 -1.45994e-01
 -1.44378e-01 -1.42613e-01 -1.40700e-01 -1.38640e-01 -1.36437e-01 -1.34092e-01
 -1.31608e-01 -1.28988e-01 -1.26234e-01 -1.23349e-01 -1.20337e-01 -1.17199e-01
 -1.13941e-01 -1.10567e-01 -1.07081e-01 -1.03488e-01 -9.97924e-02 -9.59983e-02
 -9.21100e-02 -8.81322e-02 -8.40700e-02 -7.99286e-02 -7.57138e-02 -7.14309e-02
 -6.70855e-02 -6.26831e-02 -5.82297e-02 -5.37311e-02 -4.91932e-02 -4.46217e-02
 -4.00222e-02 -3.54005e-02 -3.07621e-02 -2.61128e-02 -2.14584e-02 -1.68050e-02
 -1.21586e-02 -7.52501e-03 -2.90988e-03  1.68117e-03  6.24240e-03  1.07682e-02
  1.52534e-02  1.96933e-02  2.40837e-02  2.84198e-02  3.26965e-02  3.69084e-02
  4.10508e-02  4.51194e-02  4.91104e-02  5.30200e-02  5.68440e-02  6.05786e-02
  6.42203e-02  6.77660e-02  7.12133e-02  7.45597e-02  7.78027e-02  8.09398e-02
  8.39682e-02  8.68857e-02  8.96903e-02  9.23806e-02  9.49551e-02  9.74124e-02
  9.97512e-02  1.01971e-01  1.04071e-01  1.06053e-01  1.07915e-01  1.09657e-01
  1.11279e-01  1.12780e-01  1.14161e-01  1.15424e-01  1.16569e-01  1.17596e-01
  1.18507e-01  1.19302e-01  1.19983e-01  1.20552e-01  1.21010e-01  1.21357e-01
  1.21597e-01  1.21730e-01  1.21758e-01  1.21685e-01  1.21512e-01  1.21241e-01
  1.20873e-01  1.20410e-01  1.19855e-01  1.19209e-01  1.18477e-01  1.17660e-01
  1.16761e-01  1.15782e-01  1.14725e-01  1.13592e-01  1.12386e-01  1.11110e-01
  1.09765e-01  1.08353e-01  1.06877e-01  1.05341e-01  1.03747e-01  1.02096e-01
  1.00391e-01  9.86330e-02  9.68252e-02  9.49700e-02  9.30695e-02  9.11249e-02
  8.91385e-02  8.71129e-02  8.50509e-02  8.29547e-02  8.08256e-02  7.86648e-02
  7.64741e-02  7.42557e-02  7.20117e-02  6.97437e-02  6.74531e-02  6.51417e-02
  6.28114e-02  6.04642e-02  5.81019e-02  5.57258e-02  5.33373e-02  5.09376e-02
  4.85279e-02  4.61099e-02  4.36849e-02  4.12546e-02  3.88204e-02  3.63837e-02
  3.39459e-02  3.15082e-02  2.90718e-02  2.66380e-02  2.42078e-02  2.17824e-02
  1.93633e-02  1.69519e-02  1.45495e-02  1.21570e-02  9.77525e-03  7.40563e-03
  5.04971e-03  2.70897e-03  3.84461e-04 -1.92307e-03 -4.21266e-03 -6.48280e-03
 -8.73176e-03 -1.09582e-02 -1.31615e-02 -1.53412e-02 -1.74961e-02 -1.96244e-02
 -2.17242e-02 -2.37942e-02 -2.58338e-02 -2.78426e-02 -2.98196e-02 -3.17634e-02
 -3.36728e-02 -3.55466e-02 -3.73838e-02 -3.91834e-02 -4.09437e-02 -4.26635e-02
 -4.43416e-02 -4.59772e-02 -4.75696e-02 -4.91182e-02 -5.06222e-02 -5.20804e-02
 -5.34918e-02 -5.48552e-02 -5.61697e-02 -5.74347e-02 -5.86496e-02 -5.98140e-02
 -6.09270e-02 -6.19875e-02 -6.29945e-02 -6.39477e-02 -6.48468e-02 -6.56917e-02
 -6.64820e-02 -6.72172e-02 -6.78966e-02 -6.85202e-02 -6.90877e-02 -6.95992e-02
 -7.00544e-02 -7.04534e-02 -7.07965e-02 -7.10841e-02 -7.13162e-02 -7.14928e-02
 -7.16138e-02 -7.16795e-02 -7.16903e-02 -7.16467e-02 -7.15492e-02 -7.13982e-02
 -7.11944e-02 -7.09385e-02 -7.06318e-02 -7.02748e-02 -6.98685e-02 -6.94132e-02
 -6.89100e-02 -6.83599e-02 -6.77641e-02 -6.71238e-02 -6.64396e-02 -6.57124e-02
 -6.49435e-02 -6.41344e-02 -6.32868e-02 -6.24020e-02 -6.14812e-02 -6.05254e-02
 -5.95360e-02 -5.85144e-02 -5.74620e-02 -5.63803e-02 -5.52708e-02 -5.41353e-02
 -5.29753e-02 -5.17923e-02 -5.05873e-02 -4.93620e-02 -4.81179e-02 -4.68570e-02
 -4.55806e-02 -4.42900e-02 -4.29866e-02 -4.16719e-02 -4.03476e-02 -3.90156e-02
 -3.76772e-02 -3.63341e-02 -3.49874e-02 -3.36386e-02 -3.22894e-02 -3.09411e-02
 -2.95952e-02 -2.82529e-02 -2.69157e-02 -2.55847e-02 -2.42618e-02 -2.29484e-02
 -2.16461e-02 -2.03560e-02 -1.90792e-02 -1.78168e-02 -1.65698e-02 -1.53396e-02
 -1.41272e-02 -1.29338e-02 -1.17601e-02 -1.06076e-02 -9.47754e-03 -8.37096e-03
 -7.28863e-03 -6.23118e-03 -5.19946e-03 -4.19459e-03 -3.21759e-03 -2.26916e-03
 -1.34971e-03 -4.59676e-04  4.00215e-04  1.22901e-03  2.02580e-03  2.78984e-03
  3.52055e-03  4.21740e-03  4.87990e-03  5.50765e-03  6.10028e-03  6.65750e-03
  7.17904e-03  7.66463e-03  8.11395e-03  8.52664e-03  8.90226e-03  9.24050e-03
  9.54122e-03  9.80441e-03  1.00300e-02  1.02181e-02  1.03684e-02  1.04809e-02
  1.05556e-02  1.05928e-02  1.05925e-02  1.05550e-02  1.04802e-02  1.03683e-02
  1.02194e-02  1.00337e-02  9.81162e-03  9.55344e-03  9.25933e-03  8.92956e-03
  8.56459e-03  8.16510e-03  7.73170e-03  7.26480e-03  6.76461e-03  6.23147e-03
  5.66611e-03  5.06961e-03  4.44300e-03  3.78692e-03  3.10164e-03  2.38744e-03
  1.64503e-03  8.75532e-04  8.00043e-05 -7.40790e-04 -1.58626e-03 -2.45559e-03
 -3.34759e-03 -4.26105e-03 -5.19499e-03 -6.14868e-03 -7.12126e-03 -8.11158e-03
 -9.11846e-03 -1.01410e-02 -1.11787e-02 -1.22308e-02 -1.32963e-02 -1.43738e-02
 -1.54617e-02 -1.65589e-02 -1.76643e-02 -1.87768e-02 -1.98955e-02 -2.10198e-02
 -2.21487e-02 -2.32813e-02 -2.44165e-02 -2.55531e-02 -2.66898e-02 -2.78257e-02
 -2.89601e-02 -3.00923e-02 -3.12216e-02 -3.23471e-02 -3.34678e-02 -3.45824e-02
 -3.56899e-02 -3.67897e-02 -3.78813e-02 -3.89641e-02 -4.00375e-02 -4.11006e-02
 -4.21527e-02 -4.31935e-02 -4.42227e-02 -4.52401e-02 -4.62447e-02 -4.72358e-02
 -4.82127e-02 -4.91750e-02 -5.01228e-02 -5.10558e-02 -5.19738e-02 -5.28761e-02
 -5.37626e-02 -5.46332e-02 -5.54881e-02 -5.63271e-02 -5.71499e-02 -5.79564e-02
 -5.87466e-02 -5.95204e-02 -6.02779e-02 -6.10191e-02 -6.17438e-02 -6.24520e-02
 -6.31436e-02 -6.38189e-02 -6.44781e-02 -6.51212e-02 -6.57484e-02 -6.63595e-02
 -6.69546e-02 -6.75339e-02 -6.80978e-02 -6.86466e-02 -6.91801e-02 -6.96982e-02
 -7.02009e-02 -7.06886e-02 -7.11615e-02 -7.16197e-02 -7.20631e-02 -7.24916e-02
 -7.29052e-02 -7.33041e-02 -7.36885e-02 -7.40586e-02 -7.44145e-02 -7.47560e-02
 -7.50827e-02 -7.53945e-02 -7.56915e-02 -7.59736e-02 -7.62411e-02 -7.64935e-02
 -7.67307e-02 -7.69525e-02 -7.71590e-02 -7.73503e-02 -7.75264e-02 -7.76871e-02
 -7.78322e-02 -7.79612e-02 -7.80734e-02 -7.81684e-02 -7.82460e-02 -7.83063e-02
 -7.83494e-02 -7.83752e-02 -7.83832e-02 -7.83726e-02 -7.83431e-02 -7.82944e-02
 -7.82266e-02 -7.81396e-02 -7.80333e-02 -7.79074e-02 -7.77614e-02 -7.75949e-02
 -7.74076e-02 -7.71993e-02 -7.69698e-02 -7.67187e-02 -7.64456e-02 -7.61501e-02
 -7.58322e-02 -7.54921e-02 -7.51303e-02 -7.47465e-02 -7.43404e-02 -7.39113e-02
 -7.34590e-02 -7.29833e-02 -7.24846e-02 -7.19628e-02 -7.14182e-02 -7.08507e-02
 -7.02603e-02 -6.96473e-02 -6.90118e-02 -6.83541e-02 -6.76746e-02 -6.69733e-02
 -6.62502e-02 -6.55055e-02 -6.47396e-02 -6.39528e-02 -6.31458e-02 -6.23191e-02
 -6.14730e-02 -6.06082e-02 -5.97249e-02 -5.88235e-02 -5.79042e-02 -5.69677e-02
 -5.60149e-02 -5.50465e-02 -5.40632e-02 -5.30655e-02 -5.20538e-02 -5.10290e-02
 -4.99916e-02 -4.89424e-02 -4.78821e-02 -4.68116e-02 -4.57316e-02 -4.46431e-02
 -4.35469e-02 -4.24437e-02 -4.13341e-02 -4.02186e-02 -3.90978e-02 -3.79726e-02
 -3.68439e-02 -3.57129e-02 -3.45804e-02 -3.34472e-02 -3.23135e-02 -3.11796e-02
 -3.00461e-02 -2.89141e-02 -2.77847e-02 -2.66588e-02 -2.55369e-02 -2.44193e-02
 -2.33065e-02 -2.21991e-02 -2.10979e-02 -2.00033e-02 -1.89156e-02 -1.78355e-02
 -1.67637e-02 -1.57010e-02 -1.46477e-02 -1.36039e-02 -1.25696e-02 -1.15451e-02
 -1.05308e-02 -9.52748e-03 -8.53554e-03 -7.55547e-03 -6.58753e-03 -5.63177e-03
 -4.68813e-03 -3.75661e-03 -2.83735e-03 -1.93062e-03 -1.03670e-03 -1.55787e-04
  7.11981e-04  1.56656e-03  2.40796e-03  3.23624e-03  4.05141e-03  4.85338e-03
  5.64209e-03  6.41743e-03  7.17933e-03  7.92781e-03  8.66297e-03  9.38510e-03
  1.00945e-02  1.07914e-02  1.14757e-02  1.21469e-02  1.28050e-02  1.34502e-02
  1.40827e-02  1.47031e-02  1.53115e-02  1.59080e-02  1.64926e-02  1.70655e-02
  1.76268e-02  1.81765e-02  1.87148e-02  1.92417e-02  1.97575e-02  2.02625e-02
  2.07566e-02  2.12401e-02  2.17129e-02  2.21754e-02  2.26280e-02  2.30710e-02
  2.35045e-02  2.39285e-02  2.43432e-02  2.47487e-02  2.51451e-02  2.55325e-02
  2.59112e-02  2.62815e-02  2.66435e-02  2.69977e-02  2.73443e-02  2.76835e-02
  2.80154e-02  2.83399e-02  2.86570e-02  2.89669e-02  2.92701e-02  2.95672e-02
  2.98585e-02  3.01440e-02  3.04238e-02  3.06979e-02  3.09666e-02  3.12304e-02
  3.14893e-02  3.17434e-02  3.19929e-02  3.22380e-02  3.24793e-02  3.27169e-02
  3.29512e-02  3.31824e-02  3.34104e-02  3.36351e-02  3.38567e-02  3.40756e-02
  3.42921e-02  3.45066e-02  3.47190e-02  3.49295e-02  3.51382e-02  3.53456e-02
  3.55521e-02  3.57578e-02  3.59628e-02  3.61669e-02  3.63702e-02  3.65728e-02
  3.67750e-02  3.69771e-02  3.71792e-02  3.73814e-02  3.75839e-02  3.77864e-02
  3.79892e-02  3.81922e-02  3.83958e-02  3.86001e-02  3.88050e-02  3.90105e-02
  3.92165e-02  3.94230e-02  3.96302e-02  3.98381e-02  4.00468e-02  4.02560e-02
  4.04656e-02  4.06756e-02  4.08860e-02  4.10968e-02  4.13079e-02  4.15191e-02
  4.17303e-02  4.19416e-02  4.21526e-02  4.23631e-02  4.25727e-02  4.27813e-02
  4.29886e-02  4.31949e-02  4.34002e-02  4.36043e-02  4.38069e-02  4.40076e-02
  4.42059e-02  4.44015e-02  4.45942e-02  4.47838e-02  4.49700e-02  4.51525e-02
  4.53310e-02  4.55054e-02  4.56754e-02  4.58405e-02  4.60003e-02  4.61544e-02
  4.63024e-02  4.64442e-02  4.65795e-02  4.67082e-02  4.68299e-02  4.69443e-02
  4.70508e-02  4.71492e-02  4.72394e-02  4.73214e-02  4.73946e-02  4.74584e-02
  4.75123e-02  4.75560e-02  4.75897e-02  4.76131e-02  4.76260e-02  4.76279e-02
  4.76184e-02  4.75971e-02  4.75641e-02  4.75194e-02  4.74630e-02  4.73945e-02
  4.73138e-02  4.72203e-02  4.71142e-02  4.69951e-02  4.68632e-02  4.67184e-02
  4.65607e-02  4.63899e-02  4.62062e-02  4.60093e-02  4.57992e-02  4.55757e-02
  4.53388e-02  4.50887e-02  4.48255e-02  4.45495e-02  4.42609e-02  4.39598e-02
  4.36461e-02  4.33199e-02  4.29812e-02  4.26303e-02  4.22675e-02  4.18932e-02
  4.15076e-02  4.11106e-02  4.07022e-02  4.02829e-02  3.98531e-02  3.94132e-02
  3.89635e-02  3.85041e-02  3.80352e-02  3.75571e-02  3.70703e-02  3.65752e-02
  3.60723e-02  3.55617e-02  3.50436e-02  3.45183e-02  3.39861e-02  3.34475e-02
  3.29030e-02  3.23531e-02  3.17979e-02  3.12377e-02  3.06726e-02  3.01028e-02
  2.95288e-02  2.89511e-02  2.83702e-02  2.77863e-02  2.71995e-02  2.66100e-02
  2.60183e-02  2.54246e-02  2.48292e-02  2.42321e-02  2.36335e-02  2.30336e-02
  2.24328e-02  2.18314e-02  2.12294e-02  2.06267e-02  2.00231e-02  1.94190e-02
  1.88146e-02  1.82102e-02  1.76060e-02  1.70019e-02  1.63978e-02  1.57937e-02
  1.51893e-02  1.45844e-02  1.39791e-02  1.33735e-02  1.27678e-02  1.21620e-02
  1.15558e-02  1.09489e-02  1.03406e-02  9.73090e-03  9.11966e-03  8.50701e-03
  7.89300e-03  7.27748e-03  6.66009e-03  6.04045e-03  5.41828e-03  4.79336e-03
  4.16541e-03  3.53403e-03  2.89879e-03  2.25944e-03  1.61586e-03  9.68000e-04
  3.15670e-04 -3.41405e-04 -1.00355e-03 -1.67113e-03 -2.34449e-03 -3.02397e-03
 -3.70972e-03 -4.40183e-03 -5.10044e-03 -5.80593e-03 -6.51874e-03 -7.23914e-03
 -7.96711e-03 -8.70252e-03 -9.44538e-03 -1.01960e-02 -1.09546e-02 -1.17214e-02
 -1.24961e-02 -1.32785e-02 -1.40686e-02 -1.48667e-02 -1.56730e-02 -1.64875e-02
 -1.73097e-02 -1.81392e-02 -1.89757e-02 -1.98192e-02 -2.06697e-02 -2.15271e-02
 -2.23909e-02 -2.32606e-02 -2.41359e-02 -2.50166e-02 -2.59024e-02 -2.67930e-02
 -2.76878e-02 -2.85861e-02 -2.94872e-02 -3.03905e-02 -3.12953e-02 -3.22010e-02
 -3.31072e-02 -3.40132e-02 -3.49183e-02 -3.58218e-02 -3.67231e-02 -3.76214e-02
 -3.85163e-02 -3.94069e-02 -4.02924e-02 -4.11716e-02 -4.20435e-02 -4.29073e-02
 -4.37625e-02 -4.46083e-02 -4.54440e-02 -4.62683e-02 -4.70803e-02 -4.78792e-02
 -4.86644e-02 -4.94354e-02 -5.01911e-02 -5.09306e-02 -5.16532e-02 -5.23580e-02
 -5.30441e-02 -5.37108e-02 -5.43572e-02 -5.49824e-02 -5.55856e-02 -5.61663e-02
 -5.67237e-02 -5.72576e-02 -5.77675e-02 -5.82526e-02 -5.87121e-02 -5.91454e-02
 -5.95522e-02 -5.99321e-02 -6.02849e-02 -6.06100e-02 -6.09065e-02 -6.11739e-02
 -6.14121e-02 -6.16211e-02 -6.18011e-02 -6.19516e-02 -6.20724e-02 -6.21631e-02
 -6.22234e-02 -6.22534e-02 -6.22532e-02 -6.22229e-02 -6.21627e-02 -6.20730e-02
 -6.19536e-02 -6.18044e-02 -6.16253e-02 -6.14169e-02 -6.11795e-02 -6.09137e-02
 -6.06198e-02 -6.02976e-02 -5.99477e-02 -5.95705e-02 -5.91668e-02 -5.87372e-02
 -5.82823e-02 -5.78023e-02 -5.72976e-02 -5.67686e-02 -5.62161e-02 -5.56405e-02
 -5.50424e-02 -5.44224e-02 -5.37812e-02 -5.31194e-02 -5.24380e-02 -5.17381e-02
 -5.10204e-02 -5.02851e-02 -4.95326e-02 -4.87635e-02 -4.79788e-02 -4.71794e-02
 -4.63663e-02 -4.55399e-02 -4.47005e-02 -4.38488e-02 -4.29857e-02 -4.21121e-02
 -4.12287e-02 -4.03361e-02 -3.94349e-02 -3.85257e-02 -3.76094e-02 -3.66869e-02
 -3.57588e-02 -3.48254e-02 -3.38872e-02 -3.29450e-02 -3.19996e-02 -3.10519e-02
 -3.01021e-02 -2.91506e-02 -2.81979e-02 -2.72446e-02 -2.62915e-02 -2.53392e-02
 -2.43881e-02 -2.34386e-02 -2.24912e-02 -2.15465e-02 -2.06051e-02 -1.96674e-02
 -1.87340e-02 -1.78049e-02 -1.68807e-02 -1.59618e-02 -1.50489e-02 -1.41427e-02
 -1.32433e-02 -1.23508e-02 -1.14654e-02 -1.05875e-02 -9.71767e-03 -8.85646e-03
 -8.00436e-03 -7.16172e-03 -6.32878e-03 -5.50575e-03 -4.69286e-03 -3.89044e-03
 -3.09889e-03 -2.31857e-03 -1.54972e-03 -7.92520e-04 -4.71915e-05  6.85886e-04
  1.40629e-03  2.11373e-03  2.80806e-03  3.48919e-03  4.15692e-03  4.81091e-03
  5.45072e-03  6.07601e-03  6.68664e-03  7.28253e-03  7.86356e-03  8.42950e-03
  8.98010e-03  9.51520e-03  1.00348e-02  1.05386e-02  1.10266e-02  1.14983e-02
  1.19537e-02  1.23928e-02  1.28156e-02  1.32222e-02  1.36122e-02  1.39854e-02
  1.43417e-02  1.46810e-02  1.50033e-02  1.53086e-02  1.55970e-02  1.58686e-02
  1.61234e-02  1.63612e-02  1.65822e-02  1.67865e-02  1.69739e-02  1.71446e-02
  1.72983e-02  1.74352e-02  1.75553e-02  1.76590e-02  1.77463e-02  1.78172e-02
  1.78720e-02  1.79108e-02  1.79338e-02  1.79413e-02  1.79331e-02  1.79093e-02
  1.78702e-02  1.78160e-02  1.77469e-02  1.76631e-02  1.75647e-02  1.74519e-02
  1.73250e-02  1.71843e-02  1.70300e-02  1.68624e-02  1.66813e-02  1.64871e-02
  1.62801e-02  1.60607e-02  1.58293e-02  1.55858e-02  1.53301e-02  1.50624e-02
  1.47830e-02  1.44924e-02  1.41911e-02  1.38791e-02  1.35565e-02  1.32235e-02
  1.28806e-02  1.25280e-02  1.21661e-02  1.17947e-02  1.14140e-02  1.10241e-02
  1.06252e-02  1.02177e-02  9.80183e-03  9.37769e-03  8.94554e-03  8.50563e-03
  8.05813e-03  7.60320e-03  7.14102e-03  6.67175e-03  6.19557e-03  5.71258e-03
  5.22289e-03  4.72667e-03  4.22412e-03  3.71538e-03  3.20058e-03  2.67975e-03
  2.15304e-03  1.62062e-03  1.08270e-03  5.39456e-04 -8.99471e-06 -5.62506e-04
 -1.12088e-03 -1.68398e-03 -2.25170e-03 -2.82399e-03 -3.40067e-03 -3.98142e-03
 -4.56586e-03 -5.15374e-03 -5.74506e-03 -6.33990e-03 -6.93819e-03 -7.53956e-03
 -8.14349e-03 -8.74959e-03 -9.35774e-03 -9.96786e-03 -1.05797e-02 -1.11926e-02
 -1.18063e-02 -1.24203e-02 -1.30346e-02 -1.36492e-02 -1.42636e-02 -1.48773e-02
 -1.54897e-02 -1.61003e-02 -1.67090e-02 -1.73154e-02 -1.79190e-02 -1.85193e-02
 -1.91157e-02 -1.97076e-02 -2.02947e-02 -2.08766e-02 -2.14528e-02 -2.20225e-02
 -2.25850e-02 -2.31399e-02 -2.36867e-02 -2.42248e-02 -2.47539e-02 -2.52731e-02
 -2.57819e-02 -2.62793e-02 -2.67648e-02 -2.72377e-02 -2.76973e-02 -2.81431e-02
 -2.85745e-02 -2.89909e-02 -2.93919e-02 -2.97767e-02 -3.01444e-02 -3.04942e-02
 -3.08252e-02 -3.11371e-02 -3.14294e-02 -3.17015e-02 -3.19527e-02 -3.21822e-02
 -3.23891e-02 -3.25729e-02 -3.27332e-02 -3.28696e-02 -3.29812e-02 -3.30672e-02
 -3.31271e-02 -3.31605e-02 -3.31670e-02 -3.31463e-02 -3.30977e-02 -3.30205e-02
 -3.29140e-02 -3.27777e-02 -3.26112e-02 -3.24141e-02 -3.21861e-02 -3.19270e-02
 -3.16363e-02 -3.13135e-02 -3.09582e-02 -3.05702e-02 -3.01492e-02 -2.96950e-02
 -2.92074e-02 -2.86861e-02 -2.81310e-02 -2.75419e-02 -2.69187e-02 -2.62613e-02
 -2.55694e-02 -2.48427e-02 -2.40813e-02 -2.32853e-02 -2.24547e-02 -2.15896e-02
 -2.06903e-02 -1.97568e-02 -1.87893e-02 -1.77879e-02 -1.67525e-02 -1.56833e-02
 -1.45805e-02 -1.34446e-02 -1.22760e-02 -1.10751e-02 -9.84224e-03 -8.57775e-03
 -7.28207e-03 -5.95568e-03 -4.59915e-03 -3.21302e-03 -1.79778e-03 -3.53964e-04
  1.11780e-03  2.61677e-03  4.14205e-03  5.69285e-03  7.26848e-03  8.86831e-03
  1.04916e-02  1.21373e-02  1.38045e-02  1.54920e-02  1.71991e-02  1.89247e-02
  2.06679e-02  2.24277e-02  2.42027e-02  2.59919e-02  2.77941e-02  2.96081e-02
  3.14329e-02  3.32670e-02  3.51094e-02  3.69587e-02  3.88135e-02  4.06727e-02
  4.25348e-02  4.43986e-02  4.62626e-02  4.81250e-02  4.99842e-02  5.18388e-02
  5.36875e-02  5.55290e-02  5.73618e-02  5.91844e-02  6.09951e-02  6.27925e-02
  6.45750e-02  6.63411e-02  6.80889e-02  6.98171e-02  7.15238e-02  7.32075e-02
  7.48666e-02  7.64995e-02  7.81050e-02  7.96816e-02  8.12277e-02  8.27414e-02
  8.42212e-02  8.56655e-02  8.70731e-02  8.84427e-02  8.97726e-02  9.10612e-02
  9.23070e-02  9.35088e-02  9.46653e-02  9.57752e-02  9.68372e-02  9.78498e-02
  9.88118e-02  9.97221e-02  1.00580e-01  1.01384e-01  1.02132e-01  1.02825e-01
  1.03460e-01  1.04038e-01  1.04557e-01  1.05016e-01  1.05415e-01  1.05752e-01
  1.06028e-01  1.06241e-01  1.06391e-01  1.06478e-01  1.06501e-01  1.06459e-01
  1.06352e-01  1.06181e-01  1.05945e-01  1.05643e-01  1.05276e-01  1.04844e-01
  1.04346e-01  1.03784e-01  1.03156e-01  1.02464e-01  1.01708e-01  1.00888e-01
  1.00004e-01  9.90568e-02  9.80477e-02  9.69770e-02  9.58454e-02  9.46536e-02
  9.34025e-02  9.20928e-02  9.07255e-02  8.93017e-02  8.78225e-02  8.62890e-02
  8.47028e-02  8.30652e-02  8.13776e-02  7.96411e-02  7.78570e-02  7.60266e-02
  7.41517e-02  7.22337e-02  7.02745e-02  6.82754e-02  6.62382e-02  6.41648e-02
  6.20570e-02  5.99168e-02  5.77460e-02  5.55464e-02  5.33199e-02  5.10683e-02
  4.87936e-02  4.64977e-02  4.41826e-02  4.18503e-02  3.95031e-02  3.71430e-02
  3.47719e-02  3.23919e-02  3.00050e-02  2.76134e-02  2.52191e-02  2.28242e-02
  2.04306e-02  1.80405e-02  1.56559e-02  1.32788e-02  1.09113e-02  8.55517e-03
  6.21253e-03  3.88529e-03  1.57536e-03 -7.15385e-04 -2.98510e-03 -5.23194e-03
 -7.45403e-03 -9.64955e-03 -1.18167e-02 -1.39539e-02 -1.60594e-02 -1.81319e-02
 -2.01697e-02 -2.21715e-02 -2.41357e-02 -2.60610e-02 -2.79458e-02 -2.97889e-02
 -3.15891e-02 -3.33453e-02 -3.50564e-02 -3.67211e-02 -3.83382e-02 -3.99068e-02
 -4.14262e-02 -4.28956e-02 -4.43143e-02 -4.56815e-02 -4.69962e-02 -4.82580e-02
 -4.94663e-02 -5.06210e-02 -5.17218e-02 -5.27682e-02 -5.37598e-02 -5.46961e-02
 -5.55769e-02 -5.64022e-02 -5.71720e-02 -5.78864e-02 -5.85455e-02 -5.91492e-02
 -5.96978e-02 -6.01914e-02 -6.06304e-02 -6.10149e-02 -6.13453e-02 -6.16223e-02
 -6.18464e-02 -6.20182e-02 -6.21380e-02 -6.22064e-02 -6.22241e-02 -6.21919e-02
 -6.21106e-02 -6.19810e-02 -6.18036e-02 -6.15792e-02 -6.13087e-02 -6.09930e-02
 -6.06333e-02 -6.02305e-02 -5.97855e-02 -5.92993e-02 -5.87727e-02 -5.82069e-02
 -5.76031e-02 -5.69623e-02 -5.62855e-02 -5.55739e-02 -5.48288e-02 -5.40515e-02
 -5.32432e-02 -5.24047e-02 -5.15371e-02 -5.06415e-02 -4.97192e-02 -4.87712e-02
 -4.77989e-02 -4.68035e-02 -4.57862e-02 -4.47483e-02 -4.36909e-02 -4.26151e-02
 -4.15219e-02 -4.04124e-02 -3.92881e-02 -3.81501e-02 -3.69995e-02 -3.58372e-02
 -3.46643e-02 -3.34819e-02 -3.22914e-02 -3.10938e-02 -2.98901e-02 -2.86812e-02
 -2.74680e-02 -2.62517e-02 -2.50334e-02 -2.38140e-02 -2.25943e-02 -2.13754e-02
 -2.01581e-02 -1.89436e-02 -1.77325e-02 -1.65256e-02 -1.53238e-02 -1.41278e-02
 -1.29388e-02 -1.17574e-02 -1.05843e-02 -9.42026e-03 -8.26585e-03 -7.12194e-03
 -5.98923e-03 -4.86837e-03 -3.75986e-03 -2.66424e-03 -1.58210e-03 -5.14092e-04
  5.39094e-04  1.57688e-03  2.59881e-03  3.60456e-03  4.59377e-03  5.56597e-03
  6.52058e-03  7.45715e-03  8.37537e-03  9.27500e-03  1.01557e-02  1.10171e-02
  1.18586e-02  1.26801e-02  1.34814e-02  1.42625e-02  1.50231e-02  1.57628e-02
  1.64813e-02  1.71786e-02  1.78544e-02  1.85086e-02  1.91411e-02  1.97518e-02
  2.03406e-02  2.09076e-02  2.14527e-02  2.19756e-02  2.24764e-02  2.29550e-02
  2.34117e-02  2.38463e-02  2.42588e-02  2.46490e-02  2.50169e-02  2.53627e-02
  2.56865e-02  2.59886e-02  2.62688e-02  2.65271e-02  2.67637e-02  2.69786e-02
  2.71721e-02  2.73441e-02  2.74946e-02  2.76239e-02  2.77322e-02  2.78196e-02
  2.78863e-02  2.79322e-02  2.79576e-02  2.79626e-02  2.79474e-02  2.79119e-02
  2.78564e-02  2.77810e-02  2.76858e-02  2.75711e-02  2.74372e-02  2.72843e-02
  2.71124e-02  2.69218e-02  2.67123e-02  2.64842e-02  2.62374e-02  2.59723e-02
  2.56889e-02  2.53876e-02  2.50685e-02  2.47318e-02  2.43775e-02  2.40057e-02
  2.36166e-02  2.32104e-02  2.27873e-02  2.23473e-02  2.18906e-02  2.14170e-02
  2.09268e-02  2.04202e-02  1.98974e-02  1.93584e-02  1.88035e-02  1.82327e-02
  1.76462e-02  1.70443e-02  1.64269e-02  1.57940e-02  1.51458e-02  1.44825e-02
  1.38042e-02  1.31112e-02  1.24036e-02  1.16814e-02  1.09447e-02  1.01938e-02
  9.42877e-03  8.64998e-03  7.85755e-03  7.05159e-03  6.23230e-03  5.39999e-03
  4.55507e-03  3.69783e-03  2.82844e-03  1.94704e-03  1.05385e-03  1.49228e-04
 -7.66469e-04 -1.69289e-03 -2.62972e-03 -3.57658e-03 -4.53306e-03 -5.49874e-03
 -6.47321e-03 -7.45605e-03 -8.44680e-03 -9.44498e-03 -1.04501e-02 -1.14616e-02
 -1.24792e-02 -1.35021e-02 -1.45297e-02 -1.55612e-02 -1.65960e-02 -1.76335e-02
 -1.86731e-02 -1.97141e-02 -2.07557e-02 -2.17971e-02 -2.28375e-02 -2.38762e-02
 -2.49125e-02 -2.59454e-02 -2.69742e-02 -2.79981e-02 -2.90161e-02 -3.00275e-02
 -3.10311e-02 -3.20260e-02 -3.30114e-02 -3.39864e-02 -3.49498e-02 -3.59006e-02
 -3.68377e-02 -3.77599e-02 -3.86667e-02 -3.95571e-02 -4.04302e-02 -4.12847e-02
 -4.21196e-02 -4.29339e-02 -4.37264e-02 -4.44963e-02 -4.52422e-02 -4.59633e-02
 -4.66586e-02 -4.73271e-02 -4.79676e-02 -4.85792e-02 -4.91608e-02 -4.97116e-02
 -5.02307e-02 -5.07171e-02 -5.11698e-02 -5.15877e-02 -5.19699e-02 -5.23158e-02
 -5.26247e-02 -5.28957e-02 -5.31279e-02 -5.33203e-02 -5.34722e-02 -5.35830e-02
 -5.36522e-02 -5.36789e-02 -5.36626e-02 -5.36027e-02 -5.34988e-02 -5.33504e-02
 -5.31571e-02 -5.29184e-02 -5.26339e-02 -5.23033e-02 -5.19263e-02 -5.15028e-02
 -5.10326e-02 -5.05155e-02 -4.99514e-02 -4.93402e-02 -4.86817e-02 -4.79762e-02
 -4.72238e-02 -4.64248e-02 -4.55792e-02 -4.46874e-02 -4.37495e-02 -4.27660e-02
 -4.17372e-02 -4.06636e-02 -3.95458e-02 -3.83843e-02 -3.71797e-02 -3.59328e-02
 -3.46441e-02 -3.33144e-02 -3.19444e-02 -3.05351e-02 -2.90872e-02 -2.76017e-02
 -2.60798e-02 -2.45224e-02 -2.29308e-02 -2.13061e-02 -1.96492e-02 -1.79613e-02
 -1.62436e-02 -1.44973e-02 -1.27239e-02 -1.09249e-02 -9.10136e-03 -7.25474e-03
 -5.38646e-03 -3.49815e-03 -1.59140e-03  3.32344e-04  2.27177e-03  4.22548e-03
  6.19190e-03  8.16929e-03  1.01560e-02  1.21504e-02  1.41511e-02  1.61564e-02
  1.81646e-02  2.01739e-02  2.21824e-02  2.41888e-02  2.61915e-02  2.81889e-02
  3.01793e-02  3.21609e-02  3.41321e-02  3.60915e-02  3.80374e-02  3.99681e-02
  4.18819e-02  4.37772e-02  4.56526e-02  4.75066e-02  4.93377e-02  5.11443e-02
  5.29249e-02  5.46781e-02  5.64024e-02  5.80964e-02  5.97587e-02  6.13879e-02
  6.29828e-02  6.45420e-02  6.60642e-02  6.75483e-02  6.89932e-02  7.03977e-02
  7.17607e-02  7.30810e-02  7.43574e-02  7.55890e-02  7.67749e-02  7.79142e-02
  7.90058e-02  8.00488e-02  8.10426e-02  8.19865e-02  8.28799e-02  8.37219e-02
  8.45118e-02  8.52488e-02  8.59323e-02  8.65620e-02  8.71375e-02  8.76583e-02
  8.81240e-02  8.85344e-02  8.88892e-02  8.91883e-02  8.94311e-02  8.96174e-02
  8.97469e-02  8.98196e-02  8.98356e-02  8.97950e-02  8.96978e-02  8.95439e-02
  8.93334e-02  8.90665e-02  8.87435e-02  8.83646e-02  8.79301e-02  8.74401e-02
  8.68951e-02  8.62955e-02  8.56419e-02  8.49346e-02  8.41739e-02  8.33604e-02
  8.24948e-02  8.15778e-02  8.06101e-02  7.95922e-02  7.85248e-02  7.74087e-02
  7.62446e-02  7.50334e-02  7.37760e-02  7.24729e-02  7.11252e-02  6.97338e-02
  6.82998e-02  6.68240e-02  6.53075e-02  6.37511e-02  6.21560e-02  6.05235e-02
  5.88546e-02  5.71504e-02  5.54119e-02  5.36402e-02  5.18366e-02  5.00025e-02
  4.81390e-02  4.62474e-02  4.43287e-02  4.23841e-02  4.04150e-02  3.84228e-02
  3.64089e-02  3.43744e-02  3.23206e-02  3.02489e-02  2.81608e-02  2.60579e-02
  2.39414e-02  2.18125e-02  1.96724e-02  1.75226e-02  1.53644e-02  1.31994e-02
  1.10287e-02  8.85381e-03  6.67597e-03  4.49664e-03  2.31724e-03  1.39157e-04
 -2.03624e-03 -4.20757e-03 -6.37351e-03 -8.53279e-03 -1.06841e-02 -1.28262e-02
 -1.49578e-02 -1.70774e-02 -1.91841e-02 -2.12766e-02 -2.33537e-02 -2.54141e-02
 -2.74567e-02 -2.94802e-02 -3.14835e-02 -3.34655e-02 -3.54249e-02 -3.73607e-02
 -3.92718e-02 -4.11572e-02 -4.30162e-02 -4.48479e-02 -4.66512e-02 -4.84251e-02
 -5.01686e-02 -5.18808e-02 -5.35611e-02 -5.52087e-02 -5.68228e-02 -5.84028e-02
 -5.99477e-02 -6.14570e-02 -6.29299e-02 -6.43657e-02 -6.57640e-02 -6.71241e-02
 -6.84458e-02 -6.97286e-02 -7.09718e-02 -7.21753e-02 -7.33384e-02 -7.44609e-02
 -7.55424e-02 -7.65823e-02 -7.75807e-02 -7.85371e-02 -7.94516e-02 -8.03239e-02
 -8.11539e-02 -8.19414e-02 -8.26866e-02 -8.33892e-02 -8.40492e-02 -8.46664e-02
 -8.52409e-02 -8.57728e-02 -8.62624e-02 -8.67098e-02 -8.71148e-02 -8.74777e-02
 -8.77986e-02 -8.80779e-02 -8.83158e-02 -8.85126e-02 -8.86684e-02 -8.87833e-02
 -8.88579e-02 -8.88927e-02 -8.88879e-02 -8.88439e-02 -8.87610e-02 -8.86395e-02
 -8.84797e-02 -8.82823e-02 -8.80477e-02 -8.77764e-02 -8.74690e-02 -8.71259e-02
 -8.67475e-02 -8.63344e-02 -8.58871e-02 -8.54064e-02 -8.48928e-02 -8.43468e-02
 -8.37688e-02 -8.31593e-02 -8.25189e-02 -8.18482e-02 -8.11480e-02 -8.04191e-02
 -7.96620e-02 -7.88776e-02 -7.80662e-02 -7.72284e-02 -7.63648e-02 -7.54761e-02
 -7.45630e-02 -7.36262e-02 -7.26663e-02 -7.16839e-02 -7.06797e-02 -6.96546e-02
 -6.86093e-02 -6.75444e-02 -6.64606e-02 -6.53585e-02 -6.42386e-02 -6.31018e-02
 -6.19485e-02 -6.07797e-02 -5.95961e-02 -5.83984e-02 -5.71871e-02 -5.59629e-02
 -5.47264e-02 -5.34784e-02 -5.22196e-02 -5.09506e-02 -4.96722e-02 -4.83849e-02
 -4.70893e-02 -4.57861e-02 -4.44758e-02 -4.31592e-02 -4.18371e-02 -4.05101e-02
 -3.91790e-02 -3.78441e-02 -3.65061e-02 -3.51657e-02 -3.38235e-02 -3.24802e-02
 -3.11362e-02 -2.97921e-02 -2.84485e-02 -2.71059e-02 -2.57649e-02 -2.44260e-02
 -2.30897e-02 -2.17567e-02 -2.04274e-02 -1.91027e-02 -1.77829e-02 -1.64687e-02
 -1.51605e-02 -1.38588e-02 -1.25640e-02 -1.12767e-02 -9.99717e-03 -8.72586e-03
 -7.46322e-03 -6.20981e-03 -4.96615e-03 -3.73268e-03 -2.50973e-03 -1.29773e-03
 -9.71630e-05  1.09149e-03  2.26784e-03  3.43161e-03  4.58256e-03  5.72032e-03
  6.84442e-03  7.95443e-03  9.05000e-03  1.01309e-02  1.11968e-02  1.22475e-02
  1.32825e-02  1.43016e-02  1.53042e-02  1.62902e-02  1.72593e-02  1.82112e-02
  1.91456e-02  2.00622e-02  2.09606e-02  2.18404e-02  2.27016e-02  2.35440e-02
  2.43673e-02  2.51713e-02  2.59557e-02  2.67200e-02  2.74640e-02  2.81876e-02
  2.88905e-02  2.95723e-02  3.02329e-02  3.08719e-02  3.14892e-02  3.20846e-02
  3.26579e-02  3.32089e-02  3.37374e-02  3.42432e-02  3.47259e-02  3.51853e-02
  3.56214e-02  3.60339e-02  3.64225e-02  3.67871e-02  3.71273e-02  3.74429e-02
  3.77339e-02  3.80003e-02  3.82420e-02  3.84588e-02  3.86505e-02  3.88167e-02
  3.89574e-02  3.90725e-02  3.91620e-02  3.92259e-02  3.92639e-02  3.92758e-02
  3.92618e-02  3.92221e-02  3.91565e-02  3.90651e-02  3.89476e-02  3.88039e-02
  3.86343e-02  3.84391e-02  3.82183e-02  3.79719e-02  3.77000e-02  3.74027e-02
  3.70801e-02  3.67325e-02  3.63603e-02  3.59638e-02  3.55429e-02  3.50980e-02
  3.46294e-02  3.41373e-02  3.36221e-02  3.30844e-02  3.25244e-02  3.19427e-02
  3.13396e-02  3.07156e-02  3.00712e-02  2.94068e-02  2.87229e-02  2.80202e-02
  2.72993e-02  2.65607e-02  2.58050e-02  2.50330e-02  2.42455e-02  2.34432e-02
  2.26270e-02  2.17975e-02  2.09553e-02  2.01013e-02  1.92364e-02  1.83612e-02
  1.74768e-02  1.65838e-02  1.56833e-02  1.47761e-02  1.38634e-02  1.29459e-02
  1.20244e-02  1.11001e-02  1.01739e-02  9.24700e-03  8.32024e-03  7.39455e-03
  6.47088e-03  5.55029e-03  4.63388e-03  3.72267e-03  2.81766e-03  1.91990e-03
  1.03054e-03  1.50684e-04 -7.18678e-04 -1.57667e-03 -2.42232e-03 -3.25454e-03
 -4.07216e-03 -4.87411e-03 -5.65944e-03 -6.42726e-03 -7.17660e-03 -7.90642e-03
 -8.61574e-03 -9.30367e-03 -9.96935e-03 -1.06118e-02 -1.12302e-02 -1.18235e-02
 -1.23910e-02 -1.29317e-02 -1.34451e-02 -1.39301e-02 -1.43860e-02 -1.48120e-02
 -1.52074e-02 -1.55717e-02 -1.59043e-02 -1.62045e-02 -1.64717e-02 -1.67052e-02
 -1.69046e-02 -1.70693e-02 -1.71989e-02 -1.72929e-02 -1.73509e-02 -1.73725e-02
 -1.73575e-02 -1.73057e-02 -1.72166e-02 -1.70902e-02 -1.69260e-02 -1.67242e-02
 -1.64846e-02 -1.62072e-02 -1.58919e-02 -1.55387e-02 -1.51475e-02 -1.47186e-02
 -1.42522e-02 -1.37483e-02 -1.32073e-02 -1.26294e-02 -1.20150e-02 -1.13644e-02
 -1.06778e-02 -9.95587e-03 -9.19887e-03 -8.40737e-03 -7.58194e-03 -6.72323e-03
 -5.83187e-03 -4.90846e-03 -3.95371e-03 -2.96835e-03 -1.95318e-03 -9.09023e-04
  1.63332e-04  1.26313e-03  2.38943e-03  3.54116e-03  4.71728e-03  5.91676e-03
  7.13867e-03  8.38193e-03  9.64538e-03  1.09278e-02  1.22280e-02  1.35449e-02
  1.48773e-02  1.62241e-02  1.75838e-02  1.89550e-02  2.03365e-02  2.17270e-02
  2.31251e-02  2.45294e-02  2.59386e-02  2.73513e-02  2.87663e-02  3.01819e-02
  3.15968e-02  3.30093e-02  3.44181e-02  3.58217e-02  3.72187e-02  3.86075e-02
  3.99866e-02  4.13546e-02  4.27101e-02  4.40517e-02  4.53778e-02  4.66871e-02
  4.79780e-02  4.92491e-02  5.04990e-02  5.17262e-02  5.29295e-02  5.41073e-02
  5.52583e-02  5.63812e-02  5.74746e-02  5.85373e-02  5.95681e-02  6.05655e-02
  6.15283e-02  6.24553e-02  6.33453e-02  6.41974e-02  6.50105e-02  6.57836e-02
  6.65154e-02  6.72051e-02  6.78517e-02  6.84543e-02  6.90120e-02  6.95241e-02
  6.99896e-02  7.04079e-02  7.07782e-02  7.10998e-02  7.13722e-02  7.15949e-02
  7.17675e-02  7.18894e-02  7.19602e-02  7.19795e-02  7.19472e-02  7.18630e-02
  7.17265e-02  7.15377e-02  7.12965e-02  7.10028e-02  7.06568e-02  7.02584e-02
  6.98077e-02  6.93048e-02  6.87500e-02  6.81436e-02  6.74859e-02  6.67776e-02
  6.60188e-02  6.52102e-02  6.43521e-02  6.34451e-02  6.24897e-02  6.14869e-02
  6.04371e-02  5.93413e-02  5.82003e-02  5.70149e-02  5.57860e-02  5.45146e-02
  5.32015e-02  5.18478e-02  5.04546e-02  4.90230e-02  4.75542e-02  4.60492e-02
  4.45092e-02  4.29353e-02  4.13290e-02  3.96914e-02  3.80240e-02  3.63279e-02
  3.46046e-02  3.28554e-02  3.10817e-02  2.92849e-02  2.74664e-02  2.56276e-02
  2.37700e-02  2.18951e-02  2.00042e-02  1.80988e-02  1.61804e-02  1.42505e-02
  1.23105e-02  1.03620e-02  8.40643e-03  6.44526e-03  4.47986e-03  2.51159e-03
  5.41940e-04 -1.42756e-03 -3.39539e-03 -5.36017e-03 -7.32062e-03 -9.27545e-03
 -1.12232e-02 -1.31625e-02 -1.50919e-02 -1.70101e-02 -1.89160e-02 -2.08085e-02
 -2.26864e-02 -2.45483e-02 -2.63930e-02 -2.82193e-02 -3.00263e-02 -3.18129e-02
 -3.35782e-02 -3.53210e-02 -3.70401e-02 -3.87348e-02 -4.04039e-02 -4.20469e-02
 -4.36627e-02 -4.52507e-02 -4.68101e-02 -4.83400e-02 -4.98398e-02 -5.13089e-02
 -5.27465e-02 -5.41523e-02 -5.55256e-02 -5.68659e-02 -5.81726e-02 -5.94452e-02
 -6.06833e-02 -6.18869e-02 -6.30555e-02 -6.41888e-02 -6.52865e-02 -6.63484e-02
 -6.73744e-02 -6.83645e-02 -6.93185e-02 -7.02361e-02 -7.11175e-02 -7.19624e-02
 -7.27711e-02 -7.35436e-02 -7.42802e-02 -7.49808e-02 -7.56455e-02 -7.62745e-02
 -7.68682e-02 -7.74267e-02 -7.79504e-02 -7.84394e-02 -7.88941e-02 -7.93148e-02
 -7.97019e-02 -8.00558e-02 -8.03771e-02 -8.06661e-02 -8.09231e-02 -8.11486e-02
 -8.13431e-02 -8.15072e-02 -8.16416e-02 -8.17467e-02 -8.18229e-02 -8.18707e-02
 -8.18907e-02 -8.18837e-02 -8.18502e-02 -8.17909e-02 -8.17063e-02 -8.15969e-02
 -8.14634e-02 -8.13064e-02 -8.11267e-02 -8.09247e-02 -8.07010e-02 -8.04561e-02
 -8.01909e-02 -7.99058e-02 -7.96015e-02 -7.92787e-02 -7.89378e-02 -7.85795e-02
 -7.82043e-02 -7.78129e-02 -7.74057e-02 -7.69833e-02 -7.65461e-02 -7.60947e-02
 -7.56297e-02 -7.51517e-02 -7.46610e-02 -7.41580e-02 -7.36433e-02 -7.31171e-02
 -7.25800e-02 -7.20325e-02 -7.14749e-02 -7.09076e-02 -7.03310e-02 -6.97452e-02
 -6.91506e-02 -6.85473e-02 -6.79356e-02 -6.73158e-02 -6.66882e-02 -6.60531e-02
 -6.54107e-02 -6.47610e-02 -6.41042e-02 -6.34404e-02 -6.27697e-02 -6.20922e-02
 -6.14077e-02 -6.07163e-02 -6.00181e-02 -5.93131e-02 -5.86016e-02 -5.78833e-02
 -5.71582e-02 -5.64259e-02 -5.56865e-02 -5.49400e-02 -5.41864e-02 -5.34255e-02
 -5.26570e-02 -5.18808e-02 -5.10965e-02 -5.03041e-02 -4.95035e-02 -4.86944e-02
 -4.78766e-02 -4.70498e-02 -4.62139e-02 -4.53686e-02 -4.45138e-02 -4.36491e-02
 -4.27742e-02 -4.18890e-02 -4.09930e-02 -4.00862e-02 -3.91683e-02 -3.82389e-02
 -3.72979e-02 -3.63449e-02 -3.53798e-02 -3.44025e-02 -3.34126e-02 -3.24098e-02
 -3.13941e-02 -3.03653e-02 -2.93232e-02 -2.82677e-02 -2.71984e-02 -2.61152e-02
 -2.50178e-02 -2.39063e-02 -2.27808e-02 -2.16412e-02 -2.04873e-02 -1.93192e-02
 -1.81368e-02 -1.69402e-02 -1.57294e-02 -1.45044e-02 -1.32652e-02 -1.20119e-02
 -1.07446e-02 -9.46369e-03 -8.16927e-03 -6.86155e-03 -5.54061e-03 -4.20669e-03
 -2.86013e-03 -1.50135e-03 -1.30728e-04  1.25145e-03  2.64490e-03  4.04926e-03
  5.46406e-03  6.88880e-03  8.32297e-03  9.76606e-03  1.12175e-02  1.26768e-02
  1.41433e-02  1.56163e-02  1.70953e-02  1.85795e-02  2.00682e-02  2.15608e-02
  2.30565e-02  2.45546e-02  2.60545e-02  2.75551e-02  2.90558e-02  3.05556e-02
  3.20536e-02  3.35490e-02  3.50411e-02  3.65290e-02  3.80118e-02  3.94885e-02
  4.09582e-02  4.24199e-02  4.38728e-02  4.53159e-02  4.67483e-02  4.81689e-02
  4.95768e-02  5.09711e-02  5.23508e-02  5.37150e-02  5.50626e-02  5.63925e-02
  5.77040e-02  5.89962e-02  6.02681e-02  6.15188e-02  6.27473e-02  6.39526e-02
  6.51339e-02  6.62903e-02  6.74208e-02  6.85247e-02  6.96009e-02  7.06488e-02
  7.16674e-02  7.26561e-02  7.36142e-02  7.45407e-02  7.54349e-02  7.62961e-02
  7.71236e-02  7.79168e-02  7.86751e-02  7.93977e-02  8.00840e-02  8.07336e-02
  8.13458e-02  8.19202e-02  8.24562e-02  8.29534e-02  8.34113e-02  8.38295e-02
  8.42078e-02  8.45457e-02  8.48430e-02  8.50993e-02  8.53145e-02  8.54883e-02
  8.56205e-02  8.57110e-02  8.57595e-02  8.57663e-02  8.57310e-02  8.56538e-02
  8.55344e-02  8.53730e-02  8.51697e-02  8.49246e-02  8.46379e-02  8.43097e-02
  8.39401e-02  8.35294e-02  8.30777e-02  8.25855e-02  8.20529e-02  8.14805e-02
  8.08686e-02  8.02176e-02  7.95277e-02  7.87997e-02  7.80338e-02  7.72307e-02
  7.63908e-02  7.55147e-02  7.46028e-02  7.36559e-02  7.26746e-02  7.16596e-02
  7.06115e-02  6.95309e-02  6.84185e-02  6.72751e-02  6.61014e-02  6.48982e-02
  6.36664e-02  6.24066e-02  6.11198e-02  5.98066e-02  5.84679e-02  5.71047e-02
  5.57176e-02  5.43078e-02  5.28760e-02  5.14232e-02  4.99502e-02  4.84580e-02
  4.69475e-02  4.54198e-02  4.38758e-02  4.23163e-02  4.07421e-02  3.91545e-02
  3.75542e-02  3.59425e-02  3.43202e-02  3.26883e-02  3.10477e-02  2.93995e-02
  2.77446e-02  2.60842e-02  2.44190e-02  2.27501e-02  2.10784e-02  1.94050e-02
  1.77308e-02  1.60568e-02  1.43839e-02  1.27131e-02  1.10454e-02  9.38190e-03
  7.72340e-03  6.07085e-03  4.42516e-03  2.78727e-03  1.15815e-03 -4.61250e-04
 -2.07001e-03 -3.66728e-03 -5.25225e-03 -6.82410e-03 -8.38195e-03 -9.92487e-03
 -1.14520e-02 -1.29624e-02 -1.44554e-02 -1.59301e-02 -1.73859e-02 -1.88217e-02
 -2.02370e-02 -2.16309e-02 -2.30028e-02 -2.43520e-02 -2.56778e-02 -2.69794e-02
 -2.82561e-02 -2.95072e-02 -3.07322e-02 -3.19305e-02 -3.31017e-02 -3.42449e-02
 -3.53595e-02 -3.64452e-02 -3.75014e-02 -3.85276e-02 -3.95233e-02 -4.04879e-02
 -4.14210e-02 -4.23222e-02 -4.31912e-02 -4.40277e-02 -4.48312e-02 -4.56013e-02
 -4.63377e-02 -4.70402e-02 -4.77085e-02 -4.83424e-02 -4.89414e-02 -4.95055e-02
 -5.00346e-02 -5.05284e-02 -5.09870e-02 -5.14100e-02 -5.17974e-02 -5.21490e-02
 -5.24649e-02 -5.27449e-02 -5.29894e-02 -5.31982e-02 -5.33712e-02 -5.35085e-02
 -5.36101e-02 -5.36764e-02 -5.37076e-02 -5.37038e-02 -5.36650e-02 -5.35912e-02
 -5.34829e-02 -5.33404e-02 -5.31640e-02 -5.29539e-02 -5.27103e-02 -5.24334e-02
 -5.21237e-02 -5.17817e-02 -5.14080e-02 -5.10028e-02 -5.05664e-02 -5.00990e-02
 -4.96014e-02 -4.90739e-02 -4.85173e-02 -4.79319e-02 -4.73181e-02 -4.66767e-02
 -4.60082e-02 -4.53133e-02 -4.45925e-02 -4.38463e-02 -4.30755e-02 -4.22806e-02
 -4.14625e-02 -4.06216e-02 -3.97588e-02 -3.88745e-02 -3.79696e-02 -3.70448e-02
 -3.61008e-02 -3.51385e-02 -3.41586e-02 -3.31618e-02 -3.21489e-02 -3.11207e-02
 -3.00781e-02 -2.90216e-02 -2.79521e-02 -2.68704e-02 -2.57772e-02 -2.46736e-02
 -2.35603e-02 -2.24379e-02 -2.13074e-02 -2.01696e-02 -1.90252e-02 -1.78754e-02
 -1.67207e-02 -1.55619e-02 -1.44001e-02 -1.32359e-02 -1.20702e-02 -1.09037e-02
 -9.73736e-03 -8.57183e-03 -7.40798e-03 -6.24661e-03 -5.08849e-03 -3.93437e-03
 -2.78503e-03 -1.64126e-03 -5.03829e-04  6.26529e-04  1.74911e-03  2.86320e-03
  3.96808e-03  5.06306e-03  6.14745e-03  7.22056e-03  8.28172e-03  9.33030e-03
  1.03657e-02  1.13873e-02  1.23947e-02  1.33870e-02  1.43637e-02  1.53243e-02
  1.62683e-02  1.71951e-02  1.81043e-02  1.89953e-02  1.98677e-02  2.07210e-02
  2.15550e-02  2.23693e-02  2.31632e-02  2.39366e-02  2.46889e-02  2.54202e-02
  2.61300e-02  2.68181e-02  2.74841e-02  2.81276e-02  2.87487e-02  2.93471e-02
  2.99228e-02  3.04755e-02  3.10052e-02  3.15118e-02  3.19951e-02  3.24551e-02
  3.28917e-02  3.33049e-02  3.36947e-02  3.40612e-02  3.44044e-02  3.47243e-02
  3.50210e-02  3.52948e-02  3.55458e-02  3.57742e-02  3.59801e-02  3.61635e-02
  3.63247e-02  3.64639e-02  3.65815e-02  3.66777e-02  3.67528e-02  3.68071e-02
  3.68410e-02  3.68546e-02  3.68483e-02  3.68225e-02  3.67775e-02  3.67138e-02
  3.66318e-02  3.65318e-02  3.64142e-02  3.62795e-02  3.61282e-02  3.59608e-02
  3.57777e-02  3.55792e-02  3.53660e-02  3.51386e-02  3.48974e-02  3.46429e-02
  3.43756e-02  3.40960e-02  3.38045e-02  3.35018e-02  3.31885e-02  3.28648e-02
  3.25314e-02  3.21888e-02  3.18375e-02  3.14782e-02  3.11113e-02  3.07373e-02
  3.03566e-02  2.99697e-02  2.95774e-02  2.91800e-02  2.87781e-02  2.83721e-02
  2.79624e-02  2.75495e-02  2.71341e-02  2.67165e-02  2.62972e-02  2.58766e-02
  2.54552e-02  2.50334e-02  2.46117e-02  2.41903e-02  2.37696e-02  2.33502e-02
  2.29325e-02  2.25167e-02  2.21033e-02  2.16926e-02  2.12847e-02  2.08803e-02
  2.04794e-02  2.00825e-02  1.96897e-02  1.93013e-02  1.89176e-02  1.85389e-02
  1.81653e-02  1.77970e-02  1.74343e-02  1.70774e-02  1.67264e-02  1.63816e-02
  1.60428e-02  1.57103e-02  1.53842e-02  1.50646e-02  1.47518e-02  1.44456e-02
  1.41460e-02  1.38531e-02  1.35670e-02  1.32876e-02  1.30150e-02  1.27492e-02
  1.24901e-02  1.22378e-02  1.19923e-02  1.17534e-02  1.15209e-02  1.12949e-02
  1.10752e-02  1.08619e-02  1.06546e-02  1.04533e-02  1.02578e-02  1.00681e-02
  9.88391e-03  9.70505e-03  9.53130e-03  9.36253e-03  9.19863e-03  9.03944e-03
  8.88468e-03  8.73405e-03  8.58731e-03  8.44429e-03  8.30489e-03  8.16886e-03
  8.03589e-03  7.90559e-03  7.77770e-03  7.65202e-03  7.52838e-03  7.40652e-03
  7.28606e-03  7.16666e-03  7.04806e-03  6.93011e-03  6.81263e-03  6.69532e-03
  6.57779e-03  6.45972e-03  6.34086e-03  6.22105e-03  6.10006e-03  5.97751e-03
  5.85303e-03  5.72632e-03  5.59719e-03  5.46544e-03  5.33084e-03  5.19302e-03
  5.05165e-03  4.90647e-03  4.75734e-03  4.60414e-03  4.44663e-03  4.28450e-03
  4.11743e-03  3.94519e-03  3.76762e-03  3.58460e-03  3.39594e-03  3.20143e-03
  3.00084e-03  2.79399e-03  2.58069e-03  2.36082e-03  2.13422e-03  1.90075e-03
  1.66029e-03  1.41275e-03  1.15802e-03  8.96009e-04  6.26596e-04  3.49678e-04
  6.51851e-05 -2.26935e-04 -5.26745e-04 -8.34288e-04 -1.14960e-03 -1.47270e-03
 -1.80360e-03 -2.14230e-03 -2.48881e-03 -2.84313e-03 -3.20521e-03 -3.57499e-03
 -3.95239e-03 -4.33734e-03 -4.72977e-03 -5.12962e-03 -5.53684e-03 -5.95132e-03
 -6.37291e-03 -6.80143e-03 -7.23673e-03 -7.67869e-03 -8.12723e-03 -8.58228e-03
 -9.04363e-03 -9.51101e-03 -9.98415e-03 -1.04629e-02 -1.09472e-02 -1.14369e-02
 -1.19316e-02 -1.24311e-02 -1.29349e-02 -1.34430e-02 -1.39552e-02 -1.44712e-02
 -1.49908e-02 -1.55136e-02 -1.60394e-02 -1.65678e-02 -1.70987e-02 -1.76317e-02
 -1.81666e-02 -1.87029e-02 -1.92404e-02 -1.97788e-02 -2.03179e-02 -2.08574e-02
 -2.13968e-02 -2.19358e-02 -2.24740e-02 -2.30113e-02 -2.35473e-02 -2.40816e-02
 -2.46140e-02 -2.51441e-02 -2.56716e-02 -2.61962e-02 -2.67175e-02 -2.72353e-02
 -2.77492e-02 -2.82589e-02 -2.87640e-02 -2.92643e-02 -2.97594e-02 -3.02490e-02
 -3.07328e-02 -3.12104e-02 -3.16818e-02 -3.21465e-02 -3.26044e-02 -3.30550e-02
 -3.34980e-02 -3.39332e-02 -3.43604e-02 -3.47793e-02 -3.51896e-02 -3.55912e-02
 -3.59836e-02 -3.63667e-02 -3.67402e-02 -3.71039e-02 -3.74576e-02 -3.78011e-02
 -3.81342e-02 -3.84567e-02 -3.87683e-02 -3.90690e-02 -3.93585e-02 -3.96367e-02
 -3.99035e-02 -4.01586e-02 -4.04019e-02 -4.06334e-02 -4.08529e-02 -4.10604e-02
 -4.12555e-02 -4.14383e-02 -4.16086e-02 -4.17663e-02 -4.19115e-02 -4.20440e-02
 -4.21638e-02 -4.22709e-02 -4.23651e-02 -4.24466e-02 -4.25152e-02 -4.25711e-02
 -4.26140e-02 -4.26441e-02 -4.26614e-02 -4.26659e-02 -4.26576e-02 -4.26365e-02
 -4.26028e-02 -4.25565e-02 -4.24978e-02 -4.24267e-02 -4.23432e-02 -4.22475e-02
 -4.21396e-02 -4.20198e-02 -4.18881e-02 -4.17446e-02 -4.15894e-02 -4.14227e-02
 -4.12446e-02 -4.10554e-02 -4.08553e-02 -4.06444e-02 -4.04228e-02 -4.01909e-02
 -3.99486e-02 -3.96963e-02 -3.94341e-02 -3.91622e-02 -3.88811e-02 -3.85907e-02
 -3.82914e-02 -3.79833e-02 -3.76667e-02 -3.73419e-02 -3.70092e-02 -3.66687e-02
 -3.63207e-02 -3.59654e-02 -3.56030e-02 -3.52339e-02 -3.48583e-02 -3.44764e-02
 -3.40886e-02 -3.36951e-02 -3.32961e-02 -3.28920e-02 -3.24828e-02 -3.20690e-02
 -3.16507e-02 -3.12282e-02 -3.08016e-02 -3.03713e-02 -2.99373e-02 -2.95001e-02
 -2.90599e-02 -2.86169e-02 -2.81713e-02 -2.77233e-02 -2.72731e-02 -2.68209e-02
 -2.63669e-02 -2.59113e-02 -2.54544e-02 -2.49963e-02 -2.45371e-02 -2.40769e-02
 -2.36159e-02 -2.31543e-02 -2.26923e-02 -2.22299e-02 -2.17674e-02 -2.13047e-02
 -2.08420e-02 -2.03794e-02 -1.99171e-02 -1.94551e-02 -1.89934e-02 -1.85320e-02
 -1.80710e-02 -1.76104e-02 -1.71504e-02 -1.66909e-02 -1.62319e-02 -1.57736e-02
 -1.53158e-02 -1.48586e-02 -1.44019e-02 -1.39456e-02 -1.34898e-02 -1.30345e-02
 -1.25794e-02 -1.21247e-02 -1.16703e-02 -1.12160e-02 -1.07617e-02 -1.03075e-02
 -9.85319e-03 -9.39878e-03 -8.94415e-03 -8.48920e-03 -8.03376e-03 -7.57770e-03
 -7.12095e-03 -6.66343e-03 -6.20504e-03 -5.74564e-03 -5.28503e-03 -4.82306e-03
 -4.35965e-03 -3.89468e-03 -3.42806e-03 -2.95963e-03 -2.48925e-03 -2.01681e-03
 -1.54221e-03 -1.06530e-03 -5.85954e-04 -1.04017e-04  3.80609e-04  8.68030e-04
  1.35833e-03  1.85164e-03  2.34805e-03  2.84769e-03  3.35065e-03  3.85700e-03
  4.36682e-03  4.88018e-03  5.39720e-03  5.91795e-03  6.44245e-03  6.97070e-03
  7.50268e-03  8.03844e-03  8.57806e-03  9.12162e-03  9.66912e-03  1.02206e-02
  1.07759e-02  1.13352e-02  1.18984e-02  1.24655e-02  1.30363e-02  1.36109e-02
  1.41892e-02  1.47712e-02  1.53566e-02  1.59455e-02  1.65377e-02  1.71332e-02
  1.77319e-02  1.83336e-02  1.89383e-02  1.95457e-02  2.01558e-02  2.07684e-02
  2.13833e-02  2.20003e-02  2.26191e-02  2.32397e-02  2.38620e-02  2.44856e-02
  2.51104e-02  2.57359e-02  2.63620e-02  2.69885e-02  2.76153e-02  2.82420e-02
  2.88684e-02  2.94941e-02  3.01188e-02  3.07424e-02  3.13645e-02  3.19849e-02
  3.26031e-02  3.32190e-02  3.38322e-02  3.44423e-02  3.50489e-02  3.56518e-02
  3.62507e-02  3.68453e-02  3.74352e-02  3.80199e-02  3.85992e-02  3.91728e-02
  3.97402e-02  4.03011e-02  4.08551e-02  4.14018e-02  4.19408e-02  4.24717e-02
  4.29943e-02  4.35082e-02  4.40129e-02  4.45082e-02  4.49936e-02  4.54687e-02
  4.59332e-02  4.63867e-02  4.68288e-02  4.72591e-02  4.76773e-02  4.80831e-02
  4.84761e-02  4.88559e-02  4.92221e-02  4.95742e-02  4.99119e-02  5.02351e-02
  5.05433e-02  5.08363e-02  5.11137e-02  5.13751e-02  5.16202e-02  5.18487e-02
  5.20604e-02  5.22548e-02  5.24317e-02  5.25908e-02  5.27319e-02  5.28546e-02
  5.29588e-02  5.30442e-02  5.31106e-02  5.31578e-02  5.31855e-02  5.31935e-02
  5.31815e-02  5.31495e-02  5.30971e-02  5.30244e-02  5.29311e-02  5.28171e-02
  5.26823e-02  5.25265e-02  5.23495e-02  5.21515e-02  5.19322e-02  5.16916e-02
  5.14297e-02  5.11462e-02  5.08413e-02  5.05151e-02  5.01674e-02  4.97984e-02
  4.94080e-02  4.89961e-02  4.85627e-02  4.81081e-02  4.76322e-02  4.71352e-02
  4.66172e-02  4.60782e-02  4.55185e-02  4.49380e-02  4.43372e-02  4.37160e-02
  4.30747e-02  4.24133e-02  4.17321e-02  4.10313e-02  4.03112e-02  3.95720e-02
  3.88140e-02  3.80373e-02  3.72422e-02  3.64291e-02  3.55983e-02  3.47501e-02
  3.38847e-02  3.30024e-02  3.21035e-02  3.11884e-02  3.02575e-02  2.93112e-02
  2.83498e-02  2.73735e-02  2.63829e-02  2.53782e-02  2.43600e-02  2.33288e-02
  2.22848e-02  2.12286e-02  2.01604e-02  1.90807e-02  1.79900e-02  1.68887e-02
  1.57774e-02  1.46563e-02  1.35261e-02  1.23871e-02  1.12399e-02  1.00849e-02
  8.92250e-03  7.75336e-03  6.57801e-03  5.39693e-03  4.21060e-03  3.01947e-03
  1.82403e-03  6.24828e-04 -5.77585e-04 -1.78269e-03 -2.98999e-03 -4.19898e-03
 -5.40909e-03 -6.61971e-03 -7.83029e-03 -9.04034e-03 -1.02494e-02 -1.14569e-02
 -1.26623e-02 -1.38649e-02 -1.50643e-02 -1.62598e-02 -1.74511e-02 -1.86375e-02
 -1.98184e-02 -2.09934e-02 -2.21617e-02 -2.33229e-02 -2.44765e-02 -2.56219e-02
 -2.67585e-02 -2.78857e-02 -2.90031e-02 -3.01099e-02 -3.12058e-02 -3.22903e-02
 -3.33626e-02 -3.44224e-02 -3.54689e-02 -3.65018e-02 -3.75205e-02 -3.85244e-02
 -3.95131e-02 -4.04860e-02 -4.14424e-02 -4.23819e-02 -4.33041e-02 -4.42083e-02
 -4.50942e-02 -4.59613e-02 -4.68090e-02 -4.76369e-02 -4.84445e-02 -4.92312e-02
 -4.99967e-02 -5.07405e-02 -5.14623e-02 -5.21614e-02 -5.28376e-02 -5.34903e-02
 -5.41192e-02 -5.47239e-02 -5.53039e-02 -5.58590e-02 -5.63887e-02 -5.68927e-02
 -5.73707e-02 -5.78222e-02 -5.82470e-02 -5.86447e-02 -5.90151e-02 -5.93579e-02
 -5.96728e-02 -5.99597e-02 -6.02182e-02 -6.04482e-02 -6.06494e-02 -6.08216e-02
 -6.09646e-02 -6.10783e-02 -6.11625e-02 -6.12171e-02 -6.12419e-02 -6.12369e-02
 -6.12018e-02 -6.11368e-02 -6.10417e-02 -6.09165e-02 -6.07612e-02 -6.05758e-02
 -6.03603e-02 -6.01147e-02 -5.98391e-02 -5.95335e-02 -5.91980e-02 -5.88327e-02
 -5.84378e-02 -5.80134e-02 -5.75596e-02 -5.70766e-02 -5.65647e-02 -5.60238e-02
 -5.54544e-02 -5.48566e-02 -5.42307e-02 -5.35771e-02 -5.28959e-02 -5.21875e-02
 -5.14522e-02 -5.06903e-02 -4.99023e-02 -4.90884e-02 -4.82492e-02 -4.73850e-02
 -4.64962e-02 -4.55832e-02 -4.46465e-02 -4.36865e-02 -4.27037e-02 -4.16986e-02
 -4.06717e-02 -3.96236e-02 -3.85548e-02 -3.74659e-02 -3.63574e-02 -3.52299e-02
 -3.40839e-02 -3.29200e-02 -3.17389e-02 -3.05411e-02 -2.93272e-02 -2.80980e-02
 -2.68540e-02 -2.55960e-02 -2.43247e-02 -2.30408e-02 -2.17449e-02 -2.04377e-02
 -1.91197e-02 -1.77917e-02 -1.64545e-02 -1.51088e-02 -1.37552e-02 -1.23944e-02
 -1.10273e-02 -9.65465e-03 -8.27707e-03 -6.89532e-03 -5.51012e-03 -4.12223e-03
 -2.73240e-03 -1.34140e-03  5.00511e-05  1.44125e-03  2.83149e-03  4.22005e-03
  5.60615e-03  6.98900e-03  8.36781e-03  9.74186e-03  1.11105e-02  1.24730e-02
  1.38287e-02  1.51769e-02  1.65167e-02  1.78475e-02  1.91687e-02  2.04796e-02
  2.17796e-02  2.30679e-02  2.43438e-02  2.56067e-02  2.68559e-02  2.80909e-02
  2.93111e-02  3.05157e-02  3.17041e-02  3.28757e-02  3.40300e-02  3.51664e-02
  3.62844e-02  3.73836e-02  3.84634e-02  3.95231e-02  4.05623e-02  4.15804e-02
  4.25770e-02  4.35516e-02  4.45038e-02  4.54332e-02  4.63394e-02  4.72218e-02
  4.80802e-02  4.89142e-02  4.97234e-02  5.05076e-02  5.12663e-02  5.19993e-02
  5.27062e-02  5.33868e-02  5.40407e-02  5.46678e-02  5.52678e-02  5.58406e-02
  5.63860e-02  5.69037e-02  5.73937e-02  5.78557e-02  5.82896e-02  5.86955e-02
  5.90730e-02  5.94223e-02  5.97432e-02  6.00356e-02  6.02996e-02  6.05351e-02
  6.07421e-02  6.09207e-02  6.10710e-02  6.11929e-02  6.12867e-02  6.13522e-02
  6.13898e-02  6.13994e-02  6.13812e-02  6.13354e-02  6.12621e-02  6.11614e-02
  6.10337e-02  6.08791e-02  6.06978e-02  6.04902e-02  6.02564e-02  5.99966e-02
  5.97112e-02  5.94006e-02  5.90648e-02  5.87044e-02  5.83196e-02  5.79107e-02
  5.74781e-02  5.70222e-02  5.65433e-02  5.60418e-02  5.55181e-02  5.49725e-02
  5.44056e-02  5.38177e-02  5.32093e-02  5.25807e-02  5.19325e-02  5.12650e-02
  5.05788e-02  4.98743e-02  4.91520e-02  4.84123e-02  4.76557e-02  4.68828e-02
  4.60940e-02  4.52899e-02  4.44710e-02  4.36377e-02  4.27905e-02  4.19299e-02
  4.10565e-02  4.01708e-02  3.92733e-02  3.83647e-02  3.74452e-02  3.65156e-02
  3.55764e-02  3.46280e-02  3.36711e-02  3.27061e-02  3.17337e-02  3.07543e-02
  2.97685e-02  2.87768e-02  2.77797e-02  2.67777e-02  2.57714e-02  2.47613e-02
  2.37478e-02  2.27316e-02  2.17132e-02  2.06930e-02  1.96717e-02  1.86496e-02
  1.76273e-02  1.66052e-02  1.55839e-02  1.45638e-02  1.35455e-02  1.25294e-02
  1.15160e-02  1.05057e-02  9.49903e-03  8.49642e-03  7.49833e-03  6.50518e-03
  5.51736e-03  4.53526e-03  3.55932e-03  2.58999e-03  1.62770e-03  6.72831e-04
 -2.74274e-04 -1.21326e-03 -2.14378e-03 -3.06545e-03 -3.97794e-03 -4.88090e-03
 -5.77401e-03 -6.65695e-03 -7.52943e-03 -8.39121e-03 -9.24201e-03 -1.00815e-02
 -1.09095e-02 -1.17256e-02 -1.25297e-02 -1.33215e-02 -1.41009e-02 -1.48677e-02
 -1.56217e-02 -1.63625e-02 -1.70902e-02 -1.78046e-02 -1.85056e-02 -1.91928e-02
 -1.98663e-02 -2.05258e-02 -2.11714e-02 -2.18030e-02 -2.24205e-02 -2.30238e-02
 -2.36129e-02 -2.41879e-02 -2.47486e-02 -2.52950e-02 -2.58272e-02 -2.63452e-02
 -2.68489e-02 -2.73384e-02 -2.78137e-02 -2.82748e-02 -2.87218e-02 -2.91549e-02
 -2.95742e-02 -2.99797e-02 -3.03716e-02 -3.07498e-02 -3.11145e-02 -3.14658e-02
 -3.18039e-02 -3.21289e-02 -3.24410e-02 -3.27403e-02 -3.30271e-02 -3.33015e-02
 -3.35637e-02 -3.38138e-02 -3.40521e-02 -3.42787e-02 -3.44940e-02 -3.46980e-02
 -3.48909e-02 -3.50731e-02 -3.52446e-02 -3.54059e-02 -3.55571e-02 -3.56983e-02
 -3.58299e-02 -3.59519e-02 -3.60647e-02 -3.61685e-02 -3.62636e-02 -3.63502e-02
 -3.64285e-02 -3.64987e-02 -3.65610e-02 -3.66158e-02 -3.66632e-02 -3.67035e-02
 -3.67369e-02 -3.67636e-02 -3.67837e-02 -3.67976e-02 -3.68054e-02 -3.68074e-02
 -3.68036e-02 -3.67944e-02 -3.67798e-02 -3.67601e-02 -3.67356e-02 -3.67063e-02
 -3.66725e-02 -3.66343e-02 -3.65918e-02 -3.65452e-02 -3.64947e-02 -3.64402e-02
 -3.63820e-02 -3.63202e-02 -3.62548e-02 -3.61862e-02 -3.61143e-02 -3.60392e-02
 -3.59611e-02 -3.58799e-02 -3.57958e-02 -3.57087e-02 -3.56188e-02 -3.55262e-02
 -3.54307e-02 -3.53325e-02 -3.52316e-02 -3.51280e-02 -3.50217e-02 -3.49127e-02
 -3.48011e-02 -3.46868e-02 -3.45698e-02 -3.44502e-02 -3.43277e-02 -3.42025e-02
 -3.40744e-02 -3.39434e-02 -3.38096e-02 -3.36727e-02 -3.35328e-02 -3.33899e-02
 -3.32438e-02 -3.30945e-02 -3.29419e-02 -3.27860e-02 -3.26265e-02 -3.24635e-02
 -3.22968e-02 -3.21265e-02 -3.19524e-02 -3.17744e-02 -3.15925e-02 -3.14064e-02
 -3.12160e-02 -3.10215e-02 -3.08225e-02 -3.06192e-02 -3.04113e-02 -3.01987e-02
 -2.99814e-02 -2.97593e-02 -2.95322e-02 -2.93001e-02 -2.90630e-02 -2.88207e-02
 -2.85731e-02 -2.83201e-02 -2.80618e-02 -2.77979e-02 -2.75286e-02 -2.72536e-02
 -2.69729e-02 -2.66864e-02 -2.63941e-02 -2.60960e-02 -2.57920e-02 -2.54821e-02
 -2.51662e-02 -2.48442e-02 -2.45161e-02 -2.41819e-02 -2.38417e-02 -2.34954e-02
 -2.31431e-02 -2.27846e-02 -2.24200e-02 -2.20494e-02 -2.16727e-02 -2.12898e-02
 -2.09009e-02 -2.05059e-02 -2.01050e-02 -1.96981e-02 -1.92853e-02 -1.88666e-02
 -1.84422e-02 -1.80119e-02 -1.75760e-02 -1.71344e-02 -1.66873e-02 -1.62347e-02
 -1.57766e-02 -1.53132e-02 -1.48446e-02 -1.43708e-02 -1.38920e-02 -1.34082e-02
 -1.29196e-02 -1.24261e-02 -1.19281e-02 -1.14255e-02 -1.09185e-02 -1.04073e-02
 -9.89188e-03 -9.37243e-03 -8.84903e-03 -8.32183e-03 -7.79101e-03 -7.25670e-03
 -6.71904e-03 -6.17817e-03 -5.63421e-03 -5.08731e-03 -4.53762e-03 -3.98529e-03
 -3.43045e-03 -2.87321e-03 -2.31376e-03 -1.75226e-03 -1.18889e-03 -6.23807e-04
 -5.71106e-05  5.11080e-04  1.08059e-03  1.65121e-03  2.22278e-03  2.79514e-03
  3.36815e-03  3.94167e-03  4.51555e-03  5.08961e-03  5.66371e-03  6.23772e-03
  6.81146e-03  7.38474e-03  7.95737e-03  8.52921e-03  9.10013e-03  9.67000e-03
  1.02386e-02  1.08059e-02  1.13717e-02  1.19357e-02  1.24978e-02  1.30579e-02
  1.36158e-02  1.41713e-02  1.47244e-02  1.52747e-02  1.58222e-02  1.63667e-02
  1.69081e-02  1.74462e-02  1.79810e-02  1.85122e-02  1.90396e-02  1.95631e-02
  2.00825e-02  2.05977e-02  2.11085e-02  2.16147e-02  2.21163e-02  2.26131e-02
  2.31048e-02  2.35913e-02  2.40725e-02  2.45482e-02  2.50183e-02  2.54826e-02
  2.59409e-02  2.63932e-02  2.68392e-02  2.72788e-02  2.77117e-02  2.81380e-02
  2.85573e-02  2.89697e-02  2.93749e-02  2.97727e-02  3.01630e-02  3.05456e-02
  3.09205e-02  3.12874e-02  3.16461e-02  3.19966e-02  3.23387e-02  3.26722e-02
  3.29971e-02  3.33131e-02  3.36200e-02  3.39178e-02  3.42064e-02  3.44856e-02
  3.47552e-02  3.50151e-02  3.52652e-02  3.55054e-02  3.57356e-02  3.59556e-02
  3.61652e-02  3.63642e-02  3.65527e-02  3.67306e-02  3.68977e-02  3.70540e-02
  3.71992e-02  3.73333e-02  3.74563e-02  3.75680e-02  3.76683e-02  3.77572e-02
  3.78346e-02  3.79003e-02  3.79543e-02  3.79967e-02  3.80272e-02  3.80458e-02
  3.80525e-02  3.80471e-02  3.80297e-02  3.80003e-02  3.79588e-02  3.79053e-02
  3.78396e-02  3.77618e-02  3.76719e-02  3.75697e-02  3.74553e-02  3.73287e-02
  3.71900e-02  3.70392e-02  3.68763e-02  3.67013e-02  3.65142e-02  3.63151e-02
  3.61041e-02  3.58812e-02  3.56464e-02  3.53999e-02  3.51416e-02  3.48718e-02
  3.45904e-02  3.42975e-02  3.39933e-02  3.36778e-02  3.33512e-02  3.30136e-02
  3.26651e-02  3.23058e-02  3.19358e-02  3.15553e-02  3.11645e-02  3.07635e-02
  3.03525e-02  2.99315e-02  2.95008e-02  2.90606e-02  2.86109e-02  2.81522e-02
  2.76844e-02  2.72079e-02  2.67227e-02  2.62291e-02  2.57274e-02  2.52178e-02
  2.47004e-02  2.41754e-02  2.36431e-02  2.31037e-02  2.25576e-02  2.20049e-02
  2.14460e-02  2.08809e-02  2.03099e-02  1.97334e-02  1.91515e-02  1.85646e-02
  1.79730e-02  1.73768e-02  1.67764e-02  1.61719e-02  1.55639e-02  1.49525e-02
  1.43380e-02  1.37207e-02  1.31009e-02  1.24787e-02  1.18546e-02  1.12288e-02
  1.06017e-02  9.97345e-03  9.34434e-03  8.71467e-03  8.08478e-03  7.45500e-03
  6.82564e-03  6.19697e-03  5.56926e-03  4.94281e-03  4.31789e-03  3.69480e-03
  3.07384e-03  2.45529e-03  1.83946e-03  1.22660e-03  6.17020e-04  1.10110e-05
 -5.91126e-04 -1.18912e-03 -1.78271e-03 -2.37165e-03 -2.95568e-03 -3.53453e-03
 -4.10789e-03 -4.67550e-03 -5.23714e-03 -5.79258e-03 -6.34157e-03 -6.88384e-03
 -7.41915e-03 -7.94726e-03 -8.46798e-03 -8.98108e-03 -9.48629e-03 -9.98339e-03
 -1.04722e-02 -1.09525e-02 -1.14241e-02 -1.18868e-02 -1.23404e-02 -1.27847e-02
 -1.32195e-02 -1.36448e-02 -1.40603e-02 -1.44659e-02 -1.48614e-02 -1.52467e-02
 -1.56217e-02 -1.59861e-02 -1.63399e-02 -1.66830e-02 -1.70151e-02 -1.73364e-02
 -1.76467e-02 -1.79458e-02 -1.82337e-02 -1.85104e-02 -1.87756e-02 -1.90296e-02
 -1.92720e-02 -1.95030e-02 -1.97225e-02 -1.99304e-02 -2.01268e-02 -2.03116e-02
 -2.04849e-02 -2.06465e-02 -2.07965e-02 -2.09350e-02 -2.10621e-02 -2.11776e-02
 -2.12818e-02 -2.13746e-02 -2.14560e-02 -2.15262e-02 -2.15852e-02 -2.16331e-02
 -2.16700e-02 -2.16959e-02 -2.17111e-02 -2.17155e-02 -2.17093e-02 -2.16927e-02
 -2.16657e-02 -2.16285e-02 -2.15813e-02 -2.15242e-02 -2.14574e-02 -2.13809e-02
 -2.12951e-02 -2.11999e-02 -2.10957e-02 -2.09826e-02 -2.08607e-02 -2.07304e-02
 -2.05917e-02 -2.04449e-02 -2.02901e-02 -2.01276e-02 -1.99576e-02 -1.97803e-02
 -1.95959e-02 -1.94046e-02 -1.92068e-02 -1.85375e-02 -1.69976e-02 -1.47472e-02
 -1.20127e-02 -9.06316e-03 -6.18208e-03 -3.63900e-03 -1.66283e-03 -4.20090e-04
  0.00000e+00  0.00000e+00  0.00000e+00  0.00000e+00  0.00000e+00  0.00000e+00
  0.00000e+00  0.00000e+00  0.00000e+00  0.00000e+00  0.00000e+00  0.00000e+00
  0.00000e+00  0.00000e+00  0.00000e+00  0.00000e+00  0.00000e+00  0.00000e+00
  0.00000e+00  0.00000e+00  0.00000e+00  0.00000e+00  0.00000e+00  0.00000e+00
  0.00000e+00  0.00000e+00  0.00000e+00  0.00000e+00  0.00000e+00  0.00000e+00
  0.00000e+00  0.00000e+00  0.00000e+00  0.00000e+00  0.00000e+00  0.00000e+00
  0.00000e+00  0.00000e+00  0.00000e+00  0.00000e+00  0.00000e+00  0.00000e+00
  0.00000e+00  0.00000e+00  0.00000e+00  0.00000e+00  0.00000e+00  0.00000e+00
  0.00000e+00  0.00000e+00  0.00000e+00  0.00000e+00  0.00000e+00  0.00000e+00
  0.00000e+00  0.00000e+00  0.00000e+00  0.00000e+00  0.00000e+00  0.00000e+00
  0.00000e+00  0.00000e+00  0.00000e+00  0.00000e+00  0.00000e+00  0.00000e+00
  0.00000e+00  0.00000e+00  0.00000e+00  0.00000e+00  0.00000e+00  0.00000e+00
  0.00000e+00  0.00000e+00  0.00000e+00  0.00000e+00  0.00000e+00  0.00000e+00
  0.00000e+00  0.00000e+00  0.00000e+00  0.00000e+00  0.00000e+00  0.00000e+00
  0.00000e+00  0.00000e+00  0.00000e+00  0.00000e+00  0.00000e+00  0.00000e+00
  0.00000e+00  0.00000e+00  0.00000e+00  0.00000e+00  0.00000e+00  0.00000e+00
  0.00000e+00  0.00000e+00  0.00000e+00  0.00000e+00  0.00000e+00  0.00000e+00
  0.00000e+00  0.00000e+00  0.00000e+00  0.00000e+00  0.00000e+00  0.00000e+00
  0.00000e+00  0.00000e+00  0.00000e+00  0.00000e+00  0.00000e+00  0.00000e+00
  0.00000e+00  0.00000e+00  0.00000e+00  0.00000e+00  0.00000e+00  0.00000e+00
  0.00000e+00  0.00000e+00  0.00000e+00  0.00000e+00  0.00000e+00  0.00000e+00
  0.00000e+00  0.00000e+00  0.00000e+00  0.00000e+00  0.00000e+00  0.00000e+00
  0.00000e+00  0.00000e+00  0.00000e+00  0.00000e+00  0.00000e+00  0.00000e+00
  0.00000e+00  0.00000e+00  0.00000e+00  0.00000e+00  0.00000e+00  0.00000e+00
  0.00000e+00  0.00000e+00  0.00000e+00  0.00000e+00  0.00000e+00  0.00000e+00
  0.00000e+00  0.00000e+00  0.00000e+00  0.00000e+00  0.00000e+00  0.00000e+00
  0.00000e+00  0.00000e+00  0.00000e+00  0.00000e+00  0.00000e+00  0.00000e+00
  0.00000e+00  0.00000e+00  0.00000e+00  0.00000e+00  0.00000e+00  0.00000e+00
  0.00000e+00  0.00000e+00  0.00000e+00  0.00000e+00  0.00000e+00  0.00000e+00
  0.00000e+00  0.00000e+00  0.00000e+00  0.00000e+00  0.00000e+00  0.00000e+00
  0.00000e+00  0.00000e+00  0.00000e+00  0.00000e+00  0.00000e+00  0.00000e+00
  0.00000e+00  0.00000e+00  0.00000e+00  0.00000e+00  0.00000e+00  0.00000e+00
  0.00000e+00  0.00000e+00  0.00000e+00  0.00000e+00  0.00000e+00  0.00000e+00
  0.00000e+00  0.00000e+00  0.00000e+00  0.00000e+00  0.00000e+00  0.00000e+00
  0.00000e+00  0.00000e+00  0.00000e+00  0.00000e+00  0.00000e+00  0.00000e+00
  0.00000e+00  0.00000e+00  0.00000e+00  0.00000e+00  0.00000e+00  0.00000e+00
  0.00000e+00  0.00000e+00  0.00000e+00  0.00000e+00  0.00000e+00  0.00000e+00
  0.00000e+00  0.00000e+00  0.00000e+00  0.00000e+00  0.00000e+00  0.00000e+00
  0.00000e+00  0.00000e+00  0.00000e+00  0.00000e+00  0.00000e+00  0.00000e+00
  0.00000e+00  0.00000e+00  0.00000e+00  0.00000e+00  0.00000e+00  0.00000e+00
  0.00000e+00  0.00000e+00  0.00000e+00  0.00000e+00  0.00000e+00  0.00000e+00
  0.00000e+00  0.00000e+00  0.00000e+00  0.00000e+00  0.00000e+00  0.00000e+00
  0.00000e+00  0.00000e+00  0.00000e+00  0.00000e+00  0.00000e+00  0.00000e+00
  0.00000e+00  0.00000e+00  0.00000e+00  0.00000e+00  0.00000e+00  0.00000e+00
  0.00000e+00  0.00000e+00  0.00000e+00  0.00000e+00  0.00000e+00  0.00000e+00
  0.00000e+00  0.00000e+00  0.00000e+00  0.00000e+00  0.00000e+00  0.00000e+00
  0.00000e+00  0.00000e+00  0.00000e+00  0.00000e+00  0.00000e+00  0.00000e+00
  0.00000e+00  0.00000e+00  0.00000e+00  0.00000e+00  0.00000e+00  0.00000e+00
  0.00000e+00  0.00000e+00  0.00000e+00  0.00000e+00  0.00000e+00  0.00000e+00
  0.00000e+00  0.00000e+00  0.00000e+00  0.00000e+00  0.00000e+00  0.00000e+00
  0.00000e+00  0.00000e+00  0.00000e+00  0.00000e+00  0.00000e+00  0.00000e+00
  0.00000e+00  0.00000e+00  0.00000e+00  0.00000e+00  0.00000e+00  0.00000e+00
  0.00000e+00  0.00000e+00  0.00000e+00  0.00000e+00  0.00000e+00  0.00000e+00
  0.00000e+00  0.00000e+00  0.00000e+00  0.00000e+00  0.00000e+00  0.00000e+00
  0.00000e+00  0.00000e+00  0.00000e+00  0.00000e+00  0.00000e+00  0.00000e+00
  0.00000e+00  0.00000e+00  0.00000e+00  0.00000e+00  0.00000e+00  0.00000e+00
  0.00000e+00  0.00000e+00  0.00000e+00  0.00000e+00  0.00000e+00  0.00000e+00
  0.00000e+00  0.00000e+00  0.00000e+00  0.00000e+00  0.00000e+00  0.00000e+00
  0.00000e+00  0.00000e+00  0.00000e+00  0.00000e+00  0.00000e+00  0.00000e+00
  0.00000e+00  0.00000e+00  0.00000e+00  0.00000e+00  0.00000e+00  0.00000e+00
  0.00000e+00  0.00000e+00  0.00000e+00  0.00000e+00  0.00000e+00  0.00000e+00
  0.00000e+00  0.00000e+00  0.00000e+00  0.00000e+00  0.00000e+00  0.00000e+00
  0.00000e+00  0.00000e+00  0.00000e+00  0.00000e+00  0.00000e+00  0.00000e+00
  0.00000e+00  0.00000e+00  0.00000e+00  0.00000e+00  0.00000e+00  0.00000e+00
  0.00000e+00  0.00000e+00  0.00000e+00  0.00000e+00  0.00000e+00  0.00000e+00
  0.00000e+00  0.00000e+00  0.00000e+00  0.00000e+00  0.00000e+00  0.00000e+00
  0.00000e+00  0.00000e+00  0.00000e+00  0.00000e+00  0.00000e+00  0.00000e+00
  0.00000e+00  0.00000e+00  0.00000e+00  0.00000e+00  0.00000e+00  0.00000e+00
  0.00000e+00  0.00000e+00  0.00000e+00  0.00000e+00  0.00000e+00  0.00000e+00
  0.00000e+00  0.00000e+00  0.00000e+00  0.00000e+00  0.00000e+00  0.00000e+00
  0.00000e+00  0.00000e+00  0.00000e+00  0.00000e+00  0.00000e+00  0.00000e+00
  0.00000e+00  0.00000e+00  0.00000e+00  0.00000e+00  0.00000e+00  0.00000e+00
  0.00000e+00  0.00000e+00  0.00000e+00  0.00000e+00  0.00000e+00  0.00000e+00
  0.00000e+00  0.00000e+00  0.00000e+00  0.00000e+00  0.00000e+00  0.00000e+00
  0.00000e+00  0.00000e+00  0.00000e+00  0.00000e+00  0.00000e+00  0.00000e+00
  0.00000e+00  0.00000e+00  0.00000e+00  0.00000e+00  0.00000e+00  0.00000e+00
  0.00000e+00  0.00000e+00  0.00000e+00  0.00000e+00  0.00000e+00  0.00000e+00
  0.00000e+00  0.00000e+00  0.00000e+00  0.00000e+00  0.00000e+00  0.00000e+00
  0.00000e+00  0.00000e+00  0.00000e+00  0.00000e+00  0.00000e+00  0.00000e+00
  0.00000e+00  0.00000e+00  0.00000e+00  0.00000e+00  0.00000e+00  0.00000e+00
  0.00000e+00  0.00000e+00  0.00000e+00  0.00000e+00  0.00000e+00  0.00000e+00
  0.00000e+00  0.00000e+00  0.00000e+00  0.00000e+00  0.00000e+00  0.00000e+00
  0.00000e+00  0.00000e+00  0.00000e+00  0.00000e+00  0.00000e+00  0.00000e+00
  0.00000e+00  0.00000e+00  0.00000e+00  0.00000e+00  0.00000e+00  0.00000e+00
  0.00000e+00  0.00000e+00  0.00000e+00  0.00000e+00  0.00000e+00  0.00000e+00
  0.00000e+00  0.00000e+00  0.00000e+00  0.00000e+00  0.00000e+00  0.00000e+00
  0.00000e+00  0.00000e+00  0.00000e+00  0.00000e+00  0.00000e+00  0.00000e+00
  0.00000e+00  0.00000e+00  0.00000e+00  0.00000e+00  0.00000e+00  0.00000e+00
  0.00000e+00  0.00000e+00  0.00000e+00  0.00000e+00  0.00000e+00  0.00000e+00
  0.00000e+00  0.00000e+00  0.00000e+00  0.00000e+00  0.00000e+00  0.00000e+00
  0.00000e+00  0.00000e+00  0.00000e+00  0.00000e+00  0.00000e+00  0.00000e+00
  0.00000e+00  0.00000e+00  0.00000e+00  0.00000e+00  0.00000e+00  0.00000e+00
  0.00000e+00  0.00000e+00  0.00000e+00  0.00000e+00  0.00000e+00  0.00000e+00
  0.00000e+00  0.00000e+00  0.00000e+00  0.00000e+00  0.00000e+00  0.00000e+00
  0.00000e+00  0.00000e+00  0.00000e+00  0.00000e+00  0.00000e+00  0.00000e+00
  0.00000e+00  0.00000e+00  0.00000e+00  0.00000e+00  0.00000e+00  0.00000e+00
  0.00000e+00  0.00000e+00  0.00000e+00  0.00000e+00  0.00000e+00  0.00000e+00
  0.00000e+00  0.00000e+00  0.00000e+00  0.00000e+00  0.00000e+00  0.00000e+00
  0.00000e+00  0.00000e+00  0.00000e+00  0.00000e+00  0.00000e+00  0.00000e+00
  0.00000e+00  0.00000e+00  0.00000e+00  0.00000e+00  0.00000e+00  0.00000e+00
