AZ_TRO     090 TITLE
6000  5.00000e-03 0 0  0.00000e+00  0.00000e+00  0.00000e+00  0.00000e+00
  2.80003e-04  2.62194e-04  2.43684e-04  2.24481e-04  2.04591e-04  1.84020e-04
  1.62778e-04  1.40873e-04  1.18314e-04  9.51111e-05  7.12750e-05  4.68158e-05
  2.17444e-05 -3.92820e-06 -3.01910e-05 -5.70327e-05 -8.44421e-05 -1.12408e-04
 -1.40919e-04 -1.69963e-04 -1.99531e-04 -2.29610e-04 -2.60191e-04 -2.91262e-04
 -3.22812e-04 -3.54830e-04 -3.87305e-04 -4.20227e-04 -4.53583e-04 -4.87362e-04
 -5.21552e-04 -5.56139e-04 -5.91110e-04 -6.26451e-04 -6.62146e-04 -6.98181e-04
 -7.34538e-04 -7.71199e-04 -8.08147e-04 -8.45359e-04 -8.82817e-04 -9.20495e-04
 -9.58372e-04 -9.96422e-04 -1.03462e-03 -1.07293e-03 -1.11133e-03 -1.14979e-03
 -1.18828e-03 -1.22675e-03 -1.26518e-03 -1.30353e-03 -1.34176e-03 -1.37983e-03
 -1.41770e-03 -1.45533e-03 -1.49267e-03 -1.52967e-03 -1.56630e-03 -1.60250e-03
 -1.63823e-03 -1.67343e-03 -1.70805e-03 -1.74203e-03 -1.77533e-03 -1.80789e-03
 -1.83964e-03 -1.87055e-03 -1.90054e-03 -1.92955e-03 -1.95754e-03 -1.98442e-03
 -2.01016e-03 -2.03468e-03 -2.05791e-03 -2.07981e-03 -2.10030e-03 -2.11932e-03
 -2.13682e-03 -2.15271e-03 -2.16695e-03 -2.17946e-03 -2.19019e-03 -2.19907e-03
 -2.20604e-03 -2.21103e-03 -2.21399e-03 -2.21486e-03 -2.21357e-03 -2.21007e-03
 -2.20430e-03 -2.19620e-03 -2.18572e-03 -2.17280e-03 -2.15739e-03 -2.13944e-03
 -2.11891e-03 -2.09574e-03 -2.06990e-03 -2.04133e-03 -2.00999e-03 -1.97586e-03
 -1.93888e-03 -1.89902e-03 -1.85626e-03 -1.81056e-03 -1.76189e-03 -1.71023e-03
 -1.65555e-03 -1.59784e-03 -1.53707e-03 -1.47323e-03 -1.40632e-03 -1.33631e-03
 -1.26320e-03 -1.18700e-03 -1.10769e-03 -1.02529e-03 -9.39804e-04 -8.51234e-04
 -7.59596e-04 -6.64907e-04 -5.67185e-04 -4.66456e-04 -3.62746e-04 -2.56086e-04
 -1.46509e-04 -3.40549e-05  8.12350e-05  1.99315e-04  3.20134e-04  4.43637e-04
  5.69766e-04  6.98459e-04  8.29648e-04  9.63261e-04  1.09922e-03  1.23745e-03
  1.37786e-03  1.52036e-03  1.66486e-03  1.81125e-03  1.95945e-03  2.10932e-03
  2.26077e-03  2.41366e-03  2.56788e-03  2.72329e-03  2.87977e-03  3.03717e-03
  3.19535e-03  3.35415e-03  3.51343e-03  3.67302e-03  3.83276e-03  3.99249e-03
  4.15201e-03  4.31117e-03  4.46976e-03  4.62761e-03  4.78452e-03  4.94030e-03
  5.09473e-03  5.24761e-03  5.39874e-03  5.54790e-03  5.69487e-03  5.83943e-03
  5.98135e-03  6.12042e-03  6.25641e-03  6.38907e-03  6.51818e-03  6.64349e-03
  6.76478e-03  6.88180e-03  6.99431e-03  7.10208e-03  7.20485e-03  7.30238e-03
  7.39444e-03  7.48079e-03  7.56119e-03  7.63540e-03  7.70319e-03  7.76431e-03
  7.81855e-03  7.86568e-03  7.90547e-03  7.93770e-03  7.96216e-03  7.97864e-03
  7.98694e-03  7.98687e-03  7.97821e-03  7.96080e-03  7.93446e-03  7.89900e-03
  7.85427e-03  7.80012e-03  7.73638e-03  7.66294e-03  7.57965e-03  7.48641e-03
  7.38310e-03  7.26963e-03  7.14590e-03  7.01186e-03  6.86742e-03  6.71253e-03
  6.54717e-03  6.37129e-03  6.18488e-03  5.98795e-03  5.78049e-03  5.56255e-03
  5.33415e-03  5.09534e-03  4.84619e-03  4.58678e-03  4.31720e-03  4.03756e-03
  3.74797e-03  3.44858e-03  3.13952e-03  2.82096e-03  2.49308e-03  2.15606e-03
  1.81013e-03  1.45549e-03  1.09238e-03  7.21046e-04  3.41748e-04 -4.52413e-05
 -4.39637e-04 -8.41138e-04 -1.24944e-03 -1.66420e-03 -2.08511e-03 -2.51180e-03
 -2.94391e-03 -3.38106e-03 -3.82288e-03 -4.26897e-03 -4.71893e-03 -5.17235e-03
 -5.62880e-03 -6.08784e-03 -6.54902e-03 -7.01191e-03 -7.47603e-03 -7.94093e-03
 -8.40614e-03 -8.87117e-03 -9.33554e-03 -9.79875e-03 -1.02603e-02 -1.07197e-02
 -1.11765e-02 -1.16300e-02 -1.20799e-02 -1.25256e-02 -1.29665e-02 -1.34022e-02
 -1.38320e-02 -1.42556e-02 -1.46724e-02 -1.50817e-02 -1.54832e-02 -1.58762e-02
 -1.62603e-02 -1.66348e-02 -1.69994e-02 -1.73534e-02 -1.76964e-02 -1.80277e-02
 -1.83470e-02 -1.86536e-02 -1.89471e-02 -1.92269e-02 -1.94926e-02 -1.97436e-02
 -1.99795e-02 -2.01997e-02 -2.04038e-02 -2.05912e-02 -2.07615e-02 -2.09142e-02
 -2.10489e-02 -2.11650e-02 -2.12621e-02 -2.13398e-02 -2.13975e-02 -2.14349e-02
 -2.14515e-02 -2.14469e-02 -2.14205e-02 -2.13721e-02 -2.13012e-02 -2.12074e-02
 -2.10902e-02 -2.09493e-02 -2.07842e-02 -2.05945e-02 -2.03800e-02 -2.01401e-02
 -1.98745e-02 -1.95828e-02 -1.92647e-02 -1.89198e-02 -1.85477e-02 -1.81480e-02
 -1.77204e-02 -1.72646e-02 -1.67801e-02 -1.62666e-02 -1.57239e-02 -1.51514e-02
 -1.45490e-02 -1.39162e-02 -1.32528e-02 -1.25583e-02 -1.18324e-02 -1.10749e-02
 -1.02854e-02 -9.46352e-03 -8.60898e-03 -7.72145e-03 -6.80058e-03 -5.84608e-03
 -4.85762e-03 -3.83489e-03 -2.77758e-03 -1.68540e-03 -5.58026e-04  6.04848e-04
  1.80352e-03  3.03827e-03  4.30940e-03  5.61718e-03  6.96189e-03  8.34380e-03
  9.76319e-03  1.12203e-02  1.27154e-02  1.42486e-02  1.58203e-02  1.74306e-02
  1.90797e-02  2.07679e-02  2.24952e-02  2.42617e-02  2.60678e-02  2.79134e-02
  2.97986e-02  3.17235e-02  3.36881e-02  3.56925e-02  3.77366e-02  3.98204e-02
  4.19439e-02  4.41069e-02  4.63094e-02  4.85512e-02  5.08321e-02  5.31518e-02
  5.55102e-02  5.79070e-02  6.03418e-02  6.28144e-02  6.53242e-02  6.78710e-02
  7.04542e-02  7.30732e-02  7.57277e-02  7.84169e-02  8.11403e-02  8.38972e-02
  8.66869e-02  8.95087e-02  9.23619e-02  9.52455e-02  9.81589e-02  1.01101e-01
  1.04071e-01  1.07068e-01  1.10090e-01  1.13138e-01  1.16210e-01  1.19304e-01
  1.22420e-01  1.25556e-01  1.28712e-01  1.31886e-01  1.35077e-01  1.38284e-01
  1.41505e-01  1.44739e-01  1.47986e-01  1.51242e-01  1.54508e-01  1.57782e-01
  1.61063e-01  1.64349e-01  1.67639e-01  1.70931e-01  1.74224e-01  1.77517e-01
  1.80808e-01  1.84096e-01  1.87380e-01  1.90658e-01  1.93928e-01  1.97191e-01
  2.00443e-01  2.03684e-01  2.06913e-01  2.10128e-01  2.13327e-01  2.16510e-01
  2.19676e-01  2.22822e-01  2.25948e-01  2.29053e-01  2.32135e-01  2.35193e-01
  2.38225e-01  2.41232e-01  2.44211e-01  2.47162e-01  2.50082e-01  2.52972e-01
  2.55830e-01  2.58655e-01  2.61446e-01  2.64201e-01  2.66920e-01  2.69602e-01
  2.72246e-01  2.74849e-01  2.77412e-01  2.79934e-01  2.82413e-01  2.84847e-01
  2.87237e-01  2.89581e-01  2.91877e-01  2.94126e-01  2.96325e-01  2.98473e-01
  3.00570e-01  3.02614e-01  3.04604e-01  3.06538e-01  3.08416e-01  3.10236e-01
  3.11996e-01  3.13696e-01  3.15334e-01  3.16909e-01  3.18419e-01  3.19863e-01
  3.21239e-01  3.22546e-01  3.23782e-01  3.24946e-01  3.26036e-01  3.27050e-01
  3.27987e-01  3.28844e-01  3.29621e-01  3.30315e-01  3.30925e-01  3.31449e-01
  3.31885e-01  3.32232e-01  3.32487e-01  3.32649e-01  3.32715e-01  3.32684e-01
  3.32553e-01  3.32322e-01  3.31987e-01  3.31547e-01  3.31000e-01  3.30344e-01
  3.29578e-01  3.28698e-01  3.27705e-01  3.26594e-01  3.25365e-01  3.24016e-01
  3.22544e-01  3.20949e-01  3.19228e-01  3.17380e-01  3.15402e-01  3.13293e-01
  3.11051e-01  3.08676e-01  3.06165e-01  3.03517e-01  3.00730e-01  2.97803e-01
  2.94734e-01  2.91524e-01  2.88169e-01  2.84669e-01  2.81024e-01  2.77231e-01
  2.73290e-01  2.69201e-01  2.64962e-01  2.60572e-01  2.56032e-01  2.51340e-01
  2.46496e-01  2.41501e-01  2.36352e-01  2.31051e-01  2.25597e-01  2.19990e-01
  2.14231e-01  2.08319e-01  2.02256e-01  1.96040e-01  1.89673e-01  1.83156e-01
  1.76489e-01  1.69673e-01  1.62709e-01  1.55598e-01  1.48341e-01  1.40940e-01
  1.33395e-01  1.25709e-01  1.17883e-01  1.09919e-01  1.01818e-01  9.35835e-02
  8.52167e-02  7.67201e-02  6.80958e-02  5.93465e-02  5.04749e-02  4.14837e-02
  3.23762e-02  2.31553e-02  1.38241e-02  4.38577e-03 -5.15607e-03 -1.47979e-02
 -2.45357e-02 -3.43654e-02 -4.42829e-02 -5.42842e-02 -6.43652e-02 -7.45213e-02
 -8.47475e-02 -9.50390e-02 -1.05391e-01 -1.15798e-01 -1.26256e-01 -1.36758e-01
 -1.47299e-01 -1.57873e-01 -1.68474e-01 -1.79096e-01 -1.89734e-01 -2.00380e-01
 -2.11027e-01 -2.21670e-01 -2.32301e-01 -2.42912e-01 -2.53498e-01 -2.64050e-01
 -2.74561e-01 -2.85024e-01 -2.95429e-01 -3.05771e-01 -3.16039e-01 -3.26227e-01
 -3.36325e-01 -3.46325e-01 -3.56218e-01 -3.65996e-01 -3.75649e-01 -3.85168e-01
 -3.94545e-01 -4.03768e-01 -4.12830e-01 -4.21719e-01 -4.30427e-01 -4.38944e-01
 -4.47259e-01 -4.55363e-01 -4.63246e-01 -4.70897e-01 -4.78305e-01 -4.85462e-01
 -4.92355e-01 -4.98976e-01 -5.05312e-01 -5.11354e-01 -5.17090e-01 -5.22511e-01
 -5.27604e-01 -5.32361e-01 -5.36769e-01 -5.40819e-01 -5.44500e-01 -5.47800e-01
 -5.50709e-01 -5.53217e-01 -5.55313e-01 -5.56987e-01 -5.58229e-01 -5.59027e-01
 -5.59372e-01 -5.59254e-01 -5.58663e-01 -5.57589e-01 -5.56023e-01 -5.53954e-01
 -5.51374e-01 -5.48274e-01 -5.44644e-01 -5.40476e-01 -5.35761e-01 -5.30492e-01
 -5.24660e-01 -5.18257e-01 -5.11276e-01 -5.03709e-01 -4.95550e-01 -4.86793e-01
 -4.77431e-01 -4.67459e-01 -4.56872e-01 -4.45664e-01 -4.33830e-01 -4.21366e-01
 -4.08269e-01 -3.94535e-01 -3.80162e-01 -3.65146e-01 -3.49487e-01 -3.33181e-01
 -3.16229e-01 -2.98630e-01 -2.80385e-01 -2.61493e-01 -2.41958e-01 -2.21780e-01
 -2.00962e-01 -1.79506e-01 -1.57415e-01 -1.34694e-01 -1.11349e-01 -8.73862e-02
 -6.28106e-02 -3.76291e-02 -1.18489e-02  1.45215e-02  4.14730e-02  6.89959e-02
  9.70799e-02  1.25714e-01  1.54886e-01  1.84584e-01  2.14795e-01  2.45504e-01
  2.76697e-01  3.08358e-01  3.40471e-01  3.73020e-01  4.05985e-01  4.39349e-01
  4.73092e-01  5.07194e-01  5.41636e-01  5.76395e-01  6.11448e-01  6.46774e-01
  6.82347e-01  7.18145e-01  7.54143e-01  7.90313e-01  8.26630e-01  8.63066e-01
  8.99594e-01  9.36185e-01  9.72809e-01  1.00944e+00  1.04604e+00  1.08258e+00
  1.11904e+00  1.15537e+00  1.19156e+00  1.22755e+00  1.26332e+00  1.29884e+00
  1.33407e+00  1.36898e+00  1.40352e+00  1.43767e+00  1.47139e+00  1.50464e+00
  1.53739e+00  1.56960e+00  1.60123e+00  1.63224e+00  1.66260e+00  1.69227e+00
  1.72122e+00  1.74940e+00  1.77678e+00  1.80332e+00  1.82898e+00  1.85374e+00
  1.87754e+00  1.90035e+00  1.92215e+00  1.94289e+00  1.96253e+00  1.98105e+00
  1.99840e+00  2.01456e+00  2.02949e+00  2.04316e+00  2.05553e+00  2.06659e+00
  2.07628e+00  2.08459e+00  2.09150e+00  2.09696e+00  2.10095e+00  2.10346e+00
  2.10445e+00  2.10390e+00  2.10179e+00  2.09810e+00  2.09282e+00  2.08591e+00
  2.07738e+00  2.06719e+00  2.05534e+00  2.04182e+00  2.02662e+00  2.00972e+00
  1.99113e+00  1.97084e+00  1.94883e+00  1.92513e+00  1.89971e+00  1.87259e+00
  1.84377e+00  1.81326e+00  1.78106e+00  1.74718e+00  1.71164e+00  1.67446e+00
  1.63564e+00  1.59520e+00  1.55317e+00  1.50957e+00  1.46441e+00  1.41774e+00
  1.36957e+00  1.31994e+00  1.26888e+00  1.21643e+00  1.16261e+00  1.10747e+00
  1.05106e+00  9.93399e-01  9.34546e-01  8.74543e-01  8.13437e-01  7.51276e-01
  6.88110e-01  6.23994e-01  5.58981e-01  4.93126e-01  4.26484e-01  3.59115e-01
  2.91077e-01  2.22430e-01  1.53237e-01  8.35585e-02  1.34574e-02 -5.70019e-02
 -1.27755e-01 -1.98735e-01 -2.69877e-01 -3.41114e-01 -4.12382e-01 -4.83613e-01
 -5.54738e-01 -6.25691e-01 -6.96404e-01 -7.66812e-01 -8.36847e-01 -9.06443e-01
 -9.75534e-01 -1.04405e+00 -1.11194e+00 -1.17913e+00 -1.24555e+00 -1.31116e+00
 -1.37588e+00 -1.43965e+00 -1.50242e+00 -1.56413e+00 -1.62472e+00 -1.68414e+00
 -1.74233e+00 -1.79925e+00 -1.85484e+00 -1.90906e+00 -1.96186e+00 -2.01319e+00
 -2.06301e+00 -2.11129e+00 -2.15798e+00 -2.20304e+00 -2.24645e+00 -2.28817e+00
 -2.32817e+00 -2.36642e+00 -2.40290e+00 -2.43758e+00 -2.47044e+00 -2.50146e+00
 -2.53063e+00 -2.55794e+00 -2.58336e+00 -2.60689e+00 -2.62852e+00 -2.64825e+00
 -2.66607e+00 -2.68198e+00 -2.69598e+00 -2.70808e+00 -2.71828e+00 -2.72659e+00
 -2.73301e+00 -2.73756e+00 -2.74026e+00 -2.74110e+00 -2.74012e+00 -2.73733e+00
 -2.73274e+00 -2.72639e+00 -2.71830e+00 -2.70848e+00 -2.69697e+00 -2.68379e+00
 -2.66898e+00 -2.65256e+00 -2.63456e+00 -2.61502e+00 -2.59396e+00 -2.57144e+00
 -2.54747e+00 -2.52210e+00 -2.49537e+00 -2.46731e+00 -2.43796e+00 -2.40736e+00
 -2.37555e+00 -2.34257e+00 -2.30846e+00 -2.27326e+00 -2.23702e+00 -2.19977e+00
 -2.16156e+00 -2.12243e+00 -2.08243e+00 -2.04158e+00 -1.99995e+00 -1.95756e+00
 -1.91447e+00 -1.87071e+00 -1.82632e+00 -1.78135e+00 -1.73583e+00 -1.68981e+00
 -1.64334e+00 -1.59644e+00 -1.54917e+00 -1.50155e+00 -1.45363e+00 -1.40545e+00
 -1.35705e+00 -1.30845e+00 -1.25971e+00 -1.21085e+00 -1.16192e+00 -1.11294e+00
 -1.06396e+00 -1.01500e+00 -9.66104e-01 -9.17301e-01 -8.68622e-01 -8.20099e-01
 -7.71763e-01 -7.23647e-01 -6.75780e-01 -6.28190e-01 -5.80905e-01 -5.33950e-01
 -4.87354e-01 -4.41142e-01 -3.95342e-01 -3.49977e-01 -3.05070e-01 -2.60644e-01
 -2.16724e-01 -1.73330e-01 -1.30485e-01 -8.82081e-02 -4.65202e-02 -5.43961e-03
  3.50155e-02  7.48274e-02  1.13979e-01  1.52453e-01  1.90235e-01  2.27309e-01
  2.63661e-01  2.99277e-01  3.34144e-01  3.68250e-01  4.01584e-01  4.34134e-01
  4.65890e-01  4.96844e-01  5.26986e-01  5.56308e-01  5.84804e-01  6.12465e-01
  6.39285e-01  6.65258e-01  6.90380e-01  7.14647e-01  7.38057e-01  7.60605e-01
  7.82287e-01  8.03103e-01  8.23051e-01  8.42131e-01  8.60344e-01  8.77692e-01
  8.94174e-01  9.09793e-01  9.24551e-01  9.38453e-01  9.51500e-01  9.63698e-01
  9.75053e-01  9.85568e-01  9.95251e-01  1.00411e+00  1.01215e+00  1.01938e+00
  1.02580e+00  1.03143e+00  1.03628e+00  1.04035e+00  1.04365e+00  1.04620e+00
  1.04800e+00  1.04907e+00  1.04942e+00  1.04907e+00  1.04801e+00  1.04627e+00
  1.04386e+00  1.04080e+00  1.03709e+00  1.03275e+00  1.02780e+00  1.02225e+00
  1.01611e+00  1.00940e+00  1.00214e+00  9.94345e-01  9.86024e-01  9.77195e-01
  9.67876e-01  9.58082e-01  9.47830e-01  9.37136e-01  9.26016e-01  9.14486e-01
  9.02565e-01  8.90267e-01  8.77611e-01  8.64613e-01  8.51290e-01  8.37657e-01
  8.23732e-01  8.09530e-01  7.95067e-01  7.80361e-01  7.65426e-01  7.50280e-01
  7.34939e-01  7.19417e-01  7.03731e-01  6.87896e-01  6.71928e-01  6.55841e-01
  6.39650e-01  6.23371e-01  6.07016e-01  5.90600e-01  5.74137e-01  5.57640e-01
  5.41122e-01  5.24597e-01  5.08076e-01  4.91572e-01  4.75097e-01  4.58663e-01
  4.42283e-01  4.25969e-01  4.09730e-01  3.93576e-01  3.77516e-01  3.61561e-01
  3.45722e-01  3.30007e-01  3.14426e-01  2.98985e-01  2.83692e-01  2.68558e-01
  2.53588e-01  2.38791e-01  2.24173e-01  2.09740e-01  1.95497e-01  1.81452e-01
  1.67611e-01  1.53979e-01  1.40561e-01  1.27362e-01  1.14387e-01  1.01640e-01
  8.91244e-02  7.68423e-02  6.47964e-02  5.29905e-02  4.14290e-02  3.01153e-02
  1.90513e-02  8.23842e-03 -2.32140e-03 -1.26257e-02 -2.26721e-02 -3.24593e-02
 -4.19869e-02 -5.12543e-02 -6.02609e-02 -6.90054e-02 -7.74870e-02 -8.57054e-02
 -9.36604e-02 -1.01352e-01 -1.08780e-01 -1.15944e-01 -1.22844e-01 -1.29481e-01
 -1.35856e-01 -1.41968e-01 -1.47818e-01 -1.53409e-01 -1.58740e-01 -1.63811e-01
 -1.68624e-01 -1.73179e-01 -1.77478e-01 -1.81523e-01 -1.85315e-01 -1.88856e-01
 -1.92147e-01 -1.95189e-01 -1.97985e-01 -2.00535e-01 -2.02843e-01 -2.04909e-01
 -2.06736e-01 -2.08327e-01 -2.09682e-01 -2.10804e-01 -2.11696e-01 -2.12361e-01
 -2.12800e-01 -2.13015e-01 -2.13010e-01 -2.12788e-01 -2.12350e-01 -2.11701e-01
 -2.10842e-01 -2.09779e-01 -2.08513e-01 -2.07049e-01 -2.05388e-01 -2.03535e-01
 -2.01491e-01 -1.99262e-01 -1.96851e-01 -1.94264e-01 -1.91503e-01 -1.88573e-01
 -1.85477e-01 -1.82221e-01 -1.78808e-01 -1.75243e-01 -1.71530e-01 -1.67672e-01
 -1.63676e-01 -1.59546e-01 -1.55288e-01 -1.50906e-01 -1.46405e-01 -1.41789e-01
 -1.37066e-01 -1.32238e-01 -1.27313e-01 -1.22296e-01 -1.17191e-01 -1.12004e-01
 -1.06741e-01 -1.01406e-01 -9.60069e-02 -9.05482e-02 -8.50359e-02 -7.94757e-02
 -7.38731e-02 -6.82338e-02 -6.25635e-02 -5.68679e-02 -5.11527e-02 -4.54240e-02
 -3.96871e-02 -3.39472e-02 -2.82093e-02 -2.24790e-02 -1.67627e-02 -1.10664e-02
 -5.39584e-03  2.44662e-04  5.85096e-03  1.14179e-02  1.69399e-02  2.24112e-02
  2.78270e-02  3.31832e-02  3.84762e-02  4.37014e-02  4.88542e-02  5.39301e-02
  5.89252e-02  6.38358e-02  6.86585e-02  7.33896e-02  7.80257e-02  8.25630e-02
  8.69982e-02  9.13286e-02  9.55518e-02  9.96659e-02  1.03669e-01  1.07558e-01
  1.11331e-01  1.14986e-01  1.18521e-01  1.21935e-01  1.25226e-01  1.28392e-01
  1.31433e-01  1.34346e-01  1.37133e-01  1.39792e-01  1.42323e-01  1.44726e-01
  1.47000e-01  1.49144e-01  1.51158e-01  1.53044e-01  1.54803e-01  1.56433e-01
  1.57936e-01  1.59312e-01  1.60560e-01  1.61682e-01  1.62679e-01  1.63553e-01
  1.64303e-01  1.64932e-01  1.65440e-01  1.65828e-01  1.66098e-01  1.66251e-01
  1.66288e-01  1.66209e-01  1.66018e-01  1.65715e-01  1.65301e-01  1.64779e-01
  1.64150e-01  1.63414e-01  1.62575e-01  1.61634e-01  1.60592e-01  1.59450e-01
  1.58209e-01  1.56872e-01  1.55441e-01  1.53916e-01  1.52300e-01  1.50594e-01
  1.48801e-01  1.46920e-01  1.44956e-01  1.42907e-01  1.40778e-01  1.38568e-01
  1.36281e-01  1.33917e-01  1.31477e-01  1.28964e-01  1.26379e-01  1.23726e-01
  1.21005e-01  1.18218e-01  1.15366e-01  1.12452e-01  1.09478e-01  1.06445e-01
  1.03354e-01  1.00208e-01  9.70085e-02  9.37585e-02  9.04595e-02  8.71134e-02
  8.37218e-02  8.02871e-02  7.68114e-02  7.32969e-02  6.97456e-02  6.61594e-02
  6.25407e-02  5.88919e-02  5.52158e-02  5.15147e-02  4.77910e-02  4.40467e-02
  4.02843e-02  3.65063e-02  3.27154e-02  2.89139e-02  2.51042e-02  2.12886e-02
  1.74700e-02  1.36513e-02  9.83549e-03  6.02546e-03  2.22359e-03 -1.56793e-03
 -5.34661e-03 -9.10963e-03 -1.28538e-02 -1.65762e-02 -2.02741e-02 -2.39451e-02
 -2.75865e-02 -3.11955e-02 -3.47692e-02 -3.83050e-02 -4.18002e-02 -4.52524e-02
 -4.86590e-02 -5.20171e-02 -5.53241e-02 -5.85779e-02 -6.17760e-02 -6.49164e-02
 -6.79966e-02 -7.10140e-02 -7.39662e-02 -7.68511e-02 -7.96667e-02 -8.24113e-02
 -8.50832e-02 -8.76805e-02 -9.02015e-02 -9.26444e-02 -9.50078e-02 -9.72902e-02
 -9.94906e-02 -1.01608e-01 -1.03641e-01 -1.05590e-01 -1.07451e-01 -1.09225e-01
 -1.10910e-01 -1.12506e-01 -1.14013e-01 -1.15432e-01 -1.16760e-01 -1.18000e-01
 -1.19150e-01 -1.20210e-01 -1.21182e-01 -1.22064e-01 -1.22857e-01 -1.23562e-01
 -1.24179e-01 -1.24709e-01 -1.25154e-01 -1.25514e-01 -1.25790e-01 -1.25985e-01
 -1.26097e-01 -1.26130e-01 -1.26082e-01 -1.25957e-01 -1.25755e-01 -1.25479e-01
 -1.25129e-01 -1.24708e-01 -1.24218e-01 -1.23660e-01 -1.23036e-01 -1.22346e-01
 -1.21594e-01 -1.20780e-01 -1.19908e-01 -1.18980e-01 -1.17996e-01 -1.16959e-01
 -1.15869e-01 -1.14730e-01 -1.13542e-01 -1.12308e-01 -1.11031e-01 -1.09712e-01
 -1.08353e-01 -1.06956e-01 -1.05522e-01 -1.04053e-01 -1.02551e-01 -1.01018e-01
 -9.94556e-02 -9.78654e-02 -9.62494e-02 -9.46087e-02 -9.29448e-02 -9.12590e-02
 -8.95526e-02 -8.78275e-02 -8.60850e-02 -8.43268e-02 -8.25545e-02 -8.07694e-02
 -7.89726e-02 -7.71650e-02 -7.53475e-02 -7.35215e-02 -7.16884e-02 -6.98491e-02
 -6.80043e-02 -6.61550e-02 -6.43020e-02 -6.24465e-02 -6.05899e-02 -5.87329e-02
 -5.68761e-02 -5.50199e-02 -5.31652e-02 -5.13131e-02 -4.94646e-02 -4.76203e-02
 -4.57806e-02 -4.39458e-02 -4.21166e-02 -4.02940e-02 -3.84789e-02 -3.66717e-02
 -3.48725e-02 -3.30816e-02 -3.12993e-02 -2.95261e-02 -2.77626e-02 -2.60094e-02
 -2.42671e-02 -2.25366e-02 -2.08183e-02 -1.91122e-02 -1.74181e-02 -1.57365e-02
 -1.40681e-02 -1.24137e-02 -1.07738e-02 -9.14834e-03 -7.53756e-03 -5.94166e-03
 -4.36098e-03 -2.79594e-03 -1.24708e-03  2.84921e-04  1.79937e-03  3.29582e-03
  4.77406e-03  6.23398e-03  7.67537e-03  9.09793e-03  1.05013e-02  1.18853e-02
  1.32495e-02  1.45933e-02  1.59163e-02  1.72178e-02  1.84975e-02  1.97552e-02
  2.09905e-02  2.22026e-02  2.33910e-02  2.45552e-02  2.56952e-02  2.68106e-02
  2.79009e-02  2.89655e-02  3.00039e-02  3.10158e-02  3.20012e-02  3.29597e-02
  3.38911e-02  3.47947e-02  3.56700e-02  3.65164e-02  3.73334e-02  3.81207e-02
  3.88783e-02  3.96058e-02  4.03032e-02  4.09700e-02  4.16057e-02  4.22104e-02
  4.27842e-02  4.33269e-02  4.38383e-02  4.43176e-02  4.47643e-02  4.51782e-02
  4.55596e-02  4.59084e-02  4.62248e-02  4.65086e-02  4.67599e-02  4.69787e-02
  4.71651e-02  4.73192e-02  4.74410e-02  4.75304e-02  4.75874e-02  4.76122e-02
  4.76049e-02  4.75656e-02  4.74945e-02  4.73919e-02  4.72580e-02  4.70928e-02
  4.68965e-02  4.66691e-02  4.64114e-02  4.61238e-02  4.58067e-02  4.54600e-02
  4.50841e-02  4.46795e-02  4.42467e-02  4.37861e-02  4.32979e-02  4.27820e-02
  4.22391e-02  4.16698e-02  4.10750e-02  4.04549e-02  3.98096e-02  3.91394e-02
  3.84450e-02  3.77272e-02  3.69866e-02  3.62236e-02  3.54388e-02  3.46330e-02
  3.38071e-02  3.29618e-02  3.20977e-02  3.12147e-02  3.03132e-02  2.93936e-02
  2.84569e-02  2.75044e-02  2.65371e-02  2.55555e-02  2.45603e-02  2.35517e-02
  2.25308e-02  2.14983e-02  2.04552e-02  1.94023e-02  1.83404e-02  1.72704e-02
  1.61932e-02  1.51096e-02  1.40206e-02  1.29267e-02  1.18289e-02  1.07281e-02
  9.62538e-03  8.52188e-03  7.41865e-03  6.31655e-03  5.21640e-03  4.11922e-03
  3.02621e-03  1.93862e-03  8.57453e-04 -2.16614e-04 -1.28291e-03 -2.34049e-03
 -3.38812e-03 -4.42457e-03 -5.44900e-03 -6.46071e-03 -7.45889e-03 -8.44233e-03
 -9.40968e-03 -1.03599e-02 -1.12922e-02 -1.22060e-02 -1.31001e-02 -1.39730e-02
 -1.48238e-02 -1.56517e-02 -1.64564e-02 -1.72374e-02 -1.79934e-02 -1.87231e-02
 -1.94255e-02 -2.00999e-02 -2.07459e-02 -2.13627e-02 -2.19491e-02 -2.25041e-02
 -2.30270e-02 -2.35176e-02 -2.39756e-02 -2.44004e-02 -2.47909e-02 -2.51461e-02
 -2.54655e-02 -2.57485e-02 -2.59950e-02 -2.62048e-02 -2.63774e-02 -2.65121e-02
 -2.66084e-02 -2.66657e-02 -2.66841e-02 -2.66632e-02 -2.66029e-02 -2.65026e-02
 -2.63616e-02 -2.61799e-02 -2.59578e-02 -2.56956e-02 -2.53932e-02 -2.50505e-02
 -2.46670e-02 -2.42426e-02 -2.37777e-02 -2.32728e-02 -2.27284e-02 -2.21448e-02
 -2.15220e-02 -2.08600e-02 -2.01588e-02 -1.94190e-02 -1.86411e-02 -1.78260e-02
 -1.69743e-02 -1.60863e-02 -1.51625e-02 -1.42037e-02 -1.32107e-02 -1.21844e-02
 -1.11255e-02 -1.00345e-02 -8.91216e-03 -7.75936e-03 -6.57714e-03 -5.36650e-03
 -4.12827e-03 -2.86330e-03 -1.57271e-03 -2.57886e-04  1.07984e-03  2.43940e-03
  3.82001e-03  5.22078e-03  6.64046e-03  8.07756e-03  9.53062e-03  1.09985e-02
  1.24800e-02  1.39740e-02  1.54789e-02  1.69930e-02  1.85148e-02  2.00434e-02
  2.15779e-02  2.31175e-02  2.46607e-02  2.62059e-02  2.77513e-02  2.92951e-02
  3.08360e-02  3.23727e-02  3.39042e-02  3.54295e-02  3.69475e-02  3.84567e-02
  3.99556e-02  4.14426e-02  4.29165e-02  4.43760e-02  4.58200e-02  4.72473e-02
  4.86565e-02  5.00464e-02  5.14161e-02  5.27644e-02  5.40904e-02  5.53926e-02
  5.66697e-02  5.79208e-02  5.91449e-02  6.03411e-02  6.15085e-02  6.26459e-02
  6.37523e-02  6.48268e-02  6.58691e-02  6.68783e-02  6.78538e-02  6.87942e-02
  6.96988e-02  7.05670e-02  7.13985e-02  7.21926e-02  7.29486e-02  7.36656e-02
  7.43434e-02  7.49818e-02  7.55806e-02  7.61391e-02  7.66568e-02  7.71334e-02
  7.75687e-02  7.79626e-02  7.83151e-02  7.86261e-02  7.88954e-02  7.91230e-02
  7.93086e-02  7.94519e-02  7.95528e-02  7.96117e-02  7.96288e-02  7.96046e-02
  7.95390e-02  7.94324e-02  7.92850e-02  7.90973e-02  7.88696e-02  7.86021e-02
  7.82952e-02  7.79490e-02  7.75641e-02  7.71407e-02  7.66794e-02  7.61807e-02
  7.56453e-02  7.50739e-02  7.44673e-02  7.38261e-02  7.31510e-02  7.24422e-02
  7.17005e-02  7.09266e-02  7.01216e-02  6.92862e-02  6.84210e-02  6.75265e-02
  6.66033e-02  6.56525e-02  6.46749e-02  6.36717e-02  6.26434e-02  6.15909e-02
  6.05148e-02  5.94157e-02  5.82945e-02  5.71520e-02  5.59894e-02  5.48075e-02
  5.36072e-02  5.23896e-02  5.11555e-02  4.99055e-02  4.86403e-02  4.73608e-02
  4.60679e-02  4.47627e-02  4.34461e-02  4.21191e-02  4.07824e-02  3.94368e-02
  3.80832e-02  3.67221e-02  3.53543e-02  3.39805e-02  3.26018e-02  3.12193e-02
  2.98340e-02  2.84468e-02  2.70587e-02  2.56705e-02  2.42827e-02  2.28958e-02
  2.15107e-02  2.01280e-02  1.87487e-02  1.73739e-02  1.60043e-02  1.46406e-02
  1.32839e-02  1.19350e-02  1.05950e-02  9.26424e-03  7.94308e-03  6.63184e-03
  5.33126e-03  4.04251e-03  2.76682e-03  1.50507e-03  2.57712e-04 -9.74951e-04
 -2.19245e-03 -3.39406e-03 -4.57890e-03 -5.74612e-03 -6.89504e-03 -8.02521e-03
 -9.13632e-03 -1.02280e-02 -1.12999e-02 -1.23511e-02 -1.33809e-02 -1.43889e-02
 -1.53747e-02 -1.63380e-02 -1.72782e-02 -1.81950e-02 -1.90878e-02 -1.99566e-02
 -2.08013e-02 -2.16215e-02 -2.24168e-02 -2.31863e-02 -2.39298e-02 -2.46472e-02
 -2.53384e-02 -2.60035e-02 -2.66422e-02 -2.72543e-02 -2.78394e-02 -2.83976e-02
 -2.89290e-02 -2.94340e-02 -2.99124e-02 -3.03639e-02 -3.07881e-02 -3.11850e-02
 -3.15550e-02 -3.18987e-02 -3.22163e-02 -3.25079e-02 -3.27732e-02 -3.30124e-02
 -3.32258e-02 -3.34139e-02 -3.35771e-02 -3.37159e-02 -3.38305e-02 -3.39210e-02
 -3.39875e-02 -3.40304e-02 -3.40501e-02 -3.40475e-02 -3.40233e-02 -3.39779e-02
 -3.39117e-02 -3.38251e-02 -3.37186e-02 -3.35928e-02 -3.34482e-02 -3.32854e-02
 -3.31052e-02 -3.29084e-02 -3.26959e-02 -3.24682e-02 -3.22254e-02 -3.19681e-02
 -3.16969e-02 -3.14128e-02 -3.11169e-02 -3.08101e-02 -3.04932e-02 -3.01668e-02
 -2.98312e-02 -2.94871e-02 -2.91352e-02 -2.87763e-02 -2.84113e-02 -2.80409e-02
 -2.76659e-02 -2.72871e-02 -2.69052e-02 -2.65210e-02 -2.61350e-02 -2.57479e-02
 -2.53605e-02 -2.49735e-02 -2.45875e-02 -2.42032e-02 -2.38211e-02 -2.34421e-02
 -2.30666e-02 -2.26952e-02 -2.23285e-02 -2.19670e-02 -2.16114e-02 -2.12625e-02
 -2.09208e-02 -2.05867e-02 -2.02606e-02 -1.99428e-02 -1.96340e-02 -1.93346e-02
 -1.90449e-02 -1.87652e-02 -1.84959e-02 -1.82372e-02 -1.79894e-02 -1.77532e-02
 -1.75290e-02 -1.73172e-02 -1.71177e-02 -1.69307e-02 -1.67563e-02 -1.65950e-02
 -1.64471e-02 -1.63125e-02 -1.61914e-02 -1.60839e-02 -1.59902e-02 -1.59103e-02
 -1.58442e-02 -1.57917e-02 -1.57530e-02 -1.57287e-02 -1.57188e-02 -1.57234e-02
 -1.57421e-02 -1.57747e-02 -1.58215e-02 -1.58825e-02 -1.59579e-02 -1.60473e-02
 -1.61502e-02 -1.62662e-02 -1.63952e-02 -1.65374e-02 -1.66931e-02 -1.68622e-02
 -1.70445e-02 -1.72398e-02 -1.74481e-02 -1.76691e-02 -1.79023e-02 -1.81473e-02
 -1.84036e-02 -1.86712e-02 -1.89505e-02 -1.92413e-02 -1.95432e-02 -1.98553e-02
 -2.01770e-02 -2.05081e-02 -2.08486e-02 -2.11986e-02 -2.15576e-02 -2.19252e-02
 -2.23008e-02 -2.26842e-02 -2.30749e-02 -2.34727e-02 -2.38771e-02 -2.42876e-02
 -2.47038e-02 -2.51251e-02 -2.55512e-02 -2.59816e-02 -2.64158e-02 -2.68533e-02
 -2.72936e-02 -2.77367e-02 -2.81821e-02 -2.86294e-02 -2.90780e-02 -2.95271e-02
 -2.99764e-02 -3.04252e-02 -3.08732e-02 -3.13197e-02 -3.17642e-02 -3.22062e-02
 -3.26454e-02 -3.30816e-02 -3.35147e-02 -3.39439e-02 -3.43685e-02 -3.47878e-02
 -3.52013e-02 -3.56086e-02 -3.60093e-02 -3.64029e-02 -3.67889e-02 -3.71669e-02
 -3.75371e-02 -3.78990e-02 -3.82522e-02 -3.85961e-02 -3.89302e-02 -3.92545e-02
 -3.95687e-02 -3.98727e-02 -4.01659e-02 -4.04479e-02 -4.07185e-02 -4.09773e-02
 -4.12243e-02 -4.14592e-02 -4.16817e-02 -4.18916e-02 -4.20885e-02 -4.22724e-02
 -4.24434e-02 -4.26018e-02 -4.27475e-02 -4.28800e-02 -4.29994e-02 -4.31056e-02
 -4.31987e-02 -4.32785e-02 -4.33447e-02 -4.33973e-02 -4.34362e-02 -4.34621e-02
 -4.34751e-02 -4.34750e-02 -4.34618e-02 -4.34356e-02 -4.33968e-02 -4.33455e-02
 -4.32816e-02 -4.32050e-02 -4.31155e-02 -4.30134e-02 -4.28989e-02 -4.27723e-02
 -4.26336e-02 -4.24831e-02 -4.23209e-02 -4.21474e-02 -4.19626e-02 -4.17666e-02
 -4.15595e-02 -4.13414e-02 -4.11125e-02 -4.08726e-02 -4.06219e-02 -4.03603e-02
 -4.00882e-02 -3.98056e-02 -3.95124e-02 -3.92086e-02 -3.88942e-02 -3.85693e-02
 -3.82340e-02 -3.78884e-02 -3.75327e-02 -3.71667e-02 -3.67904e-02 -3.64035e-02
 -3.60056e-02 -3.55967e-02 -3.51767e-02 -3.47457e-02 -3.43034e-02 -3.38496e-02
 -3.33841e-02 -3.29068e-02 -3.24173e-02 -3.19153e-02 -3.14003e-02 -3.08722e-02
 -3.03308e-02 -2.97760e-02 -2.92074e-02 -2.86243e-02 -2.80263e-02 -2.74131e-02
 -2.67844e-02 -2.61398e-02 -2.54789e-02 -2.48012e-02 -2.41063e-02 -2.33939e-02
 -2.26636e-02 -2.19150e-02 -2.11474e-02 -2.03606e-02 -1.95541e-02 -1.87275e-02
 -1.78802e-02 -1.70120e-02 -1.61223e-02 -1.52108e-02 -1.42769e-02 -1.33204e-02
 -1.23409e-02 -1.13385e-02 -1.03128e-02 -9.26360e-03 -8.19022e-03 -7.09226e-03
 -5.96960e-03 -4.82230e-03 -3.65035e-03 -2.45351e-03 -1.23135e-03  1.63950e-05
  1.28969e-03  2.58827e-03  3.91192e-03  5.26062e-03  6.63438e-03  8.03304e-03
  9.45623e-03  1.09036e-02  1.23748e-02  1.38700e-02  1.53890e-02  1.69314e-02
  1.84966e-02  2.00841e-02  2.16933e-02  2.33239e-02  2.49755e-02  2.66473e-02
  2.83385e-02  3.00483e-02  3.17758e-02  3.35204e-02  3.52814e-02  3.70582e-02
  3.88498e-02  4.06551e-02  4.24730e-02  4.43024e-02  4.61424e-02  4.79922e-02
  4.98505e-02  5.17163e-02  5.35883e-02  5.54651e-02  5.73456e-02  5.92285e-02
  6.11126e-02  6.29968e-02  6.48797e-02  6.67602e-02  6.86368e-02  7.05081e-02
  7.23728e-02  7.42293e-02  7.60763e-02  7.79124e-02  7.97364e-02  8.15469e-02
  8.33422e-02  8.51210e-02  8.68816e-02  8.86228e-02  9.03430e-02  9.20409e-02
  9.37152e-02  9.53644e-02  9.69874e-02  9.85829e-02  1.00149e-01  1.01685e-01
  1.03189e-01  1.04659e-01  1.06095e-01  1.07494e-01  1.08857e-01  1.10181e-01
  1.11465e-01  1.12708e-01  1.13909e-01  1.15068e-01  1.16182e-01  1.17251e-01
  1.18273e-01  1.19247e-01  1.20173e-01  1.21049e-01  1.21875e-01  1.22650e-01
  1.23372e-01  1.24041e-01  1.24657e-01  1.25218e-01  1.25725e-01  1.26175e-01
  1.26570e-01  1.26907e-01  1.27186e-01  1.27408e-01  1.27571e-01  1.27675e-01
  1.27719e-01  1.27704e-01  1.27630e-01  1.27495e-01  1.27300e-01  1.27046e-01
  1.26731e-01  1.26355e-01  1.25920e-01  1.25424e-01  1.24868e-01  1.24253e-01
  1.23577e-01  1.22843e-01  1.22050e-01  1.21198e-01  1.20288e-01  1.19320e-01
  1.18295e-01  1.17213e-01  1.16076e-01  1.14883e-01  1.13634e-01  1.12332e-01
  1.10976e-01  1.09568e-01  1.08108e-01  1.06599e-01  1.05039e-01  1.03431e-01
  1.01776e-01  1.00073e-01  9.83260e-02  9.65341e-02  9.46988e-02  9.28214e-02
  9.09032e-02  8.89455e-02  8.69495e-02  8.49166e-02  8.28482e-02  8.07458e-02
  7.86110e-02  7.64450e-02  7.42492e-02  7.20250e-02  6.97740e-02  6.74979e-02
  6.51980e-02  6.28757e-02  6.05325e-02  5.81701e-02  5.57902e-02  5.33942e-02
  5.09837e-02  4.85601e-02  4.61252e-02  4.36807e-02  4.12282e-02  3.87691e-02
  3.63049e-02  3.38373e-02  3.13679e-02  2.88984e-02  2.64302e-02  2.39648e-02
  2.15034e-02  1.90476e-02  1.65991e-02  1.41593e-02  1.17296e-02  9.31108e-03
  6.90503e-03  4.51279e-03  2.13585e-03 -2.24359e-04 -2.56652e-03 -4.88951e-03
 -7.19224e-03 -9.47358e-03 -1.17323e-02 -1.39673e-02 -1.61774e-02 -1.83619e-02
 -2.05198e-02 -2.26500e-02 -2.47515e-02 -2.68234e-02 -2.88650e-02 -3.08755e-02
 -3.28542e-02 -3.48004e-02 -3.67132e-02 -3.85922e-02 -4.04367e-02 -4.22460e-02
 -4.40195e-02 -4.57566e-02 -4.74568e-02 -4.91198e-02 -5.07454e-02 -5.23329e-02
 -5.38821e-02 -5.53924e-02 -5.68636e-02 -5.82954e-02 -5.96875e-02 -6.10397e-02
 -6.23516e-02 -6.36231e-02 -6.48541e-02 -6.60443e-02 -6.71938e-02 -6.83023e-02
 -6.93698e-02 -7.03962e-02 -7.13814e-02 -7.23253e-02 -7.32277e-02 -7.40888e-02
 -7.49084e-02 -7.56867e-02 -7.64234e-02 -7.71185e-02 -7.77720e-02 -7.83839e-02
 -7.89544e-02 -7.94838e-02 -7.99720e-02 -8.04188e-02 -8.08241e-02 -8.11878e-02
 -8.15102e-02 -8.17914e-02 -8.20316e-02 -8.22307e-02 -8.23887e-02 -8.25054e-02
 -8.25812e-02 -8.26164e-02 -8.26113e-02 -8.25658e-02 -8.24797e-02 -8.23528e-02
 -8.21854e-02 -8.19777e-02 -8.17302e-02 -8.14429e-02 -8.11157e-02 -8.07487e-02
 -8.03420e-02 -7.98960e-02 -7.94109e-02 -7.88869e-02 -7.83242e-02 -7.77231e-02
 -7.70838e-02 -7.64067e-02 -7.56919e-02 -7.49395e-02 -7.41500e-02 -7.33237e-02
 -7.24610e-02 -7.15622e-02 -7.06274e-02 -6.96572e-02 -6.86520e-02 -6.76124e-02
 -6.65390e-02 -6.54324e-02 -6.42931e-02 -6.31214e-02 -6.19179e-02 -6.06830e-02
 -5.94175e-02 -5.81221e-02 -5.67974e-02 -5.54442e-02 -5.40629e-02 -5.26543e-02
 -5.12193e-02 -4.97591e-02 -4.82744e-02 -4.67659e-02 -4.52344e-02 -4.36808e-02
 -4.21062e-02 -4.05118e-02 -3.88983e-02 -3.72664e-02 -3.56171e-02 -3.39515e-02
 -3.22711e-02 -3.05770e-02 -2.88704e-02 -2.71520e-02 -2.54226e-02 -2.36836e-02
 -2.19363e-02 -2.01822e-02 -1.84224e-02 -1.66578e-02 -1.48896e-02 -1.31192e-02
 -1.13480e-02 -9.57723e-03 -7.80798e-03 -6.04139e-03 -4.27881e-03 -2.52167e-03
 -7.71369e-04  9.70862e-04  2.70387e-03  4.42650e-03  6.13752e-03  7.83570e-03
  9.51970e-03  1.11882e-02  1.28400e-02  1.44740e-02  1.60891e-02  1.76839e-02
  1.92572e-02  2.08077e-02  2.23343e-02  2.38359e-02  2.53114e-02  2.67594e-02
  2.81790e-02  2.95690e-02  3.09286e-02  3.22565e-02  3.35519e-02  3.48135e-02
  3.60406e-02  3.72323e-02  3.83877e-02  3.95060e-02  4.05859e-02  4.16266e-02
  4.26273e-02  4.35873e-02  4.45058e-02  4.53822e-02  4.62158e-02  4.70058e-02
  4.77516e-02  4.84524e-02  4.91078e-02  4.97172e-02  5.02801e-02  5.07959e-02
  5.12640e-02  5.16838e-02  5.20548e-02  5.23767e-02  5.26492e-02  5.28721e-02
  5.30451e-02  5.31680e-02  5.32406e-02  5.32627e-02  5.32342e-02  5.31548e-02
  5.30246e-02  5.28433e-02  5.26111e-02  5.23277e-02  5.19934e-02  5.16082e-02
  5.11726e-02  5.06866e-02  5.01506e-02  4.95647e-02  4.89290e-02  4.82440e-02
  4.75100e-02  4.67275e-02  4.58970e-02  4.50190e-02  4.40942e-02  4.31229e-02
  4.21057e-02  4.10435e-02  3.99374e-02  3.87883e-02  3.75968e-02  3.63636e-02
  3.50894e-02  3.37751e-02  3.24220e-02  3.10314e-02  2.96044e-02  2.81419e-02
  2.66450e-02  2.51149e-02  2.35529e-02  2.19602e-02  2.03384e-02  1.86888e-02
  1.70128e-02  1.53120e-02  1.35880e-02  1.18423e-02  1.00766e-02  8.29241e-03
  6.49119e-03  4.67441e-03  2.84380e-03  1.00127e-03 -8.51311e-04 -2.71225e-03
 -4.58001e-03 -6.45292e-03 -8.32909e-03 -1.02064e-02 -1.20829e-02 -1.39568e-02
 -1.58263e-02 -1.76897e-02 -1.95451e-02 -2.13907e-02 -2.32245e-02 -2.50447e-02
 -2.68494e-02 -2.86366e-02 -3.04045e-02 -3.21515e-02 -3.38757e-02 -3.55752e-02
 -3.72483e-02 -3.88930e-02 -4.05077e-02 -4.20909e-02 -4.36408e-02 -4.51558e-02
 -4.66339e-02 -4.80738e-02 -4.94740e-02 -5.08330e-02 -5.21494e-02 -5.34217e-02
 -5.46487e-02 -5.58290e-02 -5.69612e-02 -5.80439e-02 -5.90761e-02 -6.00567e-02
 -6.09847e-02 -6.18592e-02 -6.26790e-02 -6.34436e-02 -6.41520e-02 -6.48037e-02
 -6.53979e-02 -6.59338e-02 -6.64107e-02 -6.68282e-02 -6.71859e-02 -6.74835e-02
 -6.77205e-02 -6.78969e-02 -6.80124e-02 -6.80672e-02 -6.80612e-02 -6.79944e-02
 -6.78670e-02 -6.76790e-02 -6.74307e-02 -6.71226e-02 -6.67548e-02 -6.63280e-02
 -6.58426e-02 -6.52994e-02 -6.46990e-02 -6.40421e-02 -6.33293e-02 -6.25613e-02
 -6.17389e-02 -6.08632e-02 -5.99353e-02 -5.89565e-02 -5.79279e-02 -5.68508e-02
 -5.57261e-02 -5.45552e-02 -5.33393e-02 -5.20798e-02 -5.07782e-02 -4.94361e-02
 -4.80547e-02 -4.66356e-02 -4.51804e-02 -4.36908e-02 -4.21684e-02 -4.06148e-02
 -3.90319e-02 -3.74212e-02 -3.57847e-02 -3.41239e-02 -3.24407e-02 -3.07370e-02
 -2.90147e-02 -2.72757e-02 -2.55218e-02 -2.37549e-02 -2.19769e-02 -2.01898e-02
 -1.83953e-02 -1.65952e-02 -1.47916e-02 -1.29863e-02 -1.11813e-02 -9.37860e-03
 -7.57997e-03 -5.78731e-03 -4.00252e-03 -2.22750e-03 -4.64073e-04  1.28597e-03
  3.02082e-03  4.73863e-03  6.43765e-03  8.11622e-03  9.77275e-03  1.14056e-02
  1.30129e-02  1.45930e-02  1.61440e-02  1.76645e-02  1.91532e-02  2.06086e-02
  2.20294e-02  2.34141e-02  2.47612e-02  2.60694e-02  2.73376e-02  2.85644e-02
  2.97487e-02  3.08895e-02  3.19856e-02  3.30362e-02  3.40399e-02  3.49960e-02
  3.59036e-02  3.67620e-02  3.75706e-02  3.83284e-02  3.90349e-02  3.96893e-02
  4.02914e-02  4.08408e-02  4.13371e-02  4.17799e-02  4.21690e-02  4.25042e-02
  4.27852e-02  4.30121e-02  4.31847e-02  4.33033e-02  4.33678e-02  4.33782e-02
  4.33346e-02  4.32373e-02  4.30866e-02  4.28832e-02  4.26275e-02  4.23201e-02
  4.19615e-02  4.15522e-02  4.10927e-02  4.05835e-02  4.00253e-02  3.94188e-02
  3.87653e-02  3.80657e-02  3.73209e-02  3.65319e-02  3.56994e-02  3.48246e-02
  3.39087e-02  3.29528e-02  3.19582e-02  3.09259e-02  2.98570e-02  2.87528e-02
  2.76146e-02  2.64436e-02  2.52413e-02  2.40090e-02  2.27480e-02  2.14597e-02
  2.01455e-02  1.88072e-02  1.74463e-02  1.60643e-02  1.46623e-02  1.32417e-02
  1.18039e-02  1.03508e-02  8.88401e-03  7.40511e-03  5.91540e-03  4.41625e-03
  2.90919e-03  1.39587e-03 -1.22035e-04 -1.64294e-03 -3.16538e-03 -4.68793e-03
 -6.20911e-03 -7.72738e-03 -9.24115e-03 -1.07489e-02 -1.22491e-02 -1.37406e-02
 -1.52218e-02 -1.66915e-02 -1.81481e-02 -1.95901e-02 -2.10163e-02 -2.24253e-02
 -2.38156e-02 -2.51861e-02 -2.65354e-02 -2.78624e-02 -2.91656e-02 -3.04438e-02
 -3.16957e-02 -3.29202e-02 -3.41163e-02 -3.52828e-02 -3.64186e-02 -3.75228e-02
 -3.85941e-02 -3.96316e-02 -4.06343e-02 -4.16012e-02 -4.25316e-02 -4.34247e-02
 -4.42798e-02 -4.50958e-02 -4.58721e-02 -4.66077e-02 -4.73020e-02 -4.79544e-02
 -4.85643e-02 -4.91311e-02 -4.96543e-02 -5.01332e-02 -5.05675e-02 -5.09568e-02
 -5.13009e-02 -5.15994e-02 -5.18519e-02 -5.20581e-02 -5.22177e-02 -5.23304e-02
 -5.23962e-02 -5.24151e-02 -5.23869e-02 -5.23117e-02 -5.21895e-02 -5.20204e-02
 -5.18045e-02 -5.15420e-02 -5.12329e-02 -5.08775e-02 -5.04760e-02 -5.00289e-02
 -4.95365e-02 -4.89991e-02 -4.84173e-02 -4.77914e-02 -4.71221e-02 -4.64101e-02
 -4.56559e-02 -4.48601e-02 -4.40233e-02 -4.31461e-02 -4.22291e-02 -4.12732e-02
 -4.02793e-02 -3.92484e-02 -3.81812e-02 -3.70787e-02 -3.59414e-02 -3.47704e-02
 -3.35668e-02 -3.23318e-02 -3.10664e-02 -2.97716e-02 -2.84486e-02 -2.70981e-02
 -2.57215e-02 -2.43197e-02 -2.28942e-02 -2.14463e-02 -1.99771e-02 -1.84878e-02
 -1.69797e-02 -1.54539e-02 -1.39115e-02 -1.23539e-02 -1.07825e-02 -9.19864e-03
 -7.60360e-03 -5.99847e-03 -4.38439e-03 -2.76265e-03 -1.13470e-03  4.98007e-04
  2.13422e-03  3.77282e-03  5.41259e-03  7.05219e-03  8.69030e-03  1.03257e-02
  1.19575e-02  1.35844e-02  1.52054e-02  1.68189e-02  1.84239e-02  2.00192e-02
  2.16040e-02  2.31772e-02  2.47376e-02  2.62842e-02  2.78159e-02  2.93318e-02
  3.08310e-02  3.23124e-02  3.37752e-02  3.52186e-02  3.66417e-02  3.80438e-02
  3.94241e-02  4.07821e-02  4.21168e-02  4.34277e-02  4.47140e-02  4.59752e-02
  4.72106e-02  4.84197e-02  4.96021e-02  5.07573e-02  5.18847e-02  5.29840e-02
  5.40546e-02  5.50965e-02  5.61092e-02  5.70926e-02  5.80463e-02  5.89699e-02
  5.98630e-02  6.07254e-02  6.15570e-02  6.23579e-02  6.31278e-02  6.38666e-02
  6.45744e-02  6.52509e-02  6.58963e-02  6.65104e-02  6.70930e-02  6.76442e-02
  6.81641e-02  6.86529e-02  6.91107e-02  6.95374e-02  6.99328e-02  7.02970e-02
  7.06302e-02  7.09326e-02  7.12041e-02  7.14448e-02  7.16550e-02  7.18349e-02
  7.19845e-02  7.21040e-02  7.21933e-02  7.22524e-02  7.22814e-02  7.22806e-02
  7.22502e-02  7.21902e-02  7.21006e-02  7.19816e-02  7.18332e-02  7.16557e-02
  7.14491e-02  7.12135e-02  7.09487e-02  7.06549e-02  7.03320e-02  6.99801e-02
  6.95994e-02  6.91899e-02  6.87520e-02  6.82854e-02  6.77902e-02  6.72661e-02
  6.67131e-02  6.61314e-02  6.55212e-02  6.48822e-02  6.42145e-02  6.35179e-02
  6.27926e-02  6.20389e-02  6.12566e-02  6.04457e-02  5.96058e-02  5.87369e-02
  5.78392e-02  5.69127e-02  5.59577e-02  5.49738e-02  5.39611e-02  5.29196e-02
  5.18493e-02  5.07504e-02  4.96230e-02  4.84672e-02  4.72829e-02  4.60703e-02
  4.48295e-02  4.35605e-02  4.22634e-02  4.09384e-02  3.95858e-02  3.82058e-02
  3.67986e-02  3.53643e-02  3.39031e-02  3.24153e-02  3.09014e-02  2.93618e-02
  2.77969e-02  2.62070e-02  2.45924e-02  2.29538e-02  2.12917e-02  1.96064e-02
  1.78986e-02  1.61685e-02  1.44168e-02  1.26443e-02  1.08518e-02  9.03991e-03
  7.20942e-03  5.36096e-03  3.49530e-03  1.61322e-03 -2.84458e-04 -2.19684e-03
 -4.12298e-03 -6.06182e-03 -8.01235e-03 -9.97358e-03 -1.19445e-02 -1.39243e-02
 -1.59117e-02 -1.79057e-02 -1.99052e-02 -2.19089e-02 -2.39157e-02 -2.59244e-02
 -2.79341e-02 -2.99433e-02 -3.19509e-02 -3.39554e-02 -3.59556e-02 -3.79501e-02
 -3.99379e-02 -4.19178e-02 -4.38884e-02 -4.58483e-02 -4.77959e-02 -4.97301e-02
 -5.16496e-02 -5.35532e-02 -5.54396e-02 -5.73073e-02 -5.91548e-02 -6.09809e-02
 -6.27843e-02 -6.45640e-02 -6.63188e-02 -6.80473e-02 -6.97484e-02 -7.14207e-02
 -7.30630e-02 -7.46740e-02 -7.62524e-02 -7.77973e-02 -7.93076e-02 -8.07823e-02
 -8.22201e-02 -8.36200e-02 -8.49808e-02 -8.63017e-02 -8.75817e-02 -8.88201e-02
 -9.00161e-02 -9.11688e-02 -9.22772e-02 -9.33405e-02 -9.43580e-02 -9.53291e-02
 -9.62531e-02 -9.71294e-02 -9.79574e-02 -9.87362e-02 -9.94656e-02 -1.00145e-01
 -1.00774e-01 -1.01353e-01 -1.01881e-01 -1.02357e-01 -1.02783e-01 -1.03156e-01
 -1.03477e-01 -1.03747e-01 -1.03964e-01 -1.04129e-01 -1.04242e-01 -1.04303e-01
 -1.04312e-01 -1.04269e-01 -1.04174e-01 -1.04027e-01 -1.03830e-01 -1.03581e-01
 -1.03282e-01 -1.02932e-01 -1.02532e-01 -1.02083e-01 -1.01585e-01 -1.01038e-01
 -1.00442e-01 -9.97991e-02 -9.91088e-02 -9.83721e-02 -9.75896e-02 -9.67619e-02
 -9.58900e-02 -9.49745e-02 -9.40161e-02 -9.30154e-02 -9.19732e-02 -9.08903e-02
 -8.97675e-02 -8.86058e-02 -8.74058e-02 -8.61682e-02 -8.48941e-02 -8.35846e-02
 -8.22406e-02 -8.08631e-02 -7.94528e-02 -7.80106e-02 -7.65374e-02 -7.50343e-02
 -7.35023e-02 -7.19425e-02 -7.03557e-02 -6.87426e-02 -6.71044e-02 -6.54421e-02
 -6.37568e-02 -6.20495e-02 -6.03211e-02 -5.85728e-02 -5.68055e-02 -5.50203e-02
 -5.32181e-02 -5.13997e-02 -4.95661e-02 -4.77181e-02 -4.58570e-02 -4.39838e-02
 -4.20996e-02 -4.02052e-02 -3.83016e-02 -3.63897e-02 -3.44703e-02 -3.25446e-02
 -3.06133e-02 -2.86775e-02 -2.67380e-02 -2.47957e-02 -2.28515e-02 -2.09063e-02
 -1.89609e-02 -1.70163e-02 -1.50732e-02 -1.31323e-02 -1.11945e-02 -9.26063e-03
 -7.33154e-03 -5.40811e-03 -3.49111e-03 -1.58121e-03  3.20965e-04  2.21468e-03
  4.09913e-03  5.97355e-03  7.83729e-03  9.68987e-03  1.15307e-02  1.33591e-02
  1.51745e-02  1.69761e-02  1.87636e-02  2.05364e-02  2.22938e-02  2.40352e-02
  2.57600e-02  2.74679e-02  2.91582e-02  3.08307e-02  3.24849e-02  3.41204e-02
  3.57369e-02  3.73341e-02  3.89115e-02  4.04686e-02  4.20050e-02  4.35206e-02
  4.50151e-02  4.64882e-02  4.79398e-02  4.93694e-02  5.07767e-02  5.21616e-02
  5.35240e-02  5.48636e-02  5.61803e-02  5.74740e-02  5.87444e-02  5.99914e-02
  6.12150e-02  6.24149e-02  6.35911e-02  6.47433e-02  6.58716e-02  6.69758e-02
  6.80561e-02  6.91126e-02  7.01453e-02  7.11540e-02  7.21386e-02  7.30991e-02
  7.40354e-02  7.49475e-02  7.58355e-02  7.66996e-02  7.75399e-02  7.83563e-02
  7.91487e-02  7.99172e-02  8.06615e-02  8.13819e-02  8.20783e-02  8.27510e-02
  8.34002e-02  8.40258e-02  8.46280e-02  8.52065e-02  8.57612e-02  8.62924e-02
  8.68000e-02  8.72842e-02  8.77449e-02  8.81819e-02  8.85954e-02  8.89855e-02
  8.93523e-02  8.96960e-02  9.00163e-02  9.03131e-02  9.05865e-02  9.08367e-02
  9.10638e-02  9.12675e-02  9.14478e-02  9.16043e-02  9.17372e-02  9.18466e-02
  9.19326e-02  9.19950e-02  9.20337e-02  9.20485e-02  9.20395e-02  9.20066e-02
  9.19501e-02  9.18698e-02  9.17655e-02  9.16370e-02  9.14843e-02  9.13075e-02
  9.11066e-02  9.08814e-02  9.06319e-02  9.03580e-02  9.00596e-02  8.97367e-02
  8.93893e-02  8.90175e-02  8.86213e-02  8.82008e-02  8.77560e-02  8.72866e-02
  8.67927e-02  8.62745e-02  8.57320e-02  8.51653e-02  8.45744e-02  8.39593e-02
  8.33200e-02  8.26567e-02  8.19696e-02  8.12592e-02  8.05255e-02  7.97687e-02
  7.89891e-02  7.81867e-02  7.73620e-02  7.65151e-02  7.56466e-02  7.47567e-02
  7.38455e-02  7.29134e-02  7.19606e-02  7.09875e-02  6.99948e-02  6.89830e-02
  6.79526e-02  6.69041e-02  6.58379e-02  6.47548e-02  6.36553e-02  6.25401e-02
  6.14099e-02  6.02650e-02  5.91061e-02  5.79337e-02  5.67488e-02  5.55520e-02
  5.43443e-02  5.31263e-02  5.18988e-02  5.06625e-02  4.94182e-02  4.81668e-02
  4.69094e-02  4.56468e-02  4.43798e-02  4.31091e-02  4.18356e-02  4.05603e-02
  3.92843e-02  3.80085e-02  3.67337e-02  3.54610e-02  3.41911e-02  3.29252e-02
  3.16642e-02  3.04089e-02  2.91604e-02  2.79195e-02  2.66874e-02  2.54649e-02
  2.42530e-02  2.30526e-02  2.18645e-02  2.06897e-02  1.95291e-02  1.83836e-02
  1.72540e-02  1.61412e-02  1.50461e-02  1.39696e-02  1.29124e-02  1.18753e-02
  1.08589e-02  9.86405e-03  8.89136e-03  7.94164e-03  7.01567e-03  6.11412e-03
  5.23753e-03  4.38635e-03  3.56099e-03  2.76196e-03  1.98981e-03  1.24503e-03
  5.27959e-04 -1.61124e-04 -8.21918e-04 -1.45403e-03 -2.05706e-03 -2.63076e-03
 -3.17508e-03 -3.69006e-03 -4.17571e-03 -4.63195e-03 -5.05862e-03 -5.45568e-03
 -5.82325e-03 -6.16162e-03 -6.47116e-03 -6.75213e-03 -7.00465e-03 -7.22886e-03
 -7.42503e-03 -7.59364e-03 -7.73524e-03 -7.85036e-03 -7.93949e-03 -8.00323e-03
 -8.04230e-03 -8.05745e-03 -8.04933e-03 -8.01854e-03 -7.96578e-03 -7.89190e-03
 -7.79783e-03 -7.68453e-03 -7.55290e-03 -7.40388e-03 -7.23850e-03 -7.05788e-03
 -6.86313e-03 -6.65538e-03 -6.43574e-03 -6.20532e-03 -5.96522e-03 -5.71663e-03
 -5.46080e-03 -5.19899e-03 -4.93243e-03 -4.66232e-03 -4.38989e-03 -4.11654e-03
 -3.84367e-03 -3.57269e-03 -3.30484e-03 -3.04140e-03 -2.78371e-03 -2.53322e-03
 -2.29134e-03 -2.05941e-03 -1.83865e-03 -1.63028e-03 -1.43560e-03 -1.25590e-03
 -1.09248e-03 -9.46647e-04 -8.19695e-04 -7.12908e-04 -6.27547e-04 -5.64820e-04
 -5.25869e-04 -5.11781e-04 -5.23631e-04 -5.62510e-04 -6.29551e-04 -7.25822e-04
 -8.52270e-04 -1.00974e-03 -1.19903e-03 -1.42102e-03 -1.67665e-03 -1.96675e-03
 -2.29213e-03 -2.65339e-03 -3.05117e-03 -3.48604e-03 -3.95857e-03 -4.46933e-03
 -5.01879e-03 -5.60734e-03 -6.23528e-03 -6.90283e-03 -7.61016e-03 -8.35754e-03
 -9.14515e-03 -9.97310e-03 -1.08414e-02 -1.17500e-02 -1.26986e-02 -1.36871e-02
 -1.47154e-02 -1.57833e-02 -1.68904e-02 -1.80364e-02 -1.92210e-02 -2.04435e-02
 -2.17035e-02 -2.30003e-02 -2.43333e-02 -2.57017e-02 -2.71049e-02 -2.85420e-02
 -3.00122e-02 -3.15148e-02 -3.30486e-02 -3.46127e-02 -3.62060e-02 -3.78274e-02
 -3.94761e-02 -4.11507e-02 -4.28501e-02 -4.45727e-02 -4.63173e-02 -4.80825e-02
 -4.98673e-02 -5.16702e-02 -5.34897e-02 -5.53242e-02 -5.71722e-02 -5.90323e-02
 -6.09030e-02 -6.27830e-02 -6.46703e-02 -6.65633e-02 -6.84604e-02 -7.03599e-02
 -7.22603e-02 -7.41600e-02 -7.60571e-02 -7.79498e-02 -7.98363e-02 -8.17150e-02
 -8.35843e-02 -8.54424e-02 -8.72878e-02 -8.91187e-02 -9.09333e-02 -9.27298e-02
 -9.45067e-02 -9.62623e-02 -9.79948e-02 -9.97025e-02 -1.01383e-01 -1.03036e-01
 -1.04659e-01 -1.06251e-01 -1.07810e-01 -1.09335e-01 -1.10823e-01 -1.12273e-01
 -1.13685e-01 -1.15056e-01 -1.16386e-01 -1.17672e-01 -1.18913e-01 -1.20109e-01
 -1.21257e-01 -1.22357e-01 -1.23407e-01 -1.24406e-01 -1.25353e-01 -1.26247e-01
 -1.27087e-01 -1.27872e-01 -1.28601e-01 -1.29272e-01 -1.29886e-01 -1.30441e-01
 -1.30937e-01 -1.31372e-01 -1.31747e-01 -1.32059e-01 -1.32310e-01 -1.32499e-01
 -1.32624e-01 -1.32686e-01 -1.32683e-01 -1.32617e-01 -1.32486e-01 -1.32290e-01
 -1.32029e-01 -1.31704e-01 -1.31313e-01 -1.30858e-01 -1.30337e-01 -1.29751e-01
 -1.29100e-01 -1.28385e-01 -1.27605e-01 -1.26761e-01 -1.25853e-01 -1.24881e-01
 -1.23847e-01 -1.22749e-01 -1.21590e-01 -1.20369e-01 -1.19087e-01 -1.17744e-01
 -1.16342e-01 -1.14880e-01 -1.13361e-01 -1.11784e-01 -1.10150e-01 -1.08460e-01
 -1.06715e-01 -1.04916e-01 -1.03065e-01 -1.01162e-01 -9.92071e-02 -9.72027e-02
 -9.51494e-02 -9.30485e-02 -9.09013e-02 -8.87088e-02 -8.64721e-02 -8.41924e-02
 -8.18709e-02 -7.95088e-02 -7.71078e-02 -7.46692e-02 -7.21944e-02 -6.96847e-02
 -6.71414e-02 -6.45659e-02 -6.19595e-02 -5.93238e-02 -5.66600e-02 -5.39697e-02
 -5.12545e-02 -4.85158e-02 -4.57552e-02 -4.29743e-02 -4.01744e-02 -3.73572e-02
 -3.45241e-02 -3.16767e-02 -2.88164e-02 -2.59451e-02 -2.30641e-02 -2.01752e-02
 -1.72797e-02 -1.43791e-02 -1.14749e-02 -8.56889e-03 -5.66272e-03 -2.75791e-03
  1.44158e-04  3.04207e-03  5.93421e-03  8.81886e-03  1.16944e-02  1.45593e-02
  1.74124e-02  2.02522e-02  2.30772e-02  2.58855e-02  2.86757e-02  3.14464e-02
  3.41966e-02  3.69249e-02  3.96296e-02  4.23094e-02  4.49627e-02  4.75885e-02
  5.01855e-02  5.27523e-02  5.52876e-02  5.77901e-02  6.02586e-02  6.26921e-02
  6.50895e-02  6.74496e-02  6.97711e-02  7.20530e-02  7.42943e-02  7.64939e-02
  7.86510e-02  8.07646e-02  8.28339e-02  8.48579e-02  8.68357e-02  8.87668e-02
  9.06502e-02  9.24853e-02  9.42715e-02  9.60079e-02  9.76938e-02  9.93288e-02
  1.00912e-01  1.02444e-01  1.03924e-01  1.05351e-01  1.06724e-01  1.08045e-01
  1.09311e-01  1.10524e-01  1.11683e-01  1.12788e-01  1.13838e-01  1.14834e-01
  1.15775e-01  1.16662e-01  1.17494e-01  1.18272e-01  1.18996e-01  1.19666e-01
  1.20282e-01  1.20845e-01  1.21355e-01  1.21812e-01  1.22216e-01  1.22569e-01
  1.22869e-01  1.23119e-01  1.23318e-01  1.23466e-01  1.23565e-01  1.23616e-01
  1.23617e-01  1.23572e-01  1.23479e-01  1.23340e-01  1.23155e-01  1.22926e-01
  1.22653e-01  1.22337e-01  1.21978e-01  1.21578e-01  1.21137e-01  1.20657e-01
  1.20138e-01  1.19581e-01  1.18987e-01  1.18357e-01  1.17692e-01  1.16993e-01
  1.16260e-01  1.15496e-01  1.14700e-01  1.13874e-01  1.13018e-01  1.12135e-01
  1.11224e-01  1.10286e-01  1.09324e-01  1.08337e-01  1.07327e-01  1.06294e-01
  1.05240e-01  1.04165e-01  1.03071e-01  1.01958e-01  1.00828e-01  9.96806e-02
  9.85174e-02  9.73391e-02  9.61465e-02  9.49406e-02  9.37222e-02  9.24920e-02
  9.12506e-02  8.99990e-02  8.87379e-02  8.74683e-02  8.61907e-02  8.49059e-02
  8.36143e-02  8.23168e-02  8.10138e-02  7.97060e-02  7.83941e-02  7.70786e-02
  7.57601e-02  7.44388e-02  7.31153e-02  7.17902e-02  7.04641e-02  6.91372e-02
  6.78101e-02  6.64830e-02  6.51562e-02  6.38299e-02  6.25046e-02  6.11805e-02
  5.98578e-02  5.85367e-02  5.72175e-02  5.59004e-02  5.45856e-02  5.32733e-02
  5.19636e-02  5.06566e-02  4.93523e-02  4.80510e-02  4.67526e-02  4.54573e-02
  4.41649e-02  4.28754e-02  4.15888e-02  4.03053e-02  3.90248e-02  3.77471e-02
  3.64722e-02  3.51999e-02  3.39304e-02  3.26636e-02  3.13996e-02  3.01379e-02
  2.88783e-02  2.76208e-02  2.63653e-02  2.51119e-02  2.38603e-02  2.26104e-02
  2.13618e-02  2.01145e-02  1.88683e-02  1.76233e-02  1.63793e-02  1.51359e-02
  1.38930e-02  1.26504e-02  1.14081e-02  1.01661e-02  8.92394e-03  7.68155e-03
  6.43872e-03  5.19540e-03  3.95156e-03  2.70710e-03  1.46183e-03  2.15627e-04
 -1.03153e-03 -2.27961e-03 -3.52866e-03 -4.77885e-03 -6.03035e-03 -7.28324e-03
 -8.53747e-03 -9.79296e-03 -1.10497e-02 -1.23078e-02 -1.35673e-02 -1.48282e-02
 -1.60905e-02 -1.73540e-02 -1.86187e-02 -1.98844e-02 -2.11510e-02 -2.24186e-02
 -2.36869e-02 -2.49559e-02 -2.62254e-02 -2.74951e-02 -2.87649e-02 -3.00344e-02
 -3.13035e-02 -3.25721e-02 -3.38399e-02 -3.51066e-02 -3.63720e-02 -3.76358e-02
 -3.88976e-02 -4.01572e-02 -4.14142e-02 -4.26680e-02 -4.39186e-02 -4.51655e-02
 -4.64084e-02 -4.76469e-02 -4.88804e-02 -5.01084e-02 -5.13305e-02 -5.25463e-02
 -5.37555e-02 -5.49574e-02 -5.61515e-02 -5.73372e-02 -5.85141e-02 -5.96818e-02
 -6.08397e-02 -6.19873e-02 -6.31239e-02 -6.42490e-02 -6.53620e-02 -6.64624e-02
 -6.75495e-02 -6.86228e-02 -6.96815e-02 -7.07250e-02 -7.17527e-02 -7.27640e-02
 -7.37584e-02 -7.47351e-02 -7.56936e-02 -7.66333e-02 -7.75536e-02 -7.84538e-02
 -7.93332e-02 -8.01914e-02 -8.10276e-02 -8.18411e-02 -8.26313e-02 -8.33975e-02
 -8.41391e-02 -8.48555e-02 -8.55462e-02 -8.62105e-02 -8.68478e-02 -8.74574e-02
 -8.80389e-02 -8.85918e-02 -8.91155e-02 -8.96093e-02 -9.00725e-02 -9.05048e-02
 -9.09055e-02 -9.12742e-02 -9.16103e-02 -9.19135e-02 -9.21832e-02 -9.24188e-02
 -9.26201e-02 -9.27867e-02 -9.29180e-02 -9.30138e-02 -9.30736e-02 -9.30971e-02
 -9.30839e-02 -9.30337e-02 -9.29462e-02 -9.28211e-02 -9.26581e-02 -9.24570e-02
 -9.22178e-02 -9.19402e-02 -9.16240e-02 -9.12691e-02 -9.08753e-02 -9.04425e-02
 -8.99707e-02 -8.94597e-02 -8.89094e-02 -8.83200e-02 -8.76914e-02 -8.70238e-02
 -8.63171e-02 -8.55716e-02 -8.47872e-02 -8.39641e-02 -8.31025e-02 -8.22026e-02
 -8.12647e-02 -8.02889e-02 -7.92754e-02 -7.82246e-02 -7.71367e-02 -7.60120e-02
 -7.48510e-02 -7.36541e-02 -7.24218e-02 -7.11543e-02 -6.98522e-02 -6.85159e-02
 -6.71459e-02 -6.57429e-02 -6.43073e-02 -6.28395e-02 -6.13401e-02 -5.98098e-02
 -5.82494e-02 -5.66594e-02 -5.50405e-02 -5.33933e-02 -5.17186e-02 -5.00171e-02
 -4.82896e-02 -4.65368e-02 -4.47595e-02 -4.29585e-02 -4.11346e-02 -3.92886e-02
 -3.74214e-02 -3.55339e-02 -3.36268e-02 -3.17010e-02 -2.97575e-02 -2.77971e-02
 -2.58208e-02 -2.38296e-02 -2.18244e-02 -1.98061e-02 -1.77759e-02 -1.57346e-02
 -1.36834e-02 -1.16233e-02 -9.55527e-03 -7.48021e-03 -5.39912e-03 -3.31310e-03
 -1.22326e-03  8.69327e-04  2.96368e-03  5.05880e-03  7.15358e-03  9.24688e-03
  1.13375e-02  1.34245e-02  1.55068e-02  1.75834e-02  1.96532e-02  2.17151e-02
  2.37678e-02  2.58104e-02  2.78417e-02  2.98608e-02  3.18665e-02  3.38576e-02
  3.58331e-02  3.77919e-02  3.97330e-02  4.16553e-02  4.35579e-02  4.54396e-02
  4.72994e-02  4.91363e-02  5.09491e-02  5.27370e-02  5.44990e-02  5.62339e-02
  5.79409e-02  5.96190e-02  6.12673e-02  6.28847e-02  6.44703e-02  6.60232e-02
  6.75426e-02  6.90276e-02  7.04774e-02  7.18911e-02  7.32678e-02  7.46066e-02
  7.59068e-02  7.71676e-02  7.83884e-02  7.95684e-02  8.07067e-02  8.18027e-02
  8.28558e-02  8.38654e-02  8.48310e-02  8.57518e-02  8.66273e-02  8.74568e-02
  8.82400e-02  8.89763e-02  8.96653e-02  9.03065e-02  9.08994e-02  9.14437e-02
  9.19390e-02  9.23850e-02  9.27815e-02  9.31282e-02  9.34249e-02  9.36712e-02
  9.38672e-02  9.40125e-02  9.41071e-02  9.41508e-02  9.41436e-02  9.40854e-02
  9.39762e-02  9.38161e-02  9.36053e-02  9.33436e-02  9.30314e-02  9.26686e-02
  9.22554e-02  9.17921e-02  9.12790e-02  9.07162e-02  9.01042e-02  8.94431e-02
  8.87335e-02  8.79756e-02  8.71698e-02  8.63165e-02  8.54163e-02  8.44697e-02
  8.34774e-02  8.24398e-02  8.13576e-02  8.02313e-02  7.90616e-02  7.78491e-02
  7.65945e-02  7.52984e-02  7.39617e-02  7.25849e-02  7.11690e-02  6.97149e-02
  6.82233e-02  6.66951e-02  6.51311e-02  6.35322e-02  6.18995e-02  6.02338e-02
  5.85362e-02  5.68076e-02  5.50491e-02  5.32615e-02  5.14459e-02  4.96034e-02
  4.77350e-02  4.58419e-02  4.39253e-02  4.19861e-02  4.00255e-02  3.80446e-02
  3.60446e-02  3.40267e-02  3.19920e-02  2.99417e-02  2.78770e-02  2.57991e-02
  2.37093e-02  2.16087e-02  1.94986e-02  1.73802e-02  1.52548e-02  1.31236e-02
  1.09881e-02  8.84939e-03  6.70881e-03  4.56752e-03  2.42679e-03  2.87896e-04
 -1.84787e-03 -3.97925e-03 -6.10502e-03 -8.22392e-03 -1.03347e-02 -1.24361e-02
 -1.45269e-02 -1.66058e-02 -1.86716e-02 -2.07229e-02 -2.27586e-02 -2.47776e-02
 -2.67787e-02 -2.87606e-02 -3.07221e-02 -3.26620e-02 -3.45793e-02 -3.64728e-02
 -3.83415e-02 -4.01841e-02 -4.19994e-02 -4.37864e-02 -4.55441e-02 -4.72715e-02
 -4.89675e-02 -5.06310e-02 -5.22612e-02 -5.38571e-02 -5.54179e-02 -5.69426e-02
 -5.84304e-02 -5.98803e-02 -6.12915e-02 -6.26632e-02 -6.39947e-02 -6.52852e-02
 -6.65340e-02 -6.77403e-02 -6.89036e-02 -7.00230e-02 -7.10982e-02 -7.21284e-02
 -7.31132e-02 -7.40521e-02 -7.49445e-02 -7.57901e-02 -7.65884e-02 -7.73390e-02
 -7.80418e-02 -7.86963e-02 -7.93023e-02 -7.98594e-02 -8.03674e-02 -8.08262e-02
 -8.12358e-02 -8.15961e-02 -8.19069e-02 -8.21683e-02 -8.23802e-02 -8.25428e-02
 -8.26561e-02 -8.27201e-02 -8.27351e-02 -8.27012e-02 -8.26187e-02 -8.24878e-02
 -8.23089e-02 -8.20822e-02 -8.18080e-02 -8.14869e-02 -8.11192e-02 -8.07054e-02
 -8.02461e-02 -7.97416e-02 -7.91924e-02 -7.85993e-02 -7.79628e-02 -7.72835e-02
 -7.65620e-02 -7.57992e-02 -7.49958e-02 -7.41526e-02 -7.32704e-02 -7.23498e-02
 -7.13917e-02 -7.03970e-02 -6.93665e-02 -6.83011e-02 -6.72017e-02 -6.60692e-02
 -6.49046e-02 -6.37089e-02 -6.24831e-02 -6.12282e-02 -5.99453e-02 -5.86352e-02
 -5.72991e-02 -5.59380e-02 -5.45531e-02 -5.31454e-02 -5.17161e-02 -5.02661e-02
 -4.87966e-02 -4.73088e-02 -4.58037e-02 -4.42824e-02 -4.27461e-02 -4.11961e-02
 -3.96334e-02 -3.80593e-02 -3.64748e-02 -3.48810e-02 -3.32791e-02 -3.16703e-02
 -3.00557e-02 -2.84364e-02 -2.68134e-02 -2.51878e-02 -2.35608e-02 -2.19337e-02
 -2.03074e-02 -1.86831e-02 -1.70619e-02 -1.54448e-02 -1.38328e-02 -1.22268e-02
 -1.06280e-02 -9.03733e-03 -7.45587e-03 -5.88451e-03 -4.32417e-03 -2.77578e-03
 -1.24034e-03  2.81239e-04  1.78809e-03  3.27942e-03  4.75442e-03  6.21225e-03
  7.65209e-03  9.07314e-03  1.04747e-02  1.18561e-02  1.32167e-02  1.45558e-02
  1.58728e-02  1.71669e-02  1.84378e-02  1.96846e-02  2.09071e-02  2.21047e-02
  2.32769e-02  2.44232e-02  2.55433e-02  2.66367e-02  2.77031e-02  2.87423e-02
  2.97538e-02  3.07373e-02  3.16927e-02  3.26197e-02  3.35182e-02  3.43882e-02
  3.52293e-02  3.60414e-02  3.68246e-02  3.75788e-02  3.83040e-02  3.90001e-02
  3.96672e-02  4.03053e-02  4.09146e-02  4.14952e-02  4.20472e-02  4.25708e-02
  4.30660e-02  4.35332e-02  4.39725e-02  4.43843e-02  4.47688e-02  4.51262e-02
  4.54570e-02  4.57613e-02  4.60396e-02  4.62923e-02  4.65198e-02  4.67224e-02
  4.69006e-02  4.70547e-02  4.71851e-02  4.72923e-02  4.73769e-02  4.74393e-02
  4.74801e-02  4.74997e-02  4.74985e-02  4.74772e-02  4.74362e-02  4.73761e-02
  4.72975e-02  4.72010e-02  4.70869e-02  4.69559e-02  4.68085e-02  4.66454e-02
  4.64672e-02  4.62742e-02  4.60672e-02  4.58465e-02  4.56128e-02  4.53667e-02
  4.51089e-02  4.48397e-02  4.45597e-02  4.42695e-02  4.39697e-02  4.36607e-02
  4.33433e-02  4.30178e-02  4.26848e-02  4.23448e-02  4.19983e-02  4.16457e-02
  4.12877e-02  4.09246e-02  4.05570e-02  4.01853e-02  3.98099e-02  3.94314e-02
  3.90502e-02  3.86667e-02  3.82814e-02  3.78946e-02  3.75067e-02  3.71181e-02
  3.67292e-02  3.63405e-02  3.59521e-02  3.55643e-02  3.51775e-02  3.47922e-02
  3.44086e-02  3.40271e-02  3.36480e-02  3.32713e-02  3.28976e-02  3.25269e-02
  3.21596e-02  3.17957e-02  3.14355e-02  3.10793e-02  3.07272e-02  3.03796e-02
  3.00365e-02  2.96981e-02  2.93645e-02  2.90359e-02  2.87125e-02  2.83943e-02
  2.80814e-02  2.77738e-02  2.74717e-02  2.71752e-02  2.68844e-02  2.65993e-02
  2.63199e-02  2.60464e-02  2.57786e-02  2.55168e-02  2.52607e-02  2.50105e-02
  2.47661e-02  2.45276e-02  2.42949e-02  2.40679e-02  2.38466e-02  2.36309e-02
  2.34208e-02  2.32162e-02  2.30172e-02  2.28236e-02  2.26352e-02  2.24520e-02
  2.22741e-02  2.21012e-02  2.19333e-02  2.17702e-02  2.16117e-02  2.14578e-02
  2.13083e-02  2.11630e-02  2.10219e-02  2.08848e-02  2.07515e-02  2.06220e-02
  2.04961e-02  2.03736e-02  2.02544e-02  2.01383e-02  2.00252e-02  1.99149e-02
  1.98071e-02  1.97018e-02  1.95988e-02  1.94978e-02  1.93989e-02  1.93018e-02
  1.92062e-02  1.91122e-02  1.90195e-02  1.89279e-02  1.88374e-02  1.87475e-02
  1.86582e-02  1.85694e-02  1.84809e-02  1.83926e-02  1.83043e-02  1.82159e-02
  1.81272e-02  1.80380e-02  1.79483e-02  1.78580e-02  1.77668e-02  1.76746e-02
  1.75812e-02  1.74865e-02  1.73905e-02  1.72930e-02  1.71940e-02  1.70933e-02
  1.69908e-02  1.68864e-02  1.67798e-02  1.66712e-02  1.65603e-02  1.64472e-02
  1.63317e-02  1.62137e-02  1.60930e-02  1.59697e-02  1.58436e-02  1.57148e-02
  1.55831e-02  1.54485e-02  1.53110e-02  1.51703e-02  1.50266e-02  1.48797e-02
  1.47296e-02  1.45763e-02  1.44197e-02  1.42596e-02  1.40961e-02  1.39291e-02
  1.37585e-02  1.35844e-02  1.34067e-02  1.32254e-02  1.30403e-02  1.28514e-02
  1.26586e-02  1.24620e-02  1.22616e-02  1.20572e-02  1.18488e-02  1.16364e-02
  1.14199e-02  1.11993e-02  1.09745e-02  1.07455e-02  1.05122e-02  1.02746e-02
  1.00327e-02  9.78618e-03  9.53511e-03  9.27940e-03  9.01902e-03  8.75394e-03
  8.48406e-03  8.20930e-03  7.92961e-03  7.64495e-03  7.35523e-03  7.06036e-03
  6.76019e-03  6.45458e-03  6.14350e-03  5.82687e-03  5.50466e-03  5.17675e-03
  4.84303e-03  4.50338e-03  4.15774e-03  3.80606e-03  3.44827e-03  3.08425e-03
  2.71387e-03  2.33701e-03  1.95359e-03  1.56353e-03  1.16676e-03  7.63175e-04
  3.52689e-04 -6.48079e-05 -4.89416e-04 -9.21218e-04 -1.36030e-03 -1.80674e-03
 -2.26066e-03 -2.72214e-03 -3.19125e-03 -3.66795e-03 -4.15229e-03 -4.64436e-03
 -5.14431e-03 -5.65225e-03 -6.16819e-03 -6.69210e-03 -7.22395e-03 -7.76376e-03
 -8.31161e-03 -8.86755e-03 -9.43165e-03 -1.00039e-02 -1.05843e-02 -1.11728e-02
 -1.17693e-02 -1.23739e-02 -1.29865e-02 -1.36071e-02 -1.42355e-02 -1.48718e-02
 -1.55159e-02 -1.61678e-02 -1.68274e-02 -1.74945e-02 -1.81691e-02 -1.88511e-02
 -1.95403e-02 -2.02366e-02 -2.09398e-02 -2.16499e-02 -2.23667e-02 -2.30900e-02
 -2.38197e-02 -2.45555e-02 -2.52973e-02 -2.60450e-02 -2.67982e-02 -2.75568e-02
 -2.83205e-02 -2.90891e-02 -2.98622e-02 -3.06398e-02 -3.14216e-02 -3.22072e-02
 -3.29963e-02 -3.37887e-02 -3.45841e-02 -3.53822e-02 -3.61827e-02 -3.69854e-02
 -3.77897e-02 -3.85954e-02 -3.94021e-02 -4.02096e-02 -4.10173e-02 -4.18251e-02
 -4.26327e-02 -4.34394e-02 -4.42450e-02 -4.50491e-02 -4.58512e-02 -4.66510e-02
 -4.74482e-02 -4.82424e-02 -4.90331e-02 -4.98199e-02 -5.06022e-02 -5.13797e-02
 -5.21521e-02 -5.29189e-02 -5.36797e-02 -5.44340e-02 -5.51813e-02 -5.59214e-02
 -5.66538e-02 -5.73780e-02 -5.80935e-02 -5.88000e-02 -5.94969e-02 -6.01838e-02
 -6.08604e-02 -6.15262e-02 -6.21806e-02 -6.28232e-02 -6.34537e-02 -6.40718e-02
 -6.46768e-02 -6.52684e-02 -6.58461e-02 -6.64095e-02 -6.69582e-02 -6.74917e-02
 -6.80097e-02 -6.85117e-02 -6.89974e-02 -6.94662e-02 -6.99178e-02 -7.03518e-02
 -7.07680e-02 -7.11658e-02 -7.15450e-02 -7.19051e-02 -7.22456e-02 -7.25663e-02
 -7.28669e-02 -7.31469e-02 -7.34060e-02 -7.36440e-02 -7.38605e-02 -7.40551e-02
 -7.42277e-02 -7.43778e-02 -7.45052e-02 -7.46097e-02 -7.46908e-02 -7.47483e-02
 -7.47819e-02 -7.47915e-02 -7.47768e-02 -7.47376e-02 -7.46737e-02 -7.45847e-02
 -7.44705e-02 -7.43308e-02 -7.41657e-02 -7.39748e-02 -7.37582e-02 -7.35154e-02
 -7.32464e-02 -7.29511e-02 -7.26293e-02 -7.22811e-02 -7.19063e-02 -7.15049e-02
 -7.10766e-02 -7.06215e-02 -7.01395e-02 -6.96306e-02 -6.90947e-02 -6.85318e-02
 -6.79420e-02 -6.73252e-02 -6.66814e-02 -6.60107e-02 -6.53130e-02 -6.45886e-02
 -6.38375e-02 -6.30599e-02 -6.22557e-02 -6.14250e-02 -6.05679e-02 -5.96846e-02
 -5.87752e-02 -5.78400e-02 -5.68791e-02 -5.58926e-02 -5.48807e-02 -5.38436e-02
 -5.27816e-02 -5.16949e-02 -5.05837e-02 -4.94483e-02 -4.82891e-02 -4.71062e-02
 -4.58999e-02 -4.46705e-02 -4.34183e-02 -4.21437e-02 -4.08471e-02 -3.95286e-02
 -3.81888e-02 -3.68280e-02 -3.54465e-02 -3.40447e-02 -3.26231e-02 -3.11822e-02
 -2.97223e-02 -2.82438e-02 -2.67473e-02 -2.52331e-02 -2.37018e-02 -2.21539e-02
 -2.05898e-02 -1.90100e-02 -1.74152e-02 -1.58057e-02 -1.41822e-02 -1.25451e-02
 -1.08950e-02 -9.23269e-03 -7.55860e-03 -5.87331e-03 -4.17741e-03 -2.47149e-03
 -7.56155e-04  9.67938e-04  2.70013e-03  4.43976e-03  6.18618e-03  7.93874e-03
  9.69678e-03  1.14596e-02  1.32265e-02  1.49967e-02  1.67696e-02  1.85444e-02
  2.03204e-02  2.20969e-02  2.38733e-02  2.56486e-02  2.74222e-02  2.91934e-02
  3.09613e-02  3.27251e-02  3.44842e-02  3.62377e-02  3.79848e-02  3.97248e-02
  4.14569e-02  4.31802e-02  4.48939e-02  4.65972e-02  4.82894e-02  4.99697e-02
  5.16373e-02  5.32915e-02  5.49312e-02  5.65557e-02  5.81641e-02  5.97558e-02
  6.13299e-02  6.28856e-02  6.44222e-02  6.59386e-02  6.74342e-02  6.89082e-02
  7.03599e-02  7.17884e-02  7.31931e-02  7.45731e-02  7.59276e-02  7.72560e-02
  7.85573e-02  7.98308e-02  8.10760e-02  8.22920e-02  8.34781e-02  8.46337e-02
  8.57581e-02  8.68506e-02  8.79105e-02  8.89372e-02  8.99300e-02  9.08882e-02
  9.18115e-02  9.26991e-02  9.35505e-02  9.43651e-02  9.51425e-02  9.58820e-02
  9.65832e-02  9.72456e-02  9.78688e-02  9.84522e-02  9.89956e-02  9.94985e-02
  9.99606e-02  1.00381e-01  1.00761e-01  1.01098e-01  1.01394e-01  1.01647e-01
  1.01858e-01  1.02025e-01  1.02150e-01  1.02232e-01  1.02271e-01  1.02266e-01
  1.02218e-01  1.02126e-01  1.01991e-01  1.01813e-01  1.01591e-01  1.01326e-01
  1.01017e-01  1.00666e-01  1.00271e-01  9.98337e-02  9.93536e-02  9.88312e-02
  9.82666e-02  9.76601e-02  9.70121e-02  9.63228e-02  9.55927e-02  9.48222e-02
  9.40115e-02  9.31613e-02  9.22717e-02  9.13434e-02  9.03769e-02  8.93727e-02
  8.83314e-02  8.72534e-02  8.61395e-02  8.49902e-02  8.38063e-02  8.25883e-02
  8.13370e-02  8.00529e-02  7.87370e-02  7.73899e-02  7.60124e-02  7.46052e-02
  7.31692e-02  7.17050e-02  7.02135e-02  6.86956e-02  6.71523e-02  6.55842e-02
  6.39923e-02  6.23776e-02  6.07408e-02  5.90830e-02  5.74050e-02  5.57077e-02
  5.39922e-02  5.22593e-02  5.05101e-02  4.87455e-02  4.69664e-02  4.51738e-02
  4.33688e-02  4.15523e-02  3.97254e-02  3.78889e-02  3.60440e-02  3.41915e-02
  3.23325e-02  3.04679e-02  2.85989e-02  2.67265e-02  2.48515e-02  2.29750e-02
  2.10980e-02  1.92215e-02  1.73465e-02  1.54738e-02  1.36045e-02  1.17396e-02
  9.88004e-03  8.02674e-03  6.18069e-03  4.34283e-03  2.51413e-03  6.95487e-04
 -1.11221e-03 -2.90810e-03 -4.69126e-03 -6.46080e-03 -8.21584e-03 -9.95555e-03
 -1.16791e-02 -1.33856e-02 -1.50744e-02 -1.67445e-02 -1.83951e-02 -2.00256e-02
 -2.16351e-02 -2.32229e-02 -2.47882e-02 -2.63305e-02 -2.78489e-02 -2.93427e-02
 -3.08113e-02 -3.22542e-02 -3.36706e-02 -3.50600e-02 -3.64218e-02 -3.77553e-02
 -3.90600e-02 -4.03354e-02 -4.15810e-02 -4.27964e-02 -4.39811e-02 -4.51347e-02
 -4.62566e-02 -4.73464e-02 -4.84038e-02 -4.94283e-02 -5.04197e-02 -5.13776e-02
 -5.23017e-02 -5.31918e-02 -5.40475e-02 -5.48688e-02 -5.56554e-02 -5.64069e-02
 -5.71233e-02 -5.78044e-02 -5.84500e-02 -5.90602e-02 -5.96348e-02 -6.01736e-02
 -6.06766e-02 -6.11439e-02 -6.15756e-02 -6.19715e-02 -6.23319e-02 -6.26566e-02
 -6.29457e-02 -6.31994e-02 -6.34179e-02 -6.36012e-02 -6.37496e-02 -6.38633e-02
 -6.39423e-02 -6.39870e-02 -6.39977e-02 -6.39746e-02 -6.39181e-02 -6.38284e-02
 -6.37058e-02 -6.35507e-02 -6.33633e-02 -6.31443e-02 -6.28938e-02 -6.26123e-02
 -6.23003e-02 -6.19582e-02 -6.15865e-02 -6.11856e-02 -6.07561e-02 -6.02986e-02
 -5.98134e-02 -5.93013e-02 -5.87626e-02 -5.81980e-02 -5.76079e-02 -5.69932e-02
 -5.63543e-02 -5.56919e-02 -5.50066e-02 -5.42989e-02 -5.35696e-02 -5.28192e-02
 -5.20485e-02 -5.12582e-02 -5.04489e-02 -4.96214e-02 -4.87764e-02 -4.79145e-02
 -4.70364e-02 -4.61428e-02 -4.52346e-02 -4.43123e-02 -4.33768e-02 -4.24287e-02
 -4.14688e-02 -4.04979e-02 -3.95166e-02 -3.85258e-02 -3.75262e-02 -3.65184e-02
 -3.55033e-02 -3.44816e-02 -3.34541e-02 -3.24214e-02 -3.13843e-02 -3.03437e-02
 -2.93002e-02 -2.82545e-02 -2.72074e-02 -2.61595e-02 -2.51118e-02 -2.40648e-02
 -2.30193e-02 -2.19759e-02 -2.09354e-02 -1.98984e-02 -1.88657e-02 -1.78380e-02
 -1.68158e-02 -1.57999e-02 -1.47909e-02 -1.37894e-02 -1.27961e-02 -1.18117e-02
 -1.08367e-02 -9.87181e-03 -8.91748e-03 -7.97434e-03 -7.04300e-03 -6.12403e-03
 -5.21796e-03 -4.32530e-03 -3.44654e-03 -2.58216e-03 -1.73266e-03 -8.98545e-04
 -8.02972e-05  7.21607e-04  1.50675e-03  2.27474e-03  3.02522e-03  3.75779e-03
  4.47204e-03  5.16760e-03  5.84415e-03  6.50144e-03  7.13921e-03  7.75714e-03
  8.35491e-03  8.93225e-03  9.48897e-03  1.00249e-02  1.05399e-02  1.10337e-02
  1.15061e-02  1.19570e-02  1.23863e-02  1.27939e-02  1.31797e-02  1.35438e-02
  1.38860e-02  1.42062e-02  1.45046e-02  1.47810e-02  1.50355e-02  1.52683e-02
  1.54793e-02  1.56686e-02  1.58364e-02  1.59826e-02  1.61075e-02  1.62112e-02
  1.62940e-02  1.63560e-02  1.63974e-02  1.64184e-02  1.64194e-02  1.64005e-02
  1.63620e-02  1.63041e-02  1.62271e-02  1.61315e-02  1.60175e-02  1.58855e-02
  1.57359e-02  1.55689e-02  1.53850e-02  1.51846e-02  1.49681e-02  1.47358e-02
  1.44883e-02  1.42259e-02  1.39491e-02  1.36585e-02  1.33545e-02  1.30374e-02
  1.27078e-02  1.23662e-02  1.20130e-02  1.16488e-02  1.12741e-02  1.08894e-02
  1.04952e-02  1.00920e-02  9.68040e-03  9.26082e-03  8.83381e-03  8.39993e-03
  7.95974e-03  7.51379e-03  7.06261e-03  6.60670e-03  6.14656e-03  5.68271e-03
  5.21569e-03  4.74605e-03  4.27432e-03  3.80101e-03  3.32663e-03  2.85166e-03
  2.37659e-03  1.90191e-03  1.42812e-03  9.55727e-04  4.85212e-04  1.70693e-05
 -4.48231e-04 -9.10237e-04 -1.36851e-03 -1.82263e-03 -2.27218e-03 -2.71676e-03
 -3.15594e-03 -3.58931e-03 -4.01644e-03 -4.43694e-03 -4.85047e-03 -5.25667e-03
 -5.65521e-03 -6.04571e-03 -6.42784e-03 -6.80128e-03 -7.16575e-03 -7.52091e-03
 -7.86646e-03 -8.20211e-03 -8.52765e-03 -8.84286e-03 -9.14752e-03 -9.44139e-03
 -9.72419e-03 -9.99569e-03 -1.02557e-02 -1.05041e-02 -1.07406e-02 -1.09652e-02
 -1.11776e-02 -1.13777e-02 -1.15654e-02 -1.17406e-02 -1.19032e-02 -1.20530e-02
 -1.21900e-02 -1.23140e-02 -1.24250e-02 -1.25230e-02 -1.26079e-02 -1.26797e-02
 -1.27384e-02 -1.27837e-02 -1.28159e-02 -1.28348e-02 -1.28406e-02 -1.28332e-02
 -1.28127e-02 -1.27790e-02 -1.27322e-02 -1.26723e-02 -1.25994e-02 -1.25137e-02
 -1.24151e-02 -1.23037e-02 -1.21796e-02 -1.20428e-02 -1.18934e-02 -1.17317e-02
 -1.15576e-02 -1.13712e-02 -1.11728e-02 -1.09624e-02 -1.07401e-02 -1.05062e-02
 -1.02607e-02 -1.00038e-02 -9.73559e-03 -9.45634e-03 -9.16619e-03 -8.86531e-03
 -8.55382e-03 -8.23194e-03 -7.89988e-03 -7.55787e-03 -7.20609e-03 -6.84472e-03
 -6.47393e-03 -6.09396e-03 -5.70507e-03 -5.30750e-03 -4.90144e-03 -4.48708e-03
 -4.06467e-03 -3.63448e-03 -3.19677e-03 -2.75179e-03 -2.29973e-03 -1.84084e-03
 -1.37540e-03 -9.03727e-04 -4.26110e-04  5.71711e-05  5.45861e-04  1.03969e-03
  1.53837e-03  2.04159e-03  2.54907e-03  3.06054e-03  3.57573e-03  4.09430e-03
  4.61592e-03  5.14024e-03  5.66693e-03  6.19572e-03  6.72633e-03  7.25842e-03
  7.79165e-03  8.32565e-03  8.86012e-03  9.39475e-03  9.92921e-03  1.04631e-02
  1.09961e-02  1.15279e-02  1.20582e-02  1.25865e-02  1.31126e-02  1.36361e-02
  1.41565e-02  1.46737e-02  1.51873e-02  1.56969e-02  1.62021e-02  1.67026e-02
  1.71981e-02  1.76882e-02  1.81726e-02  1.86509e-02  1.91228e-02  1.95879e-02
  2.00459e-02  2.04964e-02  2.09392e-02  2.13740e-02  2.18003e-02  2.22179e-02
  2.26263e-02  2.30253e-02  2.34147e-02  2.37941e-02  2.41633e-02  2.45218e-02
  2.48694e-02  2.52059e-02  2.55310e-02  2.58443e-02  2.61457e-02  2.64348e-02
  2.67114e-02  2.69753e-02  2.72261e-02  2.74638e-02  2.76880e-02  2.78986e-02
  2.80954e-02  2.82781e-02  2.84465e-02  2.86007e-02  2.87403e-02  2.88652e-02
  2.89753e-02  2.90704e-02  2.91505e-02  2.92153e-02  2.92647e-02  2.92987e-02
  2.93172e-02  2.93201e-02  2.93074e-02  2.92791e-02  2.92349e-02  2.91750e-02
  2.90994e-02  2.90080e-02  2.89009e-02  2.87781e-02  2.86395e-02  2.84853e-02
  2.83154e-02  2.81300e-02  2.79292e-02  2.77130e-02  2.74815e-02  2.72348e-02
  2.69730e-02  2.66964e-02  2.64049e-02  2.60988e-02  2.57783e-02  2.54434e-02
  2.50945e-02  2.47316e-02  2.43550e-02  2.39649e-02  2.35615e-02  2.31450e-02
  2.27157e-02  2.22738e-02  2.18195e-02  2.13531e-02  2.08749e-02  2.03852e-02
  1.98843e-02  1.93724e-02  1.88499e-02  1.83169e-02  1.77740e-02  1.72213e-02
  1.66591e-02  1.60878e-02  1.55077e-02  1.49191e-02  1.43225e-02  1.37181e-02
  1.31062e-02  1.24872e-02  1.18614e-02  1.12293e-02  1.05912e-02  9.94743e-03
  9.29832e-03  8.64424e-03  7.98558e-03  7.32273e-03  6.65607e-03  5.98591e-03
  5.31255e-03  4.63638e-03  3.95781e-03  3.27727e-03  2.59512e-03  1.91168e-03
  1.22727e-03  5.42251e-04 -1.42956e-04 -8.27992e-04 -1.51252e-03 -2.19620e-03
 -2.87870e-03 -3.55960e-03 -4.23854e-03 -4.91519e-03 -5.58923e-03 -6.26030e-03
 -6.92806e-03 -7.59216e-03 -8.25225e-03 -8.90805e-03 -9.55923e-03 -1.02055e-02
 -1.08464e-02 -1.14817e-02 -1.21111e-02 -1.27341e-02 -1.33507e-02 -1.39604e-02
 -1.45630e-02 -1.51581e-02 -1.57454e-02 -1.63247e-02 -1.68956e-02 -1.74580e-02
 -1.80116e-02 -1.85559e-02 -1.90908e-02 -1.96160e-02 -2.01314e-02 -2.06366e-02
 -2.11313e-02 -2.16154e-02 -2.20886e-02 -2.25506e-02 -2.30013e-02 -2.34404e-02
 -2.38678e-02 -2.42831e-02 -2.46862e-02 -2.50769e-02 -2.54550e-02 -2.58203e-02
 -2.61726e-02 -2.65118e-02 -2.68376e-02 -2.71499e-02 -2.74487e-02 -2.77337e-02
 -2.80049e-02 -2.82619e-02 -2.85047e-02 -2.87332e-02 -2.89472e-02 -2.91466e-02
 -2.93314e-02 -2.95014e-02 -2.96565e-02 -2.97968e-02 -2.99221e-02 -3.00323e-02
 -3.01275e-02 -3.02075e-02 -3.02722e-02 -3.03217e-02 -3.03559e-02 -3.03748e-02
 -3.03783e-02 -3.03664e-02 -3.03392e-02 -3.02967e-02 -3.02389e-02 -3.01658e-02
 -3.00774e-02 -2.99737e-02 -2.98549e-02 -2.97211e-02 -2.95722e-02 -2.94084e-02
 -2.92296e-02 -2.90359e-02 -2.88276e-02 -2.86047e-02 -2.83674e-02 -2.81157e-02
 -2.78498e-02 -2.75698e-02 -2.72758e-02 -2.69681e-02 -2.66468e-02 -2.63121e-02
 -2.59641e-02 -2.56030e-02 -2.52289e-02 -2.48422e-02 -2.44429e-02 -2.40313e-02
 -2.36077e-02 -2.31722e-02 -2.27251e-02 -2.22667e-02 -2.17971e-02 -2.13166e-02
 -2.08255e-02 -2.03240e-02 -1.98124e-02 -1.92910e-02 -1.87601e-02 -1.82200e-02
 -1.76709e-02 -1.71132e-02 -1.65471e-02 -1.59730e-02 -1.53911e-02 -1.48017e-02
 -1.42053e-02 -1.36020e-02 -1.29923e-02 -1.23764e-02 -1.17547e-02 -1.11275e-02
 -1.04951e-02 -9.85787e-03 -9.21614e-03 -8.57020e-03 -7.92044e-03 -7.26722e-03
 -6.61091e-03 -5.95183e-03 -5.29027e-03 -4.62658e-03 -3.96113e-03 -3.29428e-03
 -2.62638e-03 -1.95775e-03 -1.28869e-03 -6.19566e-04  4.92567e-05  7.17429e-04
  1.38463e-03  2.05053e-03  2.71480e-03  3.37707e-03  4.03702e-03  4.69433e-03
  5.34868e-03  5.99973e-03  6.64716e-03  7.11222e-03  7.17265e-03  6.79938e-03
  6.01790e-03  4.90966e-03  3.60647e-03  2.27796e-03  1.11341e-03  3.00049e-04
  0.00000e+00  0.00000e+00  0.00000e+00  0.00000e+00  0.00000e+00  0.00000e+00
  0.00000e+00  0.00000e+00  0.00000e+00  0.00000e+00  0.00000e+00  0.00000e+00
  0.00000e+00  0.00000e+00  0.00000e+00  0.00000e+00  0.00000e+00  0.00000e+00
  0.00000e+00  0.00000e+00  0.00000e+00  0.00000e+00  0.00000e+00  0.00000e+00
  0.00000e+00  0.00000e+00  0.00000e+00  0.00000e+00  0.00000e+00  0.00000e+00
  0.00000e+00  0.00000e+00  0.00000e+00  0.00000e+00  0.00000e+00  0.00000e+00
  0.00000e+00  0.00000e+00  0.00000e+00  0.00000e+00  0.00000e+00  0.00000e+00
  0.00000e+00  0.00000e+00  0.00000e+00  0.00000e+00  0.00000e+00  0.00000e+00
  0.00000e+00  0.00000e+00  0.00000e+00  0.00000e+00  0.00000e+00  0.00000e+00
  0.00000e+00  0.00000e+00  0.00000e+00  0.00000e+00  0.00000e+00  0.00000e+00
  0.00000e+00  0.00000e+00  0.00000e+00  0.00000e+00  0.00000e+00  0.00000e+00
  0.00000e+00  0.00000e+00  0.00000e+00  0.00000e+00  0.00000e+00  0.00000e+00
  0.00000e+00  0.00000e+00  0.00000e+00  0.00000e+00  0.00000e+00  0.00000e+00
  0.00000e+00  0.00000e+00  0.00000e+00  0.00000e+00  0.00000e+00  0.00000e+00
  0.00000e+00  0.00000e+00  0.00000e+00  0.00000e+00  0.00000e+00  0.00000e+00
  0.00000e+00  0.00000e+00  0.00000e+00  0.00000e+00  0.00000e+00  0.00000e+00
  0.00000e+00  0.00000e+00  0.00000e+00  0.00000e+00  0.00000e+00  0.00000e+00
  0.00000e+00  0.00000e+00  0.00000e+00  0.00000e+00  0.00000e+00  0.00000e+00
  0.00000e+00  0.00000e+00  0.00000e+00  0.00000e+00  0.00000e+00  0.00000e+00
  0.00000e+00  0.00000e+00  0.00000e+00  0.00000e+00  0.00000e+00  0.00000e+00
  0.00000e+00  0.00000e+00  0.00000e+00  0.00000e+00  0.00000e+00  0.00000e+00
  0.00000e+00  0.00000e+00  0.00000e+00  0.00000e+00  0.00000e+00  0.00000e+00
  0.00000e+00  0.00000e+00  0.00000e+00  0.00000e+00  0.00000e+00  0.00000e+00
  0.00000e+00  0.00000e+00  0.00000e+00  0.00000e+00  0.00000e+00  0.00000e+00
  0.00000e+00  0.00000e+00  0.00000e+00  0.00000e+00  0.00000e+00  0.00000e+00
  0.00000e+00  0.00000e+00  0.00000e+00  0.00000e+00  0.00000e+00  0.00000e+00
  0.00000e+00  0.00000e+00  0.00000e+00  0.00000e+00  0.00000e+00  0.00000e+00
  0.00000e+00  0.00000e+00  0.00000e+00  0.00000e+00  0.00000e+00  0.00000e+00
  0.00000e+00  0.00000e+00  0.00000e+00  0.00000e+00  0.00000e+00  0.00000e+00
  0.00000e+00  0.00000e+00  0.00000e+00  0.00000e+00  0.00000e+00  0.00000e+00
  0.00000e+00  0.00000e+00  0.00000e+00  0.00000e+00  0.00000e+00  0.00000e+00
  0.00000e+00  0.00000e+00  0.00000e+00  0.00000e+00  0.00000e+00  0.00000e+00
  0.00000e+00  0.00000e+00  0.00000e+00  0.00000e+00  0.00000e+00  0.00000e+00
  0.00000e+00  0.00000e+00  0.00000e+00  0.00000e+00  0.00000e+00  0.00000e+00
  0.00000e+00  0.00000e+00  0.00000e+00  0.00000e+00  0.00000e+00  0.00000e+00
  0.00000e+00  0.00000e+00  0.00000e+00  0.00000e+00  0.00000e+00  0.00000e+00
  0.00000e+00  0.00000e+00  0.00000e+00  0.00000e+00  0.00000e+00  0.00000e+00
  0.00000e+00  0.00000e+00  0.00000e+00  0.00000e+00  0.00000e+00  0.00000e+00
  0.00000e+00  0.00000e+00  0.00000e+00  0.00000e+00  0.00000e+00  0.00000e+00
  0.00000e+00  0.00000e+00  0.00000e+00  0.00000e+00  0.00000e+00  0.00000e+00
  0.00000e+00  0.00000e+00  0.00000e+00  0.00000e+00  0.00000e+00  0.00000e+00
  0.00000e+00  0.00000e+00  0.00000e+00  0.00000e+00  0.00000e+00  0.00000e+00
  0.00000e+00  0.00000e+00  0.00000e+00  0.00000e+00  0.00000e+00  0.00000e+00
  0.00000e+00  0.00000e+00  0.00000e+00  0.00000e+00  0.00000e+00  0.00000e+00
  0.00000e+00  0.00000e+00  0.00000e+00  0.00000e+00  0.00000e+00  0.00000e+00
  0.00000e+00  0.00000e+00  0.00000e+00  0.00000e+00  0.00000e+00  0.00000e+00
  0.00000e+00  0.00000e+00  0.00000e+00  0.00000e+00  0.00000e+00  0.00000e+00
  0.00000e+00  0.00000e+00  0.00000e+00  0.00000e+00  0.00000e+00  0.00000e+00
  0.00000e+00  0.00000e+00  0.00000e+00  0.00000e+00  0.00000e+00  0.00000e+00
  0.00000e+00  0.00000e+00  0.00000e+00  0.00000e+00  0.00000e+00  0.00000e+00
  0.00000e+00  0.00000e+00  0.00000e+00  0.00000e+00  0.00000e+00  0.00000e+00
  0.00000e+00  0.00000e+00  0.00000e+00  0.00000e+00  0.00000e+00  0.00000e+00
  0.00000e+00  0.00000e+00  0.00000e+00  0.00000e+00  0.00000e+00  0.00000e+00
  0.00000e+00  0.00000e+00  0.00000e+00  0.00000e+00  0.00000e+00  0.00000e+00
  0.00000e+00  0.00000e+00  0.00000e+00  0.00000e+00  0.00000e+00  0.00000e+00
  0.00000e+00  0.00000e+00  0.00000e+00  0.00000e+00  0.00000e+00  0.00000e+00
  0.00000e+00  0.00000e+00  0.00000e+00  0.00000e+00  0.00000e+00  0.00000e+00
  0.00000e+00  0.00000e+00  0.00000e+00  0.00000e+00  0.00000e+00  0.00000e+00
  0.00000e+00  0.00000e+00  0.00000e+00  0.00000e+00  0.00000e+00  0.00000e+00
  0.00000e+00  0.00000e+00  0.00000e+00  0.00000e+00  0.00000e+00  0.00000e+00
  0.00000e+00  0.00000e+00  0.00000e+00  0.00000e+00  0.00000e+00  0.00000e+00
  0.00000e+00  0.00000e+00  0.00000e+00  0.00000e+00  0.00000e+00  0.00000e+00
  0.00000e+00  0.00000e+00  0.00000e+00  0.00000e+00  0.00000e+00  0.00000e+00
  0.00000e+00  0.00000e+00  0.00000e+00  0.00000e+00  0.00000e+00  0.00000e+00
  0.00000e+00  0.00000e+00  0.00000e+00  0.00000e+00  0.00000e+00  0.00000e+00
  0.00000e+00  0.00000e+00  0.00000e+00  0.00000e+00  0.00000e+00  0.00000e+00
  0.00000e+00  0.00000e+00  0.00000e+00  0.00000e+00  0.00000e+00  0.00000e+00
  0.00000e+00  0.00000e+00  0.00000e+00  0.00000e+00  0.00000e+00  0.00000e+00
  0.00000e+00  0.00000e+00  0.00000e+00  0.00000e+00  0.00000e+00  0.00000e+00
  0.00000e+00  0.00000e+00  0.00000e+00  0.00000e+00  0.00000e+00  0.00000e+00
  0.00000e+00  0.00000e+00  0.00000e+00  0.00000e+00  0.00000e+00  0.00000e+00
  0.00000e+00  0.00000e+00  0.00000e+00  0.00000e+00  0.00000e+00  0.00000e+00
  0.00000e+00  0.00000e+00  0.00000e+00  0.00000e+00  0.00000e+00  0.00000e+00
  0.00000e+00  0.00000e+00  0.00000e+00  0.00000e+00  0.00000e+00  0.00000e+00
  0.00000e+00  0.00000e+00  0.00000e+00  0.00000e+00  0.00000e+00  0.00000e+00
  0.00000e+00  0.00000e+00  0.00000e+00  0.00000e+00  0.00000e+00  0.00000e+00
  0.00000e+00  0.00000e+00  0.00000e+00  0.00000e+00  0.00000e+00  0.00000e+00
  0.00000e+00  0.00000e+00  0.00000e+00  0.00000e+00  0.00000e+00  0.00000e+00
  0.00000e+00  0.00000e+00  0.00000e+00  0.00000e+00  0.00000e+00  0.00000e+00
  0.00000e+00  0.00000e+00  0.00000e+00  0.00000e+00  0.00000e+00  0.00000e+00
  0.00000e+00  0.00000e+00  0.00000e+00  0.00000e+00  0.00000e+00  0.00000e+00
  0.00000e+00  0.00000e+00  0.00000e+00  0.00000e+00  0.00000e+00  0.00000e+00
  0.00000e+00  0.00000e+00  0.00000e+00  0.00000e+00  0.00000e+00  0.00000e+00
  0.00000e+00  0.00000e+00  0.00000e+00  0.00000e+00  0.00000e+00  0.00000e+00
  0.00000e+00  0.00000e+00  0.00000e+00  0.00000e+00  0.00000e+00  0.00000e+00
  0.00000e+00  0.00000e+00  0.00000e+00  0.00000e+00  0.00000e+00  0.00000e+00
  0.00000e+00  0.00000e+00  0.00000e+00  0.00000e+00  0.00000e+00  0.00000e+00
  0.00000e+00  0.00000e+00  0.00000e+00  0.00000e+00  0.00000e+00  0.00000e+00
  0.00000e+00  0.00000e+00  0.00000e+00  0.00000e+00  0.00000e+00  0.00000e+00
  0.00000e+00  0.00000e+00  0.00000e+00  0.00000e+00  0.00000e+00  0.00000e+00
  0.00000e+00  0.00000e+00  0.00000e+00  0.00000e+00  0.00000e+00  0.00000e+00
  0.00000e+00  0.00000e+00  0.00000e+00  0.00000e+00  0.00000e+00  0.00000e+00
  0.00000e+00  0.00000e+00  0.00000e+00  0.00000e+00  0.00000e+00  0.00000e+00
  0.00000e+00  0.00000e+00  0.00000e+00  0.00000e+00  0.00000e+00  0.00000e+00
  0.00000e+00  0.00000e+00  0.00000e+00  0.00000e+00  0.00000e+00  0.00000e+00
  0.00000e+00  0.00000e+00  0.00000e+00  0.00000e+00  0.00000e+00  0.00000e+00
  0.00000e+00  0.00000e+00  0.00000e+00  0.00000e+00  0.00000e+00  0.00000e+00
  0.00000e+00  0.00000e+00  0.00000e+00  0.00000e+00  0.00000e+00  0.00000e+00
  0.00000e+00  0.00000e+00  0.00000e+00  0.00000e+00  0.00000e+00  0.00000e+00
  0.00000e+00  0.00000e+00  0.00000e+00  0.00000e+00  0.00000e+00  0.00000e+00
