NNZ        000 TITLE
2500  8.00000e-02 0 0  0.00000e+00  0.00000e+00  0.00000e+00  0.00000e+00
  2.71000e-23  2.61418e-23  2.53812e-23  2.40730e-23  2.20303e-23  2.00798e-23
  1.96984e-23  2.19992e-23  2.67712e-23  3.23239e-23  3.63622e-23  3.73798e-23
  3.56365e-23  3.30178e-23  3.18157e-23  3.32239e-23  3.65537e-23  3.97016e-23
  4.05532e-23  3.83825e-23  3.43270e-23  3.06639e-23  2.94095e-23  3.11783e-23
  3.49955e-23  3.90791e-23  4.19795e-23  4.33111e-23  4.36799e-23  4.40035e-23
  4.47910e-23  4.58827e-23  4.67383e-23  4.69592e-23  4.66055e-23  4.60895e-23
  4.57763e-23  4.56345e-23  4.52161e-23  4.39818e-23  4.17406e-23  3.89055e-23
  3.64012e-23  3.52807e-23  3.62590e-23  3.93931e-23  4.40393e-23  4.90940e-23
  5.34103e-23  5.62271e-23  5.74287e-23  5.75150e-23  5.72740e-23  5.73152e-23
  5.77208e-23  5.80396e-23  5.76537e-23  5.62980e-23  5.43806e-23  5.28481e-23
  5.26388e-23  5.40616e-23  5.65269e-23  5.88408e-23  5.98974e-23  5.93239e-23
  5.76548e-23  5.59333e-23  5.50274e-23  5.51346e-23  5.57952e-23  5.63595e-23
  5.65319e-23  5.65846e-23  5.70997e-23  5.84604e-23  6.04897e-23  6.25133e-23
  6.37926e-23  6.40029e-23  6.34104e-23  6.26457e-23  6.22720e-23  6.24777e-23
  6.30978e-23  6.38907e-23  6.48026e-23  6.59839e-23  6.75520e-23  6.93220e-23
  7.07685e-23  7.12985e-23  7.06539e-23  6.91382e-23  6.74782e-23  6.64016e-23
  6.62281e-23  6.67593e-23  6.75214e-23  6.81486e-23  6.85983e-23  6.90416e-23
  6.95516e-23  6.98883e-23  6.96078e-23  6.84524e-23  6.67239e-23  6.53109e-23
  6.52759e-23  6.72375e-23  7.09553e-23  7.54022e-23  7.92769e-23  8.16125e-23
  8.20989e-23  8.09735e-23  7.86611e-23  7.54973e-23  7.17509e-23  6.78625e-23
  6.46047e-23  6.29173e-23  6.34464e-23  6.61018e-23  6.99915e-23  7.38488e-23
  7.67064e-23  7.83719e-23  7.93789e-23  8.04580e-23  8.19099e-23  8.33297e-23
  8.38802e-23  8.29165e-23  8.05255e-23  7.76040e-23  7.54141e-23  7.48922e-23
  7.61259e-23  7.82888e-23  8.00463e-23  8.01970e-23  7.82301e-23  7.45607e-23
  7.03697e-23  6.71374e-23  6.60623e-23  6.75914e-23  7.12576e-23  7.59022e-23
  8.01959e-23  8.32116e-23  8.47558e-23  8.52859e-23  8.54790e-23  8.57311e-23
  8.59097e-23  8.55108e-23  8.40961e-23  8.16983e-23  7.89090e-23  7.65895e-23
  7.54027e-23  7.54790e-23  7.64193e-23  7.76059e-23  7.85923e-23  7.93208e-23
  8.00526e-23  8.11005e-23  8.25615e-23  8.42241e-23  8.56908e-23  8.66185e-23
  8.69201e-23  8.68045e-23  8.66365e-23  8.66976e-23  8.69909e-23  8.72133e-23
  8.69357e-23  8.59084e-23  8.43118e-23  8.27770e-23  8.21137e-23  8.28666e-23
  8.49584e-23  8.76545e-23  8.99047e-23  9.08719e-23  9.03237e-23  8.86481e-23
  8.65068e-23  8.43909e-23  8.24075e-23  8.04401e-23  7.85309e-23  7.71429e-23
  7.70334e-23  7.87650e-23  8.21804e-23  8.62471e-23  8.94570e-23  9.05876e-23
  8.93610e-23  8.65774e-23  8.36270e-23  8.16912e-23  8.11442e-23  8.15250e-23
  8.20606e-23  8.23453e-23  8.26801e-23  8.38139e-23  8.62553e-23  8.96477e-23
  9.26942e-23  9.37710e-23  9.18980e-23  8.74532e-23  8.21290e-23  7.80893e-23
  7.68047e-23  7.82875e-23  8.12180e-23  8.38908e-23  8.53633e-23  8.60344e-23
  8.72481e-23  9.01780e-23  9.47644e-23  9.94746e-23  1.02120e-22  1.01236e-22
  9.71101e-23  9.17416e-23  8.77130e-23  8.66712e-23  8.83900e-23  9.10012e-23
  9.22149e-23  9.07282e-23  8.69424e-23  8.26090e-23  7.97246e-23  7.94250e-23
  8.15255e-23  8.48574e-23  8.80380e-23  9.01342e-23  9.08880e-23  9.05476e-23
  8.95750e-23  8.84594e-23  8.76491e-23  8.74696e-23  8.79511e-23  8.86725e-23
  8.88356e-23  8.76635e-23  8.49503e-23  8.13840e-23  7.83453e-23  7.72193e-23
  7.86236e-23  8.20591e-23  8.62287e-23  8.98151e-23  9.21935e-23  9.36114e-23
  9.47619e-23  9.61062e-23  9.74617e-23  9.81449e-23  9.75272e-23  9.55636e-23
  9.28910e-23  9.04408e-23  8.88711e-23  8.82453e-23  8.81660e-23  8.82171e-23
  8.83344e-23  8.88093e-23  8.99370e-23  9.16154e-23  9.32462e-23  9.40534e-23
  9.35995e-23  9.21082e-23  9.03258e-23  8.89932e-23  8.83003e-23  8.77348e-23
  8.64724e-23  8.40697e-23  8.09788e-23  7.84837e-23  7.80278e-23  8.03151e-23
  8.47556e-23  8.96479e-23  9.30474e-23  9.38322e-23  9.23304e-23  9.01184e-23
  8.90955e-23  9.03836e-23  9.37042e-23  9.75936e-23  1.00294e-22  1.00756e-22
  9.91485e-23  9.66042e-23  9.44376e-23  9.33723e-23  9.32634e-23  9.34208e-23
  9.32256e-23  9.25671e-23  9.18029e-23  9.13309e-23  9.11477e-23  9.07631e-23
  8.95561e-23  8.73131e-23  8.45411e-23  8.23076e-23  8.16879e-23  8.31755e-23
  8.64251e-23  9.04650e-23  9.42100e-23  9.69379e-23  9.84636e-23  9.89813e-23
  9.87605e-23  9.79399e-23  9.65451e-23  9.46655e-23  9.26114e-23  9.08949e-23
  9.00195e-23  9.02028e-23  9.12156e-23  9.24570e-23  9.32453e-23  9.31765e-23
  9.23511e-23  9.13308e-23  9.08319e-23  9.13120e-23  9.26850e-23  9.43451e-23
  9.55100e-23  9.56949e-23  9.50275e-23  9.41847e-23  9.39583e-23  9.47001e-23
  9.60031e-23  9.68486e-23  9.61676e-23  9.34911e-23  8.92960e-23  8.48313e-23
  8.15286e-23  8.03449e-23  8.14002e-23  8.40649e-23  8.73693e-23  9.04462e-23
  9.27739e-23  9.41723e-23  9.46866e-23  9.45204e-23  9.40789e-23  9.40376e-23
  9.52791e-23  9.85360e-23  1.03596e-22  1.07960e-22  1.05107e-22  8.33271e-23
  2.76473e-23 -7.07974e-23 -1.93310e-22 -2.59769e-22 -9.47346e-23  5.71345e-22
  2.00291e-21  4.18465e-21  6.32919e-21  6.26058e-21  4.52513e-23 -1.73555e-20
 -4.92756e-20 -9.13099e-20 -1.22134e-19 -9.41863e-20  6.77576e-20  4.46059e-19
  1.07010e-18  1.80481e-18  2.20051e-18  1.36867e-18 -1.97477e-18 -9.07750e-18
 -2.00877e-17 -3.22532e-17 -3.76921e-17 -2.18153e-17  3.54607e-17  1.52629e-16
  3.30538e-16  5.26471e-16  6.23265e-16  4.08415e-16 -4.08829e-16 -2.10352e-15
 -4.72637e-15 -7.76994e-15 -9.76722e-15 -7.99527e-15  1.39702e-15  2.23941e-14
  5.68086e-14  1.00485e-13  1.38510e-13  1.41057e-13  6.30042e-14 -1.48218e-13
 -5.31714e-13 -1.07624e-12 -1.66988e-12 -2.04856e-12 -1.76875e-12 -2.43256e-13
  3.11423e-12  8.59846e-12  1.57735e-11  2.29502e-11  2.67445e-11  2.19916e-11
  2.37660e-12 -3.78604e-11 -1.00944e-10 -1.81484e-10 -2.62062e-10 -3.10018e-10
 -2.77658e-10 -1.08473e-10  2.48454e-10  8.15218e-10  1.55526e-09  2.34312e-09
  2.94446e-09  3.02012e-09  2.16892e-09  1.90713e-11 -3.63213e-09 -8.64781e-09
 -1.43884e-08 -1.96138e-08 -2.25213e-08 -2.09827e-08 -1.30157e-08  2.53236e-09
  2.51925e-08  5.21641e-08  7.79547e-08  9.46580e-08  9.31131e-08  6.50272e-08
  5.89563e-09 -8.17733e-08 -1.85749e-07 -2.82942e-07 -3.40915e-07 -3.22863e-07
 -1.96235e-07  5.57745e-08  4.21770e-07  8.51741e-07  1.25239e-06  1.49191e-06
  1.41696e-06  8.82495e-07 -2.07850e-07 -1.85650e-06 -3.93076e-06 -6.13677e-06
 -8.01935e-06 -8.99661e-06 -8.43201e-06 -5.73984e-06 -5.10989e-07  7.36179e-06
  1.75848e-05  2.94167e-05  4.16954e-05  5.29478e-05  6.15775e-05  6.61067e-05
  6.54361e-05  5.90731e-05  4.72828e-05  3.11202e-05  1.23248e-05 -6.91690e-06
 -2.43093e-05 -3.78311e-05 -4.60940e-05 -4.86080e-05 -4.58963e-05 -3.94299e-05
 -3.13841e-05 -2.42538e-05 -2.03934e-05 -2.15621e-05 -2.85598e-05 -4.10228e-05
 -5.74221e-05 -7.52746e-05 -9.15369e-05 -1.03121e-04 -1.07446e-04 -1.02932e-04
 -8.93433e-05 -6.79133e-05 -4.12082e-05 -1.27434e-05  1.36032e-05  3.42861e-05
  4.67756e-05  5.01006e-05  4.51385e-05  3.45768e-05  2.25326e-05  1.38782e-05
  1.33850e-05  2.48360e-05  5.02697e-05  8.94965e-05  1.39976e-04  1.97076e-04
  2.54674e-04  3.05976e-04  3.44445e-04  3.64678e-04  3.63130e-04  3.38598e-04
  2.92420e-04  2.28391e-04  1.52401e-04  7.18201e-05 -5.31417e-06 -7.12460e-05
 -1.19497e-04 -1.45780e-04 -1.48694e-04 -1.30054e-04 -9.47508e-05 -5.01172e-05
 -4.83910e-06  3.24154e-05  5.44278e-05  5.66540e-05  3.80064e-05  1.03301e-06
 -4.85460e-05 -1.02859e-04 -1.53265e-04 -1.91842e-04 -2.12709e-04 -2.12971e-04
 -1.93132e-04 -1.56959e-04 -1.10817e-04 -6.26378e-05 -2.06527e-05  7.89991e-06
  1.79282e-05  7.33972e-06 -2.25291e-05 -6.69824e-05 -1.18551e-04 -1.68043e-04
 -2.05923e-04 -2.23839e-04 -2.16028e-04 -1.80381e-04 -1.18940e-04 -3.77166e-05
  5.41662e-05  1.45881e-04  2.26609e-04  2.87242e-04  3.21782e-04  3.28160e-04
  3.08345e-04  2.67743e-04  2.14024e-04  1.55623e-04  1.00224e-04  5.35355e-05
  1.85651e-05 -4.46921e-06 -1.76328e-05 -2.43206e-05 -2.81091e-05 -3.17010e-05
 -3.62194e-05 -4.10213e-05 -4.40636e-05 -4.27176e-05 -3.48050e-05 -1.95691e-05
  1.69748e-06  2.55632e-05  4.69646e-05  6.02143e-05  6.02785e-05  4.40182e-05
  1.10898e-05 -3.57184e-05 -9.08070e-05 -1.46675e-04 -1.95223e-04 -2.29174e-04
 -2.43322e-04 -2.35375e-04 -2.06271e-04 -1.59935e-04 -1.02579e-04 -4.16948e-05
  1.50944e-05  6.11248e-05  9.16017e-05  1.04213e-04  9.93826e-05  8.01269e-05
  5.15288e-05  1.98768e-05 -8.42076e-06 -2.79845e-05 -3.54749e-05 -3.02563e-05
 -1.45444e-05  7.04404e-06  2.84915e-05  4.37512e-05  4.81949e-05  3.97950e-05
  1.97331e-05 -7.75716e-06 -3.63218e-05 -5.90039e-05 -6.99915e-05 -6.61582e-05
 -4.79888e-05 -1.96210e-05  1.20434e-05  3.89610e-05  5.39078e-05  5.22821e-05
  3.32865e-05  1.83390e-07 -4.04385e-05 -8.01946e-05 -1.10836e-04 -1.26098e-04
 -1.23028e-04 -1.02508e-04 -6.89168e-05 -2.90819e-05  9.16398e-06  3.84784e-05
  5.32486e-05  5.03955e-05  2.96917e-05 -6.34757e-06 -5.29006e-05 -1.03508e-04
 -1.50916e-04 -1.88056e-04 -2.09119e-04 -2.10606e-04 -1.92190e-04 -1.57144e-04
 -1.12116e-04 -6.61453e-05 -2.89760e-05 -8.95524e-06 -1.09640e-05 -3.49122e-05
 -7.52533e-05 -1.21756e-04 -1.61467e-04 -1.81480e-04 -1.71891e-04 -1.28238e-04
 -5.28364e-05  4.53364e-05  1.52192e-04  2.51173e-04  3.26395e-04  3.65615e-04
  3.62424e-04  3.17255e-04  2.37108e-04  1.34106e-04  2.32576e-05 -8.01383e-05
 -1.62961e-04 -2.16206e-04 -2.36111e-04 -2.24315e-04 -1.87068e-04 -1.33666e-04
 -7.44025e-05 -1.84590e-05  2.78369e-05  6.19881e-05  8.53101e-05  1.01914e-04
  1.16948e-04  1.34571e-04  1.56238e-04  1.79831e-04  1.99938e-04  2.09273e-04
  2.00882e-04  1.70515e-04  1.18476e-04  5.03515e-05 -2.36521e-05 -9.06790e-05
 -1.38027e-04 -1.56084e-04 -1.40654e-04 -9.40877e-05 -2.49277e-05  5.38208e-05
  1.27395e-04  1.82314e-04  2.09085e-04  2.04002e-04  1.69679e-04  1.14279e-04
  4.96125e-05 -1.14399e-05 -5.76266e-05 -8.15829e-05 -8.11704e-05 -5.96297e-05
 -2.45370e-05  1.41770e-05  4.66702e-05  6.55103e-05  6.73190e-05  5.33520e-05
  2.88934e-05  1.64269e-06 -2.04711e-05 -3.14724e-05 -2.89434e-05 -1.46302e-05
  6.11055e-06  2.58757e-05  3.73720e-05  3.55742e-05  1.92777e-05 -8.41304e-06
 -4.08394e-05 -6.96174e-05 -8.70511e-05 -8.84438e-05 -7.36172e-05 -4.71506e-05
 -1.72133e-05  6.71524e-06  1.65962e-05  8.25202e-06 -1.72681e-05 -5.37972e-05
 -9.16229e-05 -1.20086e-04 -1.30479e-04 -1.18439e-04 -8.52132e-05 -3.74638e-05
  1.42825e-05  5.81291e-05  8.36107e-05  8.41357e-05  5.85236e-05  1.13268e-05
 -4.81005e-05 -1.07559e-04 -1.54557e-04 -1.78916e-04 -1.74881e-04 -1.42279e-04
 -8.64767e-05 -1.71300e-05  5.39922e-05  1.15613e-04  1.59356e-04  1.81380e-04
  1.82819e-04  1.68943e-04  1.47285e-04  1.25253e-04  1.07926e-04  9.66618e-05
  8.89362e-05  7.94620e-05  6.22695e-05  3.31263e-05 -8.44490e-06 -5.81956e-05
 -1.07591e-04 -1.45622e-04 -1.61558e-04 -1.47916e-04 -1.02834e-04 -3.11710e-05
  5.60467e-05  1.43767e-04  2.16173e-04  2.60277e-04  2.68969e-04  2.42714e-04
  1.89460e-04  1.22707e-04  5.81989e-05  1.00485e-05 -1.27364e-05 -8.41619e-06
  1.71871e-05  5.23449e-05  8.25824e-05  9.44958e-05  7.92125e-05  3.46028e-05
 -3.42772e-05 -1.16524e-04 -1.98034e-04 -2.64686e-04 -3.05206e-04 -3.13087e-04
 -2.87263e-04 -2.31635e-04 -1.53812e-04 -6.35410e-05  2.87936e-05  1.13369e-04
  1.81802e-04  2.27777e-04  2.47496e-04  2.39968e-04  2.07054e-04  1.53172e-04
  8.46376e-05  8.72030e-06 -6.73634e-05 -1.37273e-04 -1.95988e-04 -2.39839e-04
 -2.66289e-04 -2.73726e-04 -2.61520e-04 -2.30451e-04 -1.83343e-04 -1.25554e-04
 -6.48846e-05 -1.05873e-05  2.84968e-05  4.62946e-05  4.16262e-05  1.92966e-05
 -1.04512e-05 -3.42522e-05 -3.92446e-05 -1.70239e-05  3.32976e-05  1.04005e-04
  1.80218e-04  2.43655e-04  2.77752e-04  2.72672e-04  2.28676e-04  1.56729e-04
  7.60049e-05  8.89692e-06 -2.50956e-05 -1.48356e-05  3.92437e-05  1.25163e-04
  2.22679e-04  3.08874e-04  3.64437e-04  3.78792e-04  3.52646e-04  2.97269e-04
  2.30850e-04  1.73099e-04  1.39751e-04  1.38569e-04  1.67885e-04  2.17914e-04
  2.74191e-04  3.21905e-04  3.49753e-04  3.52231e-04  3.29888e-04  2.87799e-04
  2.33055e-04  1.72278e-04  1.10029e-04  4.85263e-05 -1.14682e-05 -6.91581e-05
 -1.22388e-04 -1.67127e-04 -1.98057e-04 -2.10101e-04 -2.00350e-04 -1.69697e-04
 -1.23528e-04 -7.11581e-05 -2.40795e-05  6.54886e-06  1.24874e-05 -9.60718e-06
 -5.73360e-05 -1.23060e-04 -1.95617e-04 -2.62823e-04 -3.14147e-04 -3.42927e-04
 -3.47613e-04 -3.31754e-04 -3.02783e-04 -2.69910e-04 -2.41689e-04 -2.23896e-04
 -2.18294e-04 -2.22598e-04 -2.31608e-04 -2.39137e-04 -2.40063e-04 -2.31828e-04
 -2.14847e-04 -1.91705e-04 -1.65463e-04 -1.37753e-04 -1.07493e-04 -7.08280e-05
 -2.25068e-05  4.16904e-05  1.22316e-04  2.14429e-04  3.07408e-04  3.86721e-04
  4.37278e-04  4.47432e-04  4.12386e-04  3.35910e-04  2.29783e-04  1.11059e-04
 -2.04288e-06 -9.44399e-05 -1.57454e-04 -1.90198e-04 -1.98805e-04 -1.93880e-04
 -1.87009e-04 -1.87369e-04 -1.99356e-04 -2.21758e-04 -2.48583e-04 -2.71145e-04
 -2.80764e-04 -2.71313e-04 -2.40953e-04 -1.92629e-04 -1.33266e-04 -7.19032e-05
 -1.72839e-05  2.44418e-05  5.12694e-05  6.57031e-05  7.37974e-05  8.31202e-05
  1.00216e-04  1.28328e-04  1.66123e-04  2.07878e-04  2.45160e-04  2.69544e-04
  2.75511e-04  2.62573e-04  2.35827e-04  2.04651e-04  1.79824e-04  1.69960e-04
  1.78394e-04  2.01616e-04  2.29852e-04  2.49755e-04  2.48404e-04  2.17413e-04
  1.55829e-04  7.09065e-05 -2.34998e-05 -1.10398e-04 -1.73874e-04 -2.02751e-04
 -1.92606e-04 -1.45688e-04 -6.89966e-05  2.85722e-05  1.38855e-04  2.55807e-04
  3.75182e-04  4.92775e-04  6.02102e-04  6.92708e-04  7.50133e-04  7.57988e-04
  7.01810e-04  5.73637e-04  3.75838e-04  1.22823e-04 -1.60191e-04 -4.41288e-04
 -6.87898e-04 -8.73207e-04 -9.81223e-04 -1.00917e-03 -9.66637e-04 -8.71934e-04
 -7.46719e-04 -6.10592e-04 -4.77100e-04 -3.52160e-04 -2.35101e-04 -1.21740e-04
 -8.32340e-06  1.05000e-04  2.12290e-04  3.02075e-04  3.59656e-04  3.70700e-04
  3.25079e-04  2.19794e-04  6.02188e-05 -1.40670e-04 -3.64792e-04 -5.92476e-04
 -8.06036e-04 -9.92517e-04 -1.14502e-03 -1.26241e-03 -1.34769e-03 -1.40565e-03
 -1.44044e-03 -1.45384e-03 -1.44453e-03 -1.40856e-03 -1.34072e-03 -1.23632e-03
 -1.09294e-03 -9.11564e-04 -6.96802e-04 -4.56279e-04 -1.99319e-04  6.45567e-05
  3.26876e-04  5.80814e-04  8.21024e-04  1.04286e-03  1.24136e-03  1.41062e-03
  1.54378e-03  1.63410e-03  1.67663e-03  1.67016e-03  1.61857e-03  1.53099e-03
  1.42045e-03  1.30101e-03  1.18426e-03  1.07610e-03  9.74776e-04  8.71209e-04
  7.51452e-04  6.00926e-04  4.09219e-04  1.74087e-04 -9.65379e-05 -3.85180e-04
 -6.67932e-04 -9.19205e-04 -1.11679e-03 -1.24588e-03 -1.30116e-03 -1.28651e-03
 -1.21296e-03 -1.09548e-03 -9.49999e-04 -7.91133e-04 -6.31340e-04 -4.81088e-04
 -3.49594e-04 -2.45409e-04 -1.76303e-04 -1.48303e-04 -1.64147e-04 -2.21736e-04
 -3.13273e-04 -4.25564e-04 -5.41624e-04 -6.43294e-04 -7.14242e-04 -7.42609e-04
 -7.22658e-04 -6.55107e-04 -5.46190e-04 -4.05840e-04 -2.45573e-04 -7.66396e-05
  9.11701e-05  2.49943e-04  3.93430e-04  5.16522e-04  6.14759e-04  6.84137e-04
  7.21304e-04  7.24033e-04  6.91787e-04  6.26100e-04  5.30611e-04  4.10717e-04
  2.72947e-04  1.24298e-04 -2.82167e-05 -1.77617e-04 -3.16553e-04 -4.36623e-04
 -5.27694e-04 -5.77634e-04 -5.72765e-04 -4.99208e-04 -3.44990e-04 -1.02559e-04
  2.28859e-04  6.41663e-04  1.11949e-03  1.63825e-03  2.16843e-03  2.67821e-03
  3.13688e-03  3.51782e-03  3.80068e-03  3.97249e-03  4.02786e-03  3.96831e-03
  3.80125e-03  3.53866e-03  3.19577e-03  2.78957e-03  2.33738e-03  1.85525e-03
  1.35652e-03  8.50779e-04  3.43451e-04 -1.63561e-04 -6.70322e-04 -1.17657e-03
 -1.67924e-03 -2.17055e-03 -2.63722e-03 -3.06124e-03 -3.42219e-03 -3.70051e-03
 -3.88103e-03 -3.95585e-03 -3.92581e-03 -3.80030e-03 -3.59539e-03 -3.33094e-03
 -3.02744e-03 -2.70329e-03 -2.37308e-03 -2.04722e-03 -1.73254e-03 -1.43358e-03
 -1.15393e-03 -8.97090e-04 -6.66586e-04 -4.65293e-04 -2.94278e-04 -1.51616e-04
 -3.17252e-05  7.43628e-05  1.77618e-04  2.88678e-04  4.15021e-04  5.58373e-04
  7.13064e-04  8.65934e-04  9.98028e-04  1.08789e-03  1.11581e-03  1.06820e-03
  9.40951e-04  7.41139e-04  4.86576e-04  2.03274e-04 -7.86141e-05 -3.29525e-04
 -5.24924e-04 -6.48604e-04 -6.94292e-04 -6.65410e-04 -5.73202e-04 -4.33722e-04
 -2.64365e-04 -8.05909e-05  1.06582e-04  2.91953e-04  4.76262e-04  6.65161e-04
  8.67343e-04  1.09223e-03  1.34770e-03  1.63813e-03  1.96310e-03  2.31678e-03
  2.68792e-03  3.06044e-03  3.41439e-03  3.72739e-03  3.97633e-03  4.13953e-03
  4.19903e-03  4.14286e-03  3.96696e-03  3.67618e-03  3.28405e-03  2.81134e-03
  2.28342e-03  1.72702e-03  1.16700e-03  6.23844e-04  1.12239e-04 -3.59156e-04
 -7.86951e-04 -1.17181e-03 -1.51727e-03 -1.82898e-03 -2.11439e-03 -2.38263e-03
 -2.64429e-03 -2.91052e-03 -3.19135e-03 -3.49337e-03 -3.81734e-03 -4.15623e-03
 -4.49459e-03 -4.80968e-03 -5.07416e-03 -5.26026e-03 -5.34435e-03 -5.31104e-03
 -5.15595e-03 -4.88662e-03 -4.52126e-03 -4.08592e-03 -3.61052e-03 -3.12462e-03
 -2.65383e-03 -2.21712e-03 -1.82571e-03 -1.48307e-03 -1.18610e-03 -9.26813e-04
 -6.94189e-04 -4.75872e-04 -2.59416e-04 -3.31229e-05  2.13452e-04  4.89146e-04
  8.00805e-04  1.15277e-03  1.54625e-03  1.97871e-03  2.44335e-03  2.92906e-03
  3.42070e-03  3.89983e-03  4.34581e-03  4.73702e-03  5.05214e-03  5.27141e-03
  5.37774e-03  5.35800e-03  5.20421e-03  4.91489e-03  4.49621e-03  3.96270e-03
  3.33730e-03  2.65037e-03  1.93754e-03  1.23660e-03  5.83847e-04  1.02275e-05
 -4.61893e-04 -8.20938e-04 -1.06691e-03 -1.21070e-03 -1.27204e-03 -1.27648e-03
 -1.25178e-03 -1.22426e-03 -1.21549e-03 -1.23966e-03 -1.30194e-03 -1.39793e-03
 -1.51440e-03 -1.63119e-03 -1.72407e-03 -1.76846e-03 -1.74324e-03 -1.63439e-03
 -1.43763e-03 -1.15982e-03 -8.18675e-04 -4.40814e-04 -5.84988e-05  2.94509e-04
  5.87266e-04  7.95474e-04  9.04256e-04  9.09553e-04  8.18062e-04  6.45899e-04
  4.16327e-04  1.56959e-04 -1.03183e-04 -3.36491e-04 -5.19297e-04 -6.34016e-04
 -6.70819e-04 -6.28692e-04 -5.15702e-04 -3.48273e-04 -1.49344e-04  5.44976e-05
  2.36602e-04  3.74028e-04  4.50817e-04  4.60159e-04  4.05012e-04  2.97093e-04
  1.54494e-04 -1.52759e-06 -1.49913e-04 -2.72684e-04 -3.56909e-04 -3.95590e-04
 -3.87557e-04 -3.36668e-04 -2.50651e-04 -1.39933e-04 -1.66510e-05  1.06052e-04
  2.14522e-04  2.94996e-04  3.34126e-04  3.19777e-04  2.42221e-04  9.57199e-05
 -1.19677e-04 -3.96453e-04 -7.18516e-04 -1.06119e-03 -1.39264e-03 -1.67698e-03
 -1.87868e-03 -1.96779e-03 -1.92493e-03 -1.74506e-03 -1.43913e-03 -1.03314e-03
 -5.64702e-04 -7.77640e-05  3.83482e-04  7.80340e-04  1.08405e-03  1.27836e-03
  1.36016e-03  1.33839e-03  1.23190e-03  1.06648e-03  8.71719e-04  6.77644e-04
  5.11490e-04  3.94631e-04  3.40089e-04  3.50995e-04  4.20415e-04  5.32732e-04
  6.66443e-04  7.97841e-04  9.04811e-04  9.69937e-04  9.82310e-04  9.37894e-04
  8.38679e-04  6.91226e-04  5.05207e-04  2.92411e-04  6.62898e-05 -1.58214e-04
 -3.65037e-04 -5.37978e-04 -6.62463e-04 -7.27844e-04 -7.29661e-04 -6.71125e-04
 -5.63225e-04 -4.23229e-04 -2.71806e-04 -1.29464e-04 -1.31806e-05  6.59505e-05
  1.03555e-04  1.01276e-04  6.49555e-05  2.38495e-06 -7.86352e-05 -1.71411e-04
 -2.70468e-04 -3.70836e-04 -4.66944e-04 -5.51623e-04 -6.15656e-04 -6.48084e-04
 -6.37298e-04 -5.72752e-04 -4.47015e-04 -2.57867e-04 -1.00826e-05  2.83442e-04
  6.01576e-04  9.16154e-04  1.19463e-03  1.40408e-03  1.51603e-03  1.51135e-03
  1.38417e-03  1.14377e-03  8.13969e-04  4.29815e-04  3.22231e-05 -3.38259e-04
 -6.47233e-04 -8.70541e-04 -9.95966e-04 -1.02253e-03 -9.58067e-04 -8.16038e-04
 -6.12793e-04 -3.65869e-04 -9.35761e-05  1.84555e-04  4.47177e-04  6.71187e-04
  8.32920e-04  9.10527e-04  8.87097e-04  7.53792e-04  5.12205e-04  1.75363e-04
 -2.32877e-04 -6.79900e-04 -1.12749e-03 -1.53557e-03 -1.86607e-03 -2.08652e-03
 -2.17321e-03 -2.11365e-03 -1.90812e-03 -1.57013e-03 -1.12558e-03 -6.10575e-04
 -6.79211e-05  4.57253e-04  9.22228e-04  1.29112e-03  1.53836e-03  1.65086e-03
  1.62860e-03  1.48385e-03  1.23919e-03  9.24802e-04  5.75336e-04  2.26557e-04
 -8.79465e-05 -3.39899e-04 -5.09111e-04 -5.85599e-04 -5.70742e-04 -4.77160e-04
 -3.27142e-04 -1.49674e-04  2.36100e-05  1.62977e-04  2.44940e-04  2.55675e-04
  1.92953e-04  6.62833e-05 -1.04734e-04 -2.93553e-04 -4.70791e-04 -6.08668e-04
 -6.85093e-04 -6.86786e-04 -6.11019e-04 -4.65718e-04 -2.67991e-04 -4.13775e-05
  1.87685e-04  3.93536e-04  5.54521e-04  6.55293e-04  6.87991e-04  6.52324e-04
  5.54838e-04  4.07696e-04  2.27312e-04  3.29862e-05 -1.54469e-04 -3.14236e-04
 -4.27295e-04 -4.78538e-04 -4.58999e-04 -3.67809e-04 -2.13340e-04 -1.30692e-05
  2.08099e-04  4.20979e-04  5.96255e-04  7.08927e-04  7.42227e-04  6.90260e-04
  5.58925e-04  3.64979e-04  1.33485e-04 -1.05886e-04 -3.23076e-04 -4.91760e-04
 -5.92812e-04 -6.16691e-04 -5.64466e-04 -4.47354e-04 -2.84839e-04 -1.01592e-04
  7.63581e-05  2.25629e-04  3.29011e-04  3.77897e-04  3.73192e-04  3.24549e-04
  2.48107e-04  1.63188e-04  8.86217e-05  3.93804e-05  2.41229e-05  4.40249e-05
  9.30037e-05  1.59192e-04  2.27312e-04  2.81494e-04  3.08041e-04  2.97718e-04
  2.47239e-04  1.59764e-04  4.44126e-05 -8.51041e-05 -2.12460e-04 -3.21004e-04
 -3.96039e-04 -4.26807e-04 -4.07979e-04 -3.40527e-04 -2.31904e-04 -9.55141e-05
  5.05462e-05  1.85445e-04  2.88189e-04  3.40622e-04  3.30485e-04  2.54066e-04
  1.17867e-04 -6.12371e-05 -2.57646e-04 -4.40493e-04 -5.78478e-04 -6.45304e-04
 -6.24675e-04 -5.13846e-04 -3.24892e-04 -8.33377e-05  1.75712e-04  4.13269e-04
  5.92965e-04  6.87167e-04  6.81630e-04  5.77888e-04  3.93038e-04  1.57029e-04
 -9.20305e-05 -3.13740e-04 -4.71504e-04 -5.37951e-04 -4.98911e-04 -3.55417e-04
 -1.23545e-04  1.67834e-04  4.80993e-04  7.74406e-04  1.00818e-03  1.14922e-03
  1.17537e-03  1.07826e-03  8.64402e-04  5.54599e-04  1.81663e-04 -2.13276e-04
 -5.85561e-04 -8.92432e-04 -1.09849e-03 -1.18054e-03 -1.13107e-03 -9.59705e-04
 -6.92337e-04 -3.67698e-04 -3.19323e-05  2.68122e-04  4.91820e-04  6.10624e-04
  6.12053e-04  5.01053e-04  2.98661e-04  3.82908e-05 -2.39646e-04 -4.93867e-04
 -6.88154e-04 -7.96255e-04 -8.05129e-04 -7.16189e-04 -5.44441e-04 -3.15761e-04
 -6.27293e-05  1.80294e-04  3.82110e-04  5.18898e-04  5.77099e-04  5.54645e-04
  4.60464e-04  3.12526e-04  1.34855e-04 -4.59714e-05 -2.04348e-04 -3.18808e-04
 -3.74569e-04 -3.65277e-04 -2.93811e-04 -1.72049e-04 -1.95074e-05  1.39108e-04
  2.77291e-04  3.70673e-04  4.00980e-04  3.59347e-04  2.48362e-04  8.23655e-05
 -1.14197e-04 -3.10239e-04 -4.72833e-04 -5.72629e-04 -5.88984e-04 -5.13921e-04
 -3.54151e-04 -1.30708e-04  1.23903e-04  3.70644e-04  5.70199e-04  6.89446e-04
  7.06974e-04  6.16596e-04  4.28209e-04  1.65896e-04 -1.36296e-04 -4.39985e-04
 -7.08342e-04 -9.11170e-04 -1.02835e-03 -1.05134e-03 -9.82779e-04 -8.34680e-04
 -6.25841e-04 -3.78967e-04 -1.17977e-04  1.34342e-04  3.58287e-04  5.38796e-04
  6.66592e-04  7.38797e-04  7.58841e-04  7.35540e-04  6.81336e-04  6.09918e-04
  5.33610e-04  4.61086e-04  3.95914e-04  3.36287e-04  2.76046e-04  2.06762e-04
  1.20418e-04  1.20983e-05 -1.17924e-04 -2.63143e-04 -4.11049e-04 -5.44604e-04
 -6.44725e-04 -6.93349e-04 -6.76587e-04 -5.87451e-04 -4.27699e-04 -2.08444e-04
  5.06196e-05  3.23371e-04  5.80499e-04  7.93391e-04  9.38047e-04  9.98398e-04
  9.68481e-04  8.53095e-04  6.66890e-04  4.32068e-04  1.75156e-04 -7.65753e-05
 -2.98468e-04 -4.71122e-04 -5.82061e-04 -6.26344e-04 -6.06247e-04 -5.30252e-04
 -4.11599e-04 -2.66650e-04 -1.13214e-04  3.10911e-05  1.50376e-04  2.31896e-04
  2.67253e-04  2.53293e-04  1.92545e-04  9.30978e-05 -3.21585e-05 -1.66898e-04
 -2.93226e-04 -3.93846e-04 -4.54283e-04 -4.64881e-04 -4.22315e-04 -3.30353e-04
 -1.99718e-04 -4.69264e-05  1.07814e-04  2.43451e-04  3.41285e-04  3.87999e-04
  3.77945e-04  3.14212e-04  2.08186e-04  7.76256e-05 -5.63724e-05 -1.72926e-04
 -2.54691e-04 -2.90314e-04 -2.75603e-04 -2.13352e-04 -1.12089e-04  1.57714e-05
  1.55852e-04  2.93408e-04  4.14464e-04  5.06578e-04  5.59482e-04  5.65858e-04
  5.22332e-04  4.30539e-04  2.97915e-04  1.37770e-04 -3.17137e-05 -1.89619e-04
 -3.15328e-04 -3.91877e-04 -4.08901e-04 -3.64496e-04 -2.65568e-04 -1.26633e-04
  3.26301e-05  1.90446e-04  3.26003e-04  4.21929e-04  4.65911e-04  4.51434e-04
  3.77849e-04  2.50056e-04  7.80078e-05 -1.23889e-04 -3.37573e-04 -5.42514e-04
 -7.17433e-04 -8.42552e-04 -9.02143e-04 -8.86975e-04 -7.96121e-04 -6.37659e-04
 -4.27999e-04 -1.89815e-04  5.10745e-05  2.69356e-04  4.43699e-04  5.59469e-04
  6.10198e-04  5.97673e-04  5.30721e-04  4.23088e-04  2.90896e-04  1.50216e-04
  1.51647e-05 -1.03235e-04 -1.97434e-04 -2.63150e-04 -2.98864e-04 -3.05313e-04
 -2.85143e-04 -2.42761e-04 -1.84243e-04 -1.17102e-04 -4.96974e-05  9.75847e-06
  5.44938e-05  8.04683e-05  8.72807e-05  7.83457e-05  6.01739e-05  4.08474e-05
  2.80451e-05  2.71397e-05  3.99029e-05  6.41921e-05  9.47107e-05  1.24607e-04
  1.47429e-04  1.58842e-04  1.57608e-04  1.45551e-04  1.26579e-04  1.05096e-04
  8.43538e-05  6.52784e-05  4.61560e-05  2.32866e-05 -7.59582e-06 -4.95698e-05
 -1.02979e-04 -1.64566e-04 -2.27569e-04 -2.82788e-04 -3.20355e-04 -3.31784e-04
 -3.11780e-04 -2.59402e-04 -1.78348e-04 -7.63268e-05  3.62450e-05  1.47914e-04
  2.47824e-04  3.27004e-04  3.79117e-04  4.00663e-04  3.90741e-04  3.50615e-04
  2.83295e-04  1.93304e-04  8.66506e-05 -2.90825e-05 -1.44755e-04 -2.50004e-04
 -3.34061e-04 -3.87046e-04 -4.01556e-04 -3.74197e-04 -3.06650e-04 -2.05918e-04
 -8.35846e-05  4.58530e-05  1.67218e-04  2.66987e-04  3.35186e-04  3.66466e-04
  3.60202e-04  3.19736e-04  2.51103e-04  1.61673e-04  5.90995e-05 -4.92254e-05
 -1.56219e-04 -2.54887e-04 -3.38146e-04 -3.98978e-04 -4.31055e-04 -4.29737e-04
 -3.93191e-04 -3.23242e-04 -2.25622e-04 -1.09423e-04  1.41919e-05  1.33747e-04
  2.39267e-04  3.23685e-04  3.83527e-04  4.18747e-04  4.31845e-04  4.26571e-04
  4.06626e-04  3.74714e-04  3.32172e-04  2.79184e-04  2.15449e-04  1.41009e-04
  5.69747e-05 -3.40626e-05 -1.28029e-04 -2.19725e-04 -3.03405e-04 -3.73442e-04
 -4.24916e-04 -4.54074e-04 -4.58649e-04 -4.38072e-04 -3.93611e-04 -3.28449e-04
 -2.47669e-04 -1.58076e-04 -6.77760e-05  1.45290e-05  8.05184e-05  1.23408e-04
  1.39110e-04  1.27165e-04  9.12228e-05  3.88809e-05 -1.92057e-05 -7.08681e-05
 -1.04410e-04 -1.10683e-04 -8.48443e-05 -2.74118e-05  5.56374e-05  1.53776e-04
  2.53669e-04  3.41392e-04  4.04652e-04  4.34582e-04  4.26805e-04  3.81660e-04
  3.03708e-04  2.00784e-04  8.28799e-05 -3.88759e-05 -1.53044e-04 -2.48517e-04
 -3.15108e-04 -3.44222e-04 -3.29682e-04 -2.68668e-04 -1.62608e-04 -1.77909e-05
  1.54548e-04  3.38830e-04  5.16474e-04  6.67893e-04  7.74889e-04  8.23129e-04
  8.04305e-04  7.17594e-04  5.70115e-04  3.76236e-04  1.55750e-04 -6.88160e-05
 -2.75325e-04 -4.45052e-04 -5.65051e-04 -6.29490e-04 -6.39762e-04 -6.03465e-04
 -5.32571e-04 -4.41193e-04 -3.43396e-04 -2.51376e-04 -1.74197e-04 -1.17119e-04
 -8.14849e-05 -6.50870e-05 -6.29454e-05 -6.84265e-05 -7.45930e-05 -7.56077e-05
 -6.79389e-05 -5.10917e-05 -2.76466e-05 -2.53836e-06  1.82849e-05  2.94911e-05
  2.78431e-05  1.31124e-05 -1.18239e-05 -4.17163e-05 -7.02741e-05 -9.16966e-05
 -1.01975e-04 -9.96342e-05 -8.57694e-05 -6.34562e-05 -3.67596e-05 -9.65600e-06
  1.48500e-05  3.52286e-05  5.14897e-05  6.48662e-05  7.72513e-05  9.05483e-05
  1.06085e-04  1.24201e-04  1.44078e-04  1.63822e-04  1.80769e-04  1.91944e-04
  1.94585e-04  1.86614e-04  1.66980e-04  1.35816e-04  9.44125e-05  4.50441e-05
 -9.26923e-06 -6.50113e-05 -1.18391e-04 -1.65555e-04 -2.02833e-04 -2.27082e-04
 -2.36129e-04 -2.29277e-04 -2.07719e-04 -1.74726e-04 -1.35427e-04 -9.61313e-05
 -6.32595e-05 -4.20954e-05 -3.56606e-05 -4.40264e-05 -6.42786e-05 -9.11801e-05
 -1.18378e-04 -1.39845e-04 -1.51179e-04 -1.50434e-04 -1.38296e-04 -1.17626e-04
 -9.25211e-05 -6.72092e-05 -4.50528e-05 -2.78912e-05 -1.58225e-05 -7.40736e-06
 -1.82258e-07  8.66455e-06  2.16010e-05  4.01572e-05  6.45084e-05  9.32865e-05
  1.23646e-04  1.51595e-04  1.72558e-04  1.82109e-04  1.76774e-04  1.54745e-04
  1.16391e-04  6.44384e-05  3.77396e-06 -5.91147e-05 -1.16993e-04 -1.62897e-04
 -1.91178e-04 -1.98416e-04 -1.84066e-04 -1.50706e-04 -1.03826e-04 -5.11050e-05
 -1.25200e-06  3.74548e-05  5.86817e-05  5.93197e-05  4.02438e-05  6.34267e-06
 -3.42409e-05 -7.15478e-05 -9.56420e-05 -9.84812e-05 -7.54368e-05 -2.61683e-05
  4.52925e-05  1.31219e-04  2.21449e-04  3.04957e-04  3.71451e-04  4.12731e-04
  4.23645e-04  4.02538e-04  3.51198e-04  2.74351e-04  1.78830e-04  7.25607e-05
 -3.64344e-05 -1.40868e-04 -2.34707e-04 -3.13341e-04 -3.73432e-04 -4.12585e-04
 -4.29025e-04 -4.21447e-04 -3.89158e-04 -3.32489e-04 -2.53356e-04 -1.55773e-04
 -4.60822e-05  6.72438e-05  1.74303e-04  2.64876e-04  3.29782e-04  3.62238e-04
  3.58987e-04  3.21002e-04  2.53637e-04  1.66195e-04  7.09180e-05 -1.84853e-05
 -8.86301e-05 -1.28333e-04 -1.30315e-04 -9.24396e-05 -1.82490e-05  8.33539e-05
  1.99280e-04  3.14119e-04  4.12374e-04  4.80693e-04  5.09690e-04  4.95075e-04
  4.37950e-04  3.44310e-04  2.23908e-04  8.87595e-05 -4.84525e-05 -1.75833e-04
 -2.83441e-04 -3.64092e-04 -4.13773e-04 -4.31698e-04 -4.20036e-04 -3.83378e-04
 -3.27970e-04 -2.60837e-04 -1.88869e-04 -1.18013e-04 -5.26791e-05  4.53978e-06
  5.28109e-05  9.26875e-05  1.25522e-04  1.52807e-04  1.75601e-04  1.94170e-04
  2.07910e-04  2.15550e-04  2.15554e-04  2.06598e-04  1.87986e-04  1.59899e-04
  1.23428e-04  8.04238e-05  3.32284e-05 -1.56109e-05 -6.35553e-05 -1.08187e-04
 -1.47231e-04 -1.78543e-04 -2.00143e-04 -2.10335e-04 -2.07915e-04 -1.92438e-04
 -1.64439e-04 -1.25543e-04 -7.83944e-05 -2.64116e-05  2.65919e-05  7.68291e-05
  1.20912e-04  1.56104e-04  1.80436e-04  1.92692e-04  1.92353e-04  1.79531e-04
  1.54967e-04  1.20090e-04  7.71092e-05  2.90714e-05 -2.01798e-05 -6.62065e-05
 -1.04358e-04 -1.30309e-04 -1.40674e-04 -1.33607e-04 -1.09253e-04 -6.99492e-05
 -2.00953e-05  3.43207e-05  8.64981e-05  1.29779e-04  1.58619e-04  1.69383e-04
  1.60823e-04  1.34137e-04  9.26311e-05  4.10796e-05 -1.50548e-05 -7.03578e-05
 -1.20030e-04 -1.60226e-04 -1.88194e-04 -2.02299e-04 -2.02017e-04 -1.87960e-04
 -1.61894e-04 -1.26713e-04 -8.62509e-05 -4.49079e-05 -7.10258e-06  2.33463e-05
  4.37594e-05  5.29176e-05  5.10869e-05  3.97602e-05  2.12160e-05 -1.96582e-06
 -2.73002e-05 -5.26333e-05 -7.62212e-05 -9.67092e-05 -1.13091e-04 -1.24706e-04
 -1.31279e-04 -1.32983e-04 -1.30470e-04 -1.24825e-04 -1.17443e-04 -1.09837e-04
 -1.03413e-04 -9.92386e-05 -9.78188e-05 -9.88839e-05 -1.01221e-04 -1.02597e-04
 -9.98573e-05 -8.92712e-05 -6.71566e-05 -3.07149e-05  2.10870e-05  8.68289e-05
  1.62381e-04  2.41233e-04  3.15396e-04  3.76701e-04  4.18186e-04  4.35201e-04
  4.25995e-04  3.91654e-04  3.35494e-04  2.62160e-04  1.76727e-04  8.40587e-05
 -1.14421e-05 -1.05747e-04 -1.94936e-04 -2.74965e-04 -3.41666e-04 -3.91029e-04
 -4.19742e-04 -4.25826e-04 -4.09185e-04 -3.71888e-04 -3.18085e-04 -2.53533e-04
 -1.84809e-04 -1.18343e-04 -5.94553e-05 -1.15730e-05  2.42022e-05  4.90782e-05
  6.60853e-05  7.91987e-05  9.22557e-05  1.07920e-04  1.26956e-04  1.48019e-04
  1.68028e-04  1.83025e-04  1.89296e-04  1.84413e-04  1.67916e-04  1.41435e-04
  1.08252e-04  7.24581e-05  3.79815e-05  7.76396e-06 -1.67061e-05 -3.54489e-05
 -4.97123e-05 -6.15169e-05 -7.31925e-05 -8.70035e-05 -1.04869e-04 -1.28115e-04
 -1.57170e-04 -1.91205e-04 -2.27768e-04 -2.62566e-04 -2.89589e-04 -3.01673e-04
 -2.91519e-04 -2.53030e-04 -1.82694e-04 -8.07227e-05  4.83283e-05  1.95622e-04
  3.48806e-04  4.93364e-04  6.14371e-04  6.98370e-04  7.35145e-04  7.19129e-04
  6.50270e-04  5.34206e-04  3.81685e-04  2.07281e-04  2.75463e-05 -1.41122e-04
 -2.84560e-04 -3.92515e-04 -4.59640e-04 -4.85655e-04 -4.74724e-04 -4.34226e-04
 -3.73219e-04 -3.00927e-04 -2.25505e-04 -1.53272e-04 -8.84135e-05 -3.31123e-05
  1.20435e-05  4.75297e-05  7.43638e-05  9.36792e-05  1.06439e-04  1.13288e-04
  1.14519e-04  1.10130e-04  9.99290e-05  8.36771e-05  6.12406e-05  3.27409e-05
 -1.31543e-06 -3.99460e-05 -8.16593e-05 -1.24496e-04 -1.66152e-04 -2.04175e-04
 -2.36208e-04 -2.60243e-04 -2.74835e-04 -2.79220e-04 -2.73340e-04 -2.57738e-04
 -2.33386e-04 -2.01482e-04 -1.63283e-04 -1.20015e-04 -7.28866e-05 -2.31663e-05
  2.77087e-05  7.80719e-05  1.26059e-04  1.69748e-04  2.07388e-04  2.37635e-04
  2.59732e-04  2.73568e-04  2.79587e-04  2.78573e-04  2.71402e-04  2.58814e-04
  2.41305e-04  2.19146e-04  1.92529e-04  1.61769e-04  1.27494e-04  9.07654e-05
  5.30835e-05  1.62952e-05 -1.75797e-05 -4.65566e-05 -6.88946e-05 -8.32797e-05
 -8.89655e-05 -8.58615e-05 -7.45535e-05 -5.62432e-05 -3.26019e-05 -5.55310e-06
  2.29762e-05  5.12748e-05  7.79746e-05  1.02047e-04  1.22667e-04  1.39005e-04
  1.46351e-04  1.39637e-04  1.19480e-04  8.95511e-05  5.60836e-05  2.62983e-05
  6.04425e-06 -2.51698e-06 -2.15174e-06  0.00000e+00  0.00000e+00  0.00000e+00
  0.00000e+00  0.00000e+00  0.00000e+00  0.00000e+00  0.00000e+00  0.00000e+00
  0.00000e+00  0.00000e+00  0.00000e+00  0.00000e+00  0.00000e+00  0.00000e+00
  0.00000e+00  0.00000e+00  0.00000e+00  0.00000e+00  0.00000e+00  0.00000e+00
  0.00000e+00  0.00000e+00  0.00000e+00  0.00000e+00  0.00000e+00  0.00000e+00
  0.00000e+00  0.00000e+00  0.00000e+00  0.00000e+00  0.00000e+00  0.00000e+00
  0.00000e+00  0.00000e+00  0.00000e+00  0.00000e+00
