NNZ        090 TITLE
2500  8.00000e-02 0 0  0.00000e+00  0.00000e+00  0.00000e+00  0.00000e+00
 -2.71000e-23 -2.61418e-23 -2.53812e-23 -2.40730e-23 -2.20303e-23 -2.00798e-23
 -1.96984e-23 -2.19992e-23 -2.67712e-23 -3.23239e-23 -3.63622e-23 -3.73798e-23
 -3.56365e-23 -3.30178e-23 -3.18157e-23 -3.32239e-23 -3.65537e-23 -3.97015e-23
 -4.05532e-23 -3.83825e-23 -3.43270e-23 -3.06639e-23 -2.94095e-23 -3.11783e-23
 -3.49955e-23 -3.90791e-23 -4.19795e-23 -4.33111e-23 -4.36799e-23 -4.40035e-23
 -4.47910e-23 -4.58826e-23 -4.67383e-23 -4.69591e-23 -4.66055e-23 -4.60895e-23
 -4.57763e-23 -4.56345e-23 -4.52160e-23 -4.39818e-23 -4.17406e-23 -3.89055e-23
 -3.64012e-23 -3.52807e-23 -3.62590e-23 -3.93931e-23 -4.40393e-23 -4.90939e-23
 -5.34103e-23 -5.62271e-23 -5.74287e-23 -5.75150e-23 -5.72740e-23 -5.73152e-23
 -5.77208e-23 -5.80396e-23 -5.76537e-23 -5.62980e-23 -5.43806e-23 -5.28481e-23
 -5.26388e-23 -5.40616e-23 -5.65269e-23 -5.88408e-23 -5.98974e-23 -5.93239e-23
 -5.76548e-23 -5.59333e-23 -5.50274e-23 -5.51346e-23 -5.57952e-23 -5.63595e-23
 -5.65319e-23 -5.65846e-23 -5.70997e-23 -5.84604e-23 -6.04897e-23 -6.25133e-23
 -6.37926e-23 -6.40029e-23 -6.34104e-23 -6.26457e-23 -6.22720e-23 -6.24777e-23
 -6.30978e-23 -6.38907e-23 -6.48026e-23 -6.59839e-23 -6.75520e-23 -6.93220e-23
 -7.07685e-23 -7.12985e-23 -7.06539e-23 -6.91382e-23 -6.74782e-23 -6.64016e-23
 -6.62281e-23 -6.67593e-23 -6.75214e-23 -6.81486e-23 -6.85983e-23 -6.90416e-23
 -6.95516e-23 -6.98883e-23 -6.96078e-23 -6.84524e-23 -6.67239e-23 -6.53109e-23
 -6.52759e-23 -6.72375e-23 -7.09553e-23 -7.54022e-23 -7.92769e-23 -8.16125e-23
 -8.20989e-23 -8.09735e-23 -7.86611e-23 -7.54973e-23 -7.17509e-23 -6.78625e-23
 -6.46047e-23 -6.29173e-23 -6.34464e-23 -6.61018e-23 -6.99915e-23 -7.38487e-23
 -7.67064e-23 -7.83719e-23 -7.93789e-23 -8.04580e-23 -8.19099e-23 -8.33297e-23
 -8.38802e-23 -8.29165e-23 -8.05255e-23 -7.76040e-23 -7.54141e-23 -7.48922e-23
 -7.61259e-23 -7.82888e-23 -8.00462e-23 -8.01970e-23 -7.82301e-23 -7.45607e-23
 -7.03697e-23 -6.71374e-23 -6.60623e-23 -6.75914e-23 -7.12576e-23 -7.59022e-23
 -8.01959e-23 -8.32116e-23 -8.47558e-23 -8.52859e-23 -8.54790e-23 -8.57310e-23
 -8.59097e-23 -8.55108e-23 -8.40961e-23 -8.16983e-23 -7.89090e-23 -7.65895e-23
 -7.54027e-23 -7.54790e-23 -7.64193e-23 -7.76058e-23 -7.85923e-23 -7.93207e-23
 -8.00526e-23 -8.11005e-23 -8.25615e-23 -8.42241e-23 -8.56908e-23 -8.66185e-23
 -8.69200e-23 -8.68044e-23 -8.66364e-23 -8.66976e-23 -8.69909e-23 -8.72132e-23
 -8.69357e-23 -8.59084e-23 -8.43118e-23 -8.27770e-23 -8.21137e-23 -8.28666e-23
 -8.49584e-23 -8.76545e-23 -8.99047e-23 -9.08719e-23 -9.03236e-23 -8.86481e-23
 -8.65068e-23 -8.43909e-23 -8.24075e-23 -8.04401e-23 -7.85309e-23 -7.71429e-23
 -7.70334e-23 -7.87650e-23 -8.21803e-23 -8.62470e-23 -8.94570e-23 -9.05875e-23
 -8.93610e-23 -8.65774e-23 -8.36270e-23 -8.16912e-23 -8.11442e-23 -8.15250e-23
 -8.20606e-23 -8.23453e-23 -8.26801e-23 -8.38139e-23 -8.62552e-23 -8.96477e-23
 -9.26942e-23 -9.37710e-23 -9.18980e-23 -8.74531e-23 -8.21290e-23 -7.80892e-23
 -7.68046e-23 -7.82875e-23 -8.12180e-23 -8.38908e-23 -8.53633e-23 -8.60344e-23
 -8.72481e-23 -9.01780e-23 -9.47644e-23 -9.94746e-23 -1.02120e-22 -1.01236e-22
 -9.71101e-23 -9.17415e-23 -8.77130e-23 -8.66712e-23 -8.83900e-23 -9.10012e-23
 -9.22149e-23 -9.07282e-23 -8.69424e-23 -8.26090e-23 -7.97246e-23 -7.94250e-23
 -8.15255e-23 -8.48574e-23 -8.80380e-23 -9.01341e-23 -9.08880e-23 -9.05476e-23
 -8.95749e-23 -8.84594e-23 -8.76491e-23 -8.74696e-23 -8.79510e-23 -8.86725e-23
 -8.88356e-23 -8.76635e-23 -8.49503e-23 -8.13840e-23 -7.83453e-23 -7.72193e-23
 -7.86236e-23 -8.20591e-23 -8.62287e-23 -8.98151e-23 -9.21935e-23 -9.36114e-23
 -9.47619e-23 -9.61062e-23 -9.74617e-23 -9.81449e-23 -9.75272e-23 -9.55636e-23
 -9.28910e-23 -9.04408e-23 -8.88712e-23 -8.82453e-23 -8.81660e-23 -8.82171e-23
 -8.83344e-23 -8.88093e-23 -8.99370e-23 -9.16154e-23 -9.32462e-23 -9.40534e-23
 -9.35995e-23 -9.21083e-23 -9.03258e-23 -8.89932e-23 -8.83003e-23 -8.77348e-23
 -8.64724e-23 -8.40697e-23 -8.09788e-23 -7.84837e-23 -7.80278e-23 -8.03151e-23
 -8.47556e-23 -8.96479e-23 -9.30474e-23 -9.38322e-23 -9.23304e-23 -9.01184e-23
 -8.90955e-23 -9.03836e-23 -9.37043e-23 -9.75936e-23 -1.00294e-22 -1.00756e-22
 -9.91485e-23 -9.66043e-23 -9.44376e-23 -9.33723e-23 -9.32635e-23 -9.34208e-23
 -9.32257e-23 -9.25671e-23 -9.18029e-23 -9.13309e-23 -9.11477e-23 -9.07631e-23
 -8.95561e-23 -8.73131e-23 -8.45412e-23 -8.23076e-23 -8.16879e-23 -8.31755e-23
 -8.64251e-23 -9.04650e-23 -9.42100e-23 -9.69379e-23 -9.84636e-23 -9.89813e-23
 -9.87605e-23 -9.79400e-23 -9.65451e-23 -9.46656e-23 -9.26114e-23 -9.08949e-23
 -9.00196e-23 -9.02028e-23 -9.12157e-23 -9.24570e-23 -9.32453e-23 -9.31765e-23
 -9.23511e-23 -9.13308e-23 -9.08319e-23 -9.13120e-23 -9.26850e-23 -9.43451e-23
 -9.55100e-23 -9.56949e-23 -9.50275e-23 -9.41847e-23 -9.39583e-23 -9.47001e-23
 -9.60030e-23 -9.68485e-23 -9.61676e-23 -9.34914e-23 -8.92970e-23 -8.48333e-23
 -8.15315e-23 -8.03466e-23 -8.13961e-23 -8.40473e-23 -8.73304e-23 -9.03881e-23
 -9.27266e-23 -9.42180e-23 -9.49710e-23 -9.52127e-23 -9.52202e-23 -9.52266e-23
 -9.52233e-23 -9.47105e-23 -9.26069e-23 -8.76083e-23 -7.92194e-23 -6.94869e-23
 -6.51093e-23 -7.88944e-23 -1.28280e-22 -2.26959e-22 -3.64850e-22 -4.74476e-22
 -3.92460e-22  1.53743e-22  1.47395e-21  3.67541e-21  6.19029e-21  7.11761e-21
  2.68519e-21 -1.24531e-20 -4.29325e-20 -8.71417e-20 -1.28017e-19 -1.22331e-19
  4.48959e-21  3.44499e-19  9.55583e-19  1.75583e-18  2.36773e-18  1.96332e-18
 -7.60956e-19 -7.26074e-18 -1.82023e-17 -3.17205e-17 -4.10454e-17 -3.23969e-17
  1.48693e-17  1.22747e-16  3.00144e-16  5.17532e-16  6.73706e-16  5.67350e-16
 -1.00305e-16 -1.65202e-15 -4.24649e-15 -7.55147e-15 -1.03139e-14 -9.97386e-15
 -2.62210e-15  1.62457e-14  4.96715e-14  9.55518e-14  1.41596e-13  1.60297e-13
  1.06824e-13 -7.56224e-14 -4.37656e-13 -9.88555e-13 -1.64466e-12 -2.17104e-12
 -2.13979e-12 -9.43487e-13  2.08688e-12  7.41318e-12  1.48527e-11  2.30174e-11
  2.87754e-11  2.70006e-11  1.09898e-11 -2.60455e-11 -8.81122e-11 -1.72236e-10
 -2.63562e-10 -3.31184e-10 -3.26973e-10 -1.90232e-10  1.39169e-10  6.97766e-10
  1.46700e-09  2.33870e-09  3.08811e-09  3.36901e-09  2.74777e-09  7.89494e-10
 -2.79965e-09 -7.98754e-09 -1.42246e-08 -2.03052e-08 -2.43600e-08 -2.40543e-08
 -1.70484e-08 -1.71356e-09  2.19838e-08  5.16200e-08  8.17589e-08  1.04037e-07
  1.08194e-07  8.42049e-08  2.54271e-08 -6.77143e-08 -1.84336e-07 -3.01170e-07
 -3.83382e-07 -3.89197e-07 -2.78775e-07 -2.67780e-08  3.63265e-07  8.45966e-07
  1.32666e-06  1.66395e-06  1.68588e-06  1.22105e-06  1.43022e-07 -1.57796e-06
 -3.82561e-06 -6.30323e-06 -8.52762e-06 -9.86192e-06 -9.59282e-06 -7.04819e-06
 -1.74174e-06  6.47918e-06  1.73129e-05  2.99419e-05  4.30570e-05  5.49815e-05
  6.38897e-05  6.80958e-05  6.63650e-05  5.81913e-05  4.39788e-05  2.50782e-05
  3.64996e-06 -1.76384e-05 -3.60404e-05 -4.92129e-05 -5.56602e-05 -5.50501e-05
 -4.83281e-05 -3.75929e-05 -2.57418e-05 -1.59436e-05 -1.10326e-05 -1.29395e-05
 -2.22719e-05 -3.81312e-05 -5.82108e-05 -7.91648e-05 -9.71877e-05 -1.08701e-04
 -1.11025e-04 -1.02911e-04 -8.48276e-05 -5.89529e-05 -2.88469e-05  1.14091e-06
  2.66398e-05  4.40735e-05  5.13792e-05  4.84923e-05  3.74923e-05  2.23582e-05
  8.34857e-06  1.09583e-06  5.56419e-06  2.50592e-05  6.04807e-05  1.09974e-04
  1.69061e-04  2.31248e-04  2.88994e-04  3.34877e-04  3.62731e-04  3.68550e-04
  3.51020e-04  3.11603e-04  2.54212e-04  1.84559e-04  1.09355e-04  3.54719e-05
 -3.07956e-05 -8.43080e-05 -1.21490e-04 -1.40580e-04 -1.41747e-04 -1.27072e-04
 -1.00386e-04 -6.69189e-05 -3.27442e-05 -4.02365e-06  1.38761e-05  1.72658e-05
  4.84434e-06 -2.19343e-05 -5.89638e-05 -1.00099e-04 -1.38201e-04 -1.66447e-04
 -1.79643e-04 -1.75270e-04 -1.54058e-04 -1.19935e-04 -7.93556e-05 -4.01339e-05
 -1.00008e-05  4.85048e-06  9.53187e-07 -2.17198e-05 -5.96410e-05 -1.06227e-04
 -1.52862e-04 -1.90269e-04 -2.10015e-04 -2.05903e-04 -1.75032e-04 -1.18371e-04
 -4.07449e-05  4.97711e-05  1.42956e-04  2.27897e-04  2.94559e-04  3.35246e-04
  3.45705e-04  3.25704e-04  2.78988e-04  2.12616e-04  1.35797e-04  5.84296e-05
 -1.03989e-05 -6.36923e-05 -9.73774e-05 -1.10562e-04 -1.05207e-04 -8.53092e-05
 -5.58225e-05 -2.15501e-05  1.37175e-05  4.76436e-05  7.92870e-05  1.08603e-04
  1.35677e-04  1.59944e-04  1.79645e-04  1.91719e-04  1.92209e-04  1.77116e-04
  1.43492e-04  9.05176e-05  2.02491e-05 -6.21738e-05 -1.48962e-04 -2.30699e-04
 -2.97763e-04 -3.41860e-04 -3.57369e-04 -3.42244e-04 -2.98309e-04 -2.30937e-04
 -1.48191e-04 -5.96189e-05  2.50785e-05  9.72937e-05  1.50502e-04  1.80885e-04
  1.87556e-04  1.72386e-04  1.39508e-04  9.45603e-05  4.38073e-05 -6.77525e-06
 -5.22989e-05 -8.95351e-05 -1.17161e-04 -1.35626e-04 -1.46658e-04 -1.52490e-04
 -1.54988e-04 -1.54870e-04 -1.51247e-04 -1.41643e-04 -1.22545e-04 -9.04355e-05
 -4.30724e-05  1.92717e-05  9.29696e-05  1.70889e-04  2.43090e-04  2.98333e-04
  3.26139e-04  3.18989e-04  2.74147e-04  1.94670e-04  8.92836e-05 -2.88797e-05
 -1.44476e-04 -2.42600e-04 -3.11332e-04 -3.43644e-04 -3.38296e-04 -2.99618e-04
 -2.36304e-04 -1.59587e-04 -8.12191e-05 -1.16571e-05  4.12496e-05  7.29722e-05
  8.24412e-05  7.17362e-05  4.54660e-05  9.95017e-06 -2.77357e-05 -6.08034e-05
 -8.38141e-05 -9.36292e-05 -9.00642e-05 -7.60399e-05 -5.70861e-05 -4.01870e-05
 -3.21386e-05 -3.77636e-05 -5.84288e-05 -9.12935e-05 -1.29567e-04 -1.63806e-04
 -1.84007e-04 -1.82008e-04 -1.53612e-04 -9.98968e-05 -2.73510e-05  5.32153e-05
  1.28747e-04  1.86534e-04  2.16734e-04  2.14284e-04  1.79832e-04  1.19535e-04
  4.38384e-05 -3.44812e-05 -1.02604e-04 -1.49858e-04 -1.69444e-04 -1.59426e-04
 -1.22858e-04 -6.70284e-05 -1.97325e-06  6.14815e-05  1.13797e-04  1.48503e-04
  1.63310e-04  1.60285e-04  1.45021e-04  1.24979e-04  1.07397e-04  9.73054e-05
  9.61998e-05  1.01752e-04  1.08675e-04  1.10515e-04  1.01863e-04  8.03365e-05
  4.77191e-05  9.88550e-06 -2.45126e-05 -4.62566e-05 -4.80620e-05 -2.66766e-05
  1.60009e-05  7.30749e-05  1.34022e-04  1.86897e-04  2.20800e-04  2.28013e-04
  2.05351e-04  1.54508e-04  8.14591e-05 -4.82576e-06 -9.39834e-05 -1.75821e-04
 -2.41582e-04 -2.84805e-04 -3.01763e-04 -2.91581e-04 -2.56112e-04 -1.99639e-04
 -1.28417e-04 -5.00587e-05  2.72386e-05  9.55492e-05  1.48062e-04  1.79761e-04
  1.87829e-04  1.71732e-04  1.33028e-04  7.50649e-05  2.69561e-06 -7.78716e-05
 -1.59130e-04 -2.32402e-04 -2.88275e-04 -3.17545e-04 -3.12692e-04 -2.69665e-04
 -1.89527e-04 -7.93813e-05  4.78840e-05  1.75256e-04  2.84454e-04  3.59410e-04
  3.89537e-04  3.71956e-04  3.12093e-04  2.22480e-04  1.20067e-04  2.26988e-05
 -5.43935e-05 -1.01309e-04 -1.14880e-04 -9.85756e-05 -6.10771e-05 -1.39413e-05
  3.10690e-05  6.44267e-05  8.05736e-05  7.86459e-05  6.21068e-05  3.74233e-05
  1.21329e-05 -7.22399e-06 -1.67855e-05 -1.62383e-05 -8.65226e-06  6.63192e-07
  5.93985e-06  2.83757e-06 -1.01394e-05 -3.11381e-05 -5.55296e-05 -7.73897e-05
 -9.14305e-05 -9.47744e-05 -8.80111e-05 -7.51901e-05 -6.27337e-05 -5.75807e-05
 -6.51011e-05 -8.73832e-05 -1.22377e-04 -1.64125e-04 -2.04004e-04 -2.32653e-04
 -2.42083e-04 -2.27478e-04 -1.88290e-04 -1.28424e-04 -5.55230e-05  2.04656e-05
  8.91310e-05  1.41483e-04  1.71523e-04  1.77210e-04  1.60631e-04  1.27358e-04
  8.51070e-05  4.20104e-05  4.89849e-06 -2.19947e-05 -3.75806e-05 -4.36027e-05
 -4.35821e-05 -4.13629e-05 -3.97106e-05 -3.93882e-05 -3.89710e-05 -3.54145e-05
 -2.51519e-05 -5.34556e-06  2.51029e-05  6.50687e-05  1.11344e-04  1.59304e-04
  2.03863e-04  2.40449e-04  2.65755e-04  2.78135e-04  2.77609e-04  2.65524e-04
  2.44003e-04  2.15282e-04  1.81129e-04  1.42483e-04  9.94533e-05  5.17525e-05
 -4.94175e-07 -5.57629e-05 -1.10310e-04 -1.57906e-04 -1.90434e-04 -1.99441e-04
 -1.78391e-04 -1.25069e-04 -4.33735e-05  5.62195e-05  1.57947e-04  2.43728e-04
  2.97196e-04  3.07740e-04  2.73382e-04  2.01552e-04  1.07393e-04  9.95678e-06
 -7.26727e-05 -1.27918e-04 -1.51567e-04 -1.48098e-04 -1.28414e-04 -1.05745e-04
 -9.10769e-05 -8.95972e-05 -9.93092e-05 -1.12217e-04 -1.17621e-04 -1.06335e-04
 -7.43485e-05 -2.46538e-05  3.33924e-05  8.69275e-05  1.23653e-04  1.35694e-04
  1.21919e-04  8.79595e-05  4.39953e-05  1.15709e-06 -3.21301e-05 -5.25620e-05
 -6.23214e-05 -6.73727e-05 -7.44320e-05 -8.78451e-05 -1.07611e-04 -1.29328e-04
 -1.46077e-04 -1.51502e-04 -1.42843e-04 -1.22689e-04 -9.86536e-05 -8.09530e-05
 -7.86802e-05 -9.60755e-05 -1.30183e-04 -1.70848e-04 -2.03234e-04 -2.12177e-04
 -1.87061e-04 -1.25656e-04 -3.56716e-05  6.65256e-05  1.59751e-04  2.23302e-04
  2.42242e-04  2.11188e-04  1.35630e-04  3.04867e-05 -8.35744e-05 -1.84987e-04
 -2.55991e-04 -2.86025e-04 -2.73113e-04 -2.23132e-04 -1.47423e-04 -5.95720e-05
  2.76986e-05  1.04776e-04  1.66108e-04  2.09880e-04  2.36759e-04  2.48311e-04
  2.45679e-04  2.28993e-04  1.97666e-04  1.51444e-04  9.17917e-05  2.30248e-05
 -4.73202e-05 -1.09227e-04 -1.52036e-04 -1.66987e-04 -1.49799e-04 -1.02465e-04
 -3.36190e-05  4.28535e-05  1.10766e-04  1.55453e-04  1.67458e-04  1.45038e-04
  9.47188e-05  2.96696e-05 -3.36992e-05 -7.99982e-05 -9.87947e-05 -8.71385e-05
 -5.00124e-05  1.34802e-06  5.27132e-05  9.07234e-05  1.06268e-04  9.64961e-05
  6.50275e-05  2.04508e-05 -2.63304e-05 -6.51018e-05 -8.88803e-05 -9.53986e-05
 -8.72812e-05 -7.10158e-05 -5.51068e-05 -4.79328e-05 -5.58242e-05 -8.17615e-05
 -1.24903e-04 -1.80956e-04 -2.43215e-04 -3.03973e-04 -3.55954e-04 -3.93414e-04
 -4.12699e-04 -4.12188e-04 -3.91761e-04 -3.52106e-04 -2.94207e-04 -2.19346e-04
 -1.29677e-04 -2.92029e-05  7.53064e-05  1.74009e-04  2.54767e-04  3.05130e-04
  3.15216e-04  2.80719e-04  2.05073e-04  9.98528e-05 -1.70293e-05 -1.25125e-04
 -2.06332e-04 -2.49482e-04 -2.53177e-04 -2.25896e-04 -1.83176e-04 -1.42638e-04
 -1.18385e-04 -1.16592e-04 -1.33800e-04 -1.58567e-04 -1.76023e-04 -1.73824e-04
 -1.47483e-04 -1.03135e-04 -5.66146e-05 -2.89355e-05 -3.95122e-05 -9.92889e-05
 -2.06072e-04 -3.43714e-04 -4.85570e-04 -6.01270e-04 -6.64742e-04 -6.61031e-04
 -5.89810e-04 -4.64597e-04 -3.08031e-04 -1.44844e-04  5.18902e-06  1.32097e-04
  2.36969e-04  3.29440e-04  4.22502e-04  5.26530e-04  6.44619e-04  7.70757e-04
  8.91346e-04  9.89410e-04  1.04997e-03  1.06470e-03  1.03432e-03  9.67988e-04
  8.80047e-04  7.85309e-04  6.94555e-04  6.11786e-04  5.34063e-04  4.53899e-04
  3.63251e-04  2.57650e-04  1.39012e-04  1.61436e-05 -9.72219e-05 -1.86183e-04
 -2.38971e-04 -2.50377e-04 -2.23200e-04 -1.67280e-04 -9.64314e-05 -2.42744e-05
  3.97544e-05  9.29790e-05  1.39885e-04  1.90218e-04  2.55341e-04  3.43894e-04
  4.57993e-04  5.91076e-04  7.28035e-04  8.47676e-04  9.26947e-04  9.45872e-04
  8.91994e-04  7.63186e-04  5.68170e-04  3.24643e-04  5.55614e-05 -2.15427e-04
 -4.68187e-04 -6.88896e-04 -8.70855e-04 -1.01334e-03 -1.11908e-03 -1.19143e-03
 -1.23220e-03 -1.24085e-03 -1.21533e-03 -1.15409e-03 -1.05842e-03 -9.34091e-04
 -7.91785e-04 -6.45760e-04 -5.11337e-04 -4.01859e-04 -3.26122e-04 -2.87014e-04
 -2.81698e-04 -3.03095e-04 -3.42008e-04 -3.89030e-04 -4.35553e-04 -4.73622e-04
 -4.94846e-04 -4.89066e-04 -4.43617e-04 -3.43847e-04 -1.75173e-04  7.36668e-05
  4.06946e-04  8.18952e-04  1.29264e-03  1.80051e-03  2.30777e-03  2.77708e-03
  3.17392e-03  3.47121e-03  3.65240e-03  3.71222e-03  3.65524e-03  3.49290e-03
  3.23976e-03  2.91025e-03  2.51656e-03  2.06819e-03  1.57308e-03  1.03959e-03
  4.78775e-04 -9.41460e-05 -6.59632e-04 -1.19524e-03 -1.67835e-03 -2.08965e-03
 -2.41636e-03 -2.65444e-03 -2.80922e-03 -2.89410e-03 -2.92774e-03 -2.93042e-03
 -2.92030e-03 -2.91058e-03 -2.90809e-03 -2.91348e-03 -2.92280e-03 -2.92988e-03
 -2.92887e-03 -2.91619e-03 -2.89149e-03 -2.85756e-03 -2.81936e-03 -2.78250e-03
 -2.75170e-03 -2.72951e-03 -2.71556e-03 -2.70627e-03 -2.69490e-03 -2.67198e-03
 -2.62579e-03 -2.54312e-03 -2.41024e-03 -2.21413e-03 -1.94400e-03 -1.59267e-03
 -1.15778e-03 -6.42230e-04 -5.37910e-05  5.96068e-04  1.29393e-03  2.02618e-03
  2.78020e-03  3.54460e-03  4.30838e-03  5.05919e-03  5.78137e-03  6.45438e-03
  7.05243e-03  7.54551e-03  7.90204e-03  8.09257e-03  8.09386e-03  7.89241e-03
  7.48695e-03  6.88903e-03  6.12201e-03  5.21855e-03  4.21718e-03  3.15863e-03
  2.08259e-03  1.02530e-03  1.81272e-05 -9.12977e-04 -1.74732e-03 -2.46907e-03
 -3.06687e-03 -3.53371e-03 -3.86708e-03 -4.06933e-03 -4.14794e-03 -4.11567e-03
 -3.99007e-03 -3.79262e-03 -3.54713e-03 -3.27781e-03 -3.00700e-03 -2.75300e-03
 -2.52816e-03 -2.33762e-03 -2.17899e-03 -2.04303e-03 -1.91548e-03 -1.77973e-03
 -1.62008e-03 -1.42491e-03 -1.18925e-03 -9.16178e-04 -6.16700e-04 -3.08131e-04
 -1.12834e-05  2.52926e-04  4.66703e-04  6.17764e-04  7.00431e-04  7.15285e-04
  6.67645e-04  5.65331e-04  4.16379e-04  2.27271e-04  2.11611e-06 -2.57081e-04
 -5.49172e-04 -8.71998e-04 -1.22039e-03 -1.58454e-03 -1.94919e-03 -2.29396e-03
 -2.59471e-03 -2.82604e-03 -2.96425e-03 -2.99041e-03 -2.89294e-03 -2.66923e-03
 -2.32598e-03 -1.87839e-03 -1.34827e-03 -7.61656e-04 -1.46411e-04  4.69829e-04
  1.06104e-03  1.60359e-03  2.07662e-03  2.46231e-03  2.74632e-03  2.91856e-03
  2.97415e-03  2.91442e-03  2.74744e-03  2.48790e-03  2.15614e-03  1.77647e-03
  1.37482e-03  9.76546e-04  6.04300e-04  2.76650e-04  7.29090e-06 -1.95150e-04
 -3.26946e-04 -3.88968e-04 -3.86395e-04 -3.28423e-04 -2.27867e-04 -1.00458e-04
  3.63024e-05  1.64746e-04  2.68962e-04  3.36738e-04  3.61154e-04  3.41495e-04
  2.83251e-04  1.97177e-04  9.75588e-05 -2.56562e-08 -8.10679e-05 -1.34250e-04
 -1.53019e-04 -1.36435e-04 -8.92130e-05 -2.10172e-05  5.48556e-05  1.23222e-04
  1.68973e-04  1.79037e-04  1.44176e-04  6.04365e-05 -6.98471e-05 -2.37627e-04
 -4.27374e-04 -6.18029e-04 -7.84703e-04 -9.01067e-04 -9.42270e-04 -8.88119e-04
 -7.26124e-04 -4.53944e-04 -8.07892e-05  3.72573e-04  8.75348e-04  1.38968e-03
  1.87464e-03  2.29072e-03  2.60402e-03  2.78968e-03  2.83390e-03  2.73461e-03
  2.50071e-03  2.15039e-03  1.70886e-03  1.20603e-03  6.74179e-04  1.46044e-04
 -3.47104e-04 -7.77271e-04 -1.12159e-03 -1.36414e-03 -1.49734e-03 -1.52279e-03
 -1.45095e-03 -1.29978e-03 -1.09219e-03 -8.52945e-04 -6.05530e-04 -3.69576e-04
 -1.59452e-04  1.58918e-05  1.51987e-04  2.47317e-04  3.01779e-04  3.15674e-04
  2.89456e-04  2.24150e-04  1.22083e-04 -1.25656e-05 -1.73763e-04 -3.54275e-04
 -5.46767e-04 -7.44881e-04 -9.43752e-04 -1.13963e-03 -1.32856e-03 -1.50447e-03
 -1.65739e-03 -1.77247e-03 -1.83041e-03 -1.80957e-03 -1.68946e-03 -1.45506e-03
 -1.10098e-03 -6.34731e-04 -7.81784e-05  5.33054e-04  1.15237e-03  1.72681e-03
  2.20296e-03  2.53326e-03  2.68201e-03  2.63015e-03  2.37805e-03  1.94596e-03
  1.37188e-03  7.07136e-04  1.03145e-05 -6.59435e-04 -1.24878e-03 -1.71526e-03
 -2.03046e-03 -2.18105e-03 -2.16809e-03 -2.00493e-03 -1.71460e-03 -1.32706e-03
 -8.76715e-04 -4.00237e-04  6.54183e-05  4.84985e-04  8.26950e-04  1.06566e-03
  1.18330e-03  1.17148e-03  1.03221e-03  7.78077e-04  4.31627e-04  2.38887e-05
 -4.07858e-04 -8.23026e-04 -1.18127e-03 -1.44642e-03 -1.59043e-03 -1.59684e-03
 -1.46308e-03 -1.20113e-03 -8.36206e-04 -4.03543e-04  5.61420e-05  5.01760e-04
  8.96544e-04  1.21159e-03  1.42780e-03  1.53636e-03  1.53794e-03  1.44153e-03
  1.26298e-03  1.02378e-03  7.49796e-04  4.69631e-04  2.12368e-04  4.47248e-06
 -1.33759e-04 -1.91583e-04 -1.70115e-04 -8.27831e-05  4.64920e-05  1.87229e-04
  3.07690e-04  3.80415e-04  3.86808e-04  3.19806e-04  1.84276e-04 -4.72216e-06
 -2.25108e-04 -4.51535e-04 -6.58914e-04 -8.25176e-04 -9.33150e-04 -9.71643e-04
 -9.36005e-04 -8.28323e-04 -6.57257e-04 -4.37393e-04 -1.87918e-04  6.93925e-05
  3.12677e-04  5.22528e-04  6.84024e-04  7.87795e-04  8.29951e-04  8.11102e-04
  7.34988e-04  6.07350e-04  4.35529e-04  2.28878e-04 -3.29515e-07 -2.36160e-04
 -4.59160e-04 -6.47814e-04 -7.81318e-04 -8.43082e-04 -8.24079e-04 -7.25034e-04
 -5.56802e-04 -3.38749e-04 -9.55730e-05  1.46617e-04  3.64011e-04  5.37839e-04
  6.55805e-04  7.12302e-04  7.07802e-04  6.47911e-04  5.42418e-04  4.04416e-04
  2.49357e-04  9.38056e-05 -4.62058e-05 -1.57131e-04 -2.29790e-04 -2.60693e-04
 -2.52382e-04 -2.12597e-04 -1.52433e-04 -8.39444e-05 -1.78257e-05  3.82480e-05
  8.02747e-05  1.07549e-04  1.21546e-04  1.24534e-04  1.18432e-04  1.04249e-04
  8.22471e-05  5.27021e-05  1.69606e-05 -2.16011e-05 -5.70727e-05 -8.12141e-05
 -8.44551e-05 -5.76000e-05  6.02521e-06  1.08382e-04  2.44965e-04  4.03967e-04
  5.66742e-04  7.09725e-04  8.07689e-04  8.37874e-04  7.84264e-04  6.41163e-04
  4.15273e-04  1.25768e-04 -1.97774e-04 -5.19220e-04 -8.00864e-04 -1.00863e-03
 -1.11671e-03 -1.11088e-03 -9.90328e-04 -7.67722e-04 -4.67814e-04 -1.24750e-04
  2.21626e-04  5.30183e-04  7.63320e-04  8.91713e-04  8.98447e-04  7.81850e-04
  5.56422e-04  2.51450e-04 -9.27225e-05 -4.30327e-04 -7.16848e-04 -9.15610e-04
 -1.00309e-03 -9.72042e-04 -8.31863e-04 -6.06283e-04 -3.28842e-04 -3.71086e-05
  2.33311e-04  4.53894e-04  6.06649e-04  6.85443e-04  6.95174e-04  6.49188e-04
  5.65622e-04  4.63538e-04  3.59648e-04  2.66227e-04  1.90443e-04  1.34948e-04
  9.92666e-05  8.13388e-05  7.86573e-05  8.86806e-05  1.08548e-04  1.34437e-04
  1.61068e-04  1.81800e-04  1.89524e-04  1.78175e-04  1.44413e-04  8.88467e-05
  1.62940e-05 -6.51392e-05 -1.45966e-04 -2.17668e-04 -2.74781e-04 -3.16079e-04
 -3.44537e-04 -3.66124e-04 -3.87871e-04 -4.15804e-04 -4.53348e-04 -5.00533e-04
 -5.54062e-04 -6.08013e-04 -6.54826e-04 -6.86285e-04 -6.94364e-04 -6.72017e-04
 -6.14086e-04 -5.18474e-04 -3.87494e-04 -2.29085e-04 -5.73548e-05  1.08093e-04
  2.44380e-04  3.29011e-04  3.44386e-04  2.82165e-04  1.46312e-04 -4.61243e-05
 -2.66990e-04 -4.81553e-04 -6.54703e-04 -7.57507e-04 -7.72654e-04 -6.97610e-04
 -5.44847e-04 -3.39182e-04 -1.12934e-04  1.00000e-04  2.69906e-04  3.75779e-04
  4.07935e-04  3.68521e-04  2.70140e-04  1.33148e-04 -1.77249e-05 -1.56845e-04
 -2.60771e-04 -3.10772e-04 -2.94665e-04 -2.08008e-04 -5.46465e-05  1.53408e-04
  3.96865e-04  6.50884e-04  8.87642e-04  1.07959e-03  1.20304e-03  1.24155e-03
  1.18849e-03  1.04839e-03  8.36560e-04  5.77204e-04  3.00186e-04  3.70957e-05
 -1.82778e-04 -3.35972e-04 -4.07486e-04 -3.92357e-04 -2.96178e-04 -1.34632e-04
  6.78915e-05  2.80599e-04  4.69530e-04  6.01623e-04  6.49302e-04  5.94968e-04
  4.34545e-04  1.79221e-04 -1.45295e-04 -5.02165e-04 -8.49000e-04 -1.14459e-03
 -1.35541e-03 -1.46044e-03 -1.45352e-03 -1.34271e-03 -1.14718e-03 -8.92730e-04
 -6.06916e-04 -3.15090e-04 -3.79048e-05  2.09577e-04  4.17547e-04  5.80503e-04
  6.96304e-04  7.65577e-04  7.91520e-04  7.79858e-04  7.38612e-04  6.77400e-04
  6.06244e-04  5.34078e-04  4.67361e-04  4.09214e-04  3.59389e-04  3.15105e-04
  2.72550e-04  2.28628e-04  1.82450e-04  1.36150e-04  9.47969e-05  6.54275e-05
  5.54304e-05  7.07031e-05  1.14009e-04  1.83905e-04  2.74438e-04  3.75634e-04
  4.74623e-04  5.57141e-04  6.09158e-04  6.18404e-04  5.75691e-04  4.76002e-04
  3.19350e-04  1.11396e-04 -1.36297e-04 -4.06517e-04 -6.77409e-04 -9.24341e-04
 -1.12259e-03 -1.25057e-03 -1.29307e-03 -1.24383e-03 -1.10686e-03 -8.96097e-04
 -6.33305e-04 -3.44719e-04 -5.70438e-05  2.06281e-04  4.27786e-04  5.97197e-04
  7.11135e-04  7.71653e-04  7.84266e-04  7.56107e-04  6.94721e-04  6.07656e-04
  5.02657e-04  3.88050e-04  2.72840e-04  1.66205e-04  7.63370e-05  8.91513e-06
 -3.42930e-05 -5.61582e-05 -6.38521e-05 -6.73544e-05 -7.70732e-05 -1.01146e-04
 -1.43129e-04 -2.00722e-04 -2.65943e-04 -3.26778e-04 -3.69969e-04 -3.84294e-04
 -3.63540e-04 -3.08449e-04 -2.27144e-04 -1.33874e-04 -4.63611e-05  1.77039e-05
  4.42365e-05  2.56382e-05 -3.76233e-05 -1.37035e-04 -2.57604e-04 -3.80593e-04
 -4.86801e-04 -5.59748e-04 -5.88141e-04 -5.67272e-04 -4.99217e-04 -3.92000e-04
 -2.58027e-04 -1.12182e-04  3.00769e-05  1.54409e-04  2.48977e-04  3.05551e-04
  3.20347e-04  2.94605e-04  2.34778e-04  1.52182e-04  6.19252e-05 -1.89235e-05
 -7.37902e-05 -8.93223e-05 -5.78584e-05  2.09143e-05  1.39539e-04  2.83769e-04
  4.34766e-04  5.72048e-04  6.76555e-04  7.33215e-04  7.32600e-04  6.71541e-04
  5.52877e-04  3.84652e-04  1.79139e-04 -4.80948e-05 -2.79052e-04 -4.94253e-04
 -6.73999e-04 -8.00103e-04 -8.58035e-04 -8.39180e-04 -7.42729e-04 -5.76670e-04
 -3.57472e-04 -1.08369e-04  1.43552e-04  3.70933e-04  5.49734e-04  6.62198e-04
  6.98757e-04  6.58724e-04  5.49863e-04  3.87111e-04  1.90774e-04 -1.55892e-05
 -2.07447e-04 -3.61694e-04 -4.59133e-04 -4.86858e-04 -4.40276e-04 -3.24321e-04
 -1.53468e-04  4.97343e-05  2.57580e-04  4.41194e-04  5.74907e-04  6.40154e-04
  6.28127e-04  5.40666e-04  3.89293e-04  1.92749e-04 -2.63072e-05 -2.44642e-04
 -4.41179e-04 -5.98736e-04 -7.04749e-04 -7.51297e-04 -7.34840e-04 -6.56076e-04
 -5.20078e-04 -3.36624e-04 -1.20360e-04  1.09602e-04  3.31007e-04  5.20744e-04
  6.57864e-04  7.26755e-04  7.19779e-04  6.38710e-04  4.94567e-04  3.05796e-04
  9.51630e-05 -1.13965e-04 -3.01155e-04 -4.51537e-04 -5.57064e-04 -6.16316e-04
 -6.33113e-04 -6.14482e-04 -5.68593e-04 -5.03194e-04 -4.24829e-04 -3.38834e-04
 -2.49832e-04 -1.62321e-04 -8.09722e-05 -1.04025e-05  4.55564e-05  8.48402e-05
  1.08000e-04  1.18523e-04  1.22393e-04  1.26886e-04  1.38853e-04  1.62937e-04
  2.00203e-04  2.47570e-04  2.98235e-04  3.42976e-04  3.72055e-04  3.77229e-04
  3.53439e-04  2.99809e-04  2.19807e-04  1.20610e-04  1.18964e-05 -9.56221e-05
 -1.91629e-04 -2.67350e-04 -3.16305e-04 -3.34664e-04 -3.21288e-04 -2.77572e-04
 -2.07207e-04 -1.15897e-04 -1.10537e-05  9.85784e-05  2.03423e-04  2.93735e-04
  3.60419e-04  3.95968e-04  3.95409e-04  3.57141e-04  2.83503e-04  1.80963e-04
  5.97875e-05 -6.68080e-05 -1.84030e-04 -2.77241e-04 -3.33851e-04 -3.45075e-04
 -3.07270e-04 -2.22599e-04 -9.88778e-05  5.13735e-05  2.12530e-04  3.67832e-04
  5.01393e-04  5.99952e-04  6.54126e-04  6.59082e-04  6.14634e-04  5.24869e-04
  3.97462e-04  2.42801e-04  7.30412e-05 -9.88707e-05 -2.60159e-04 -3.99163e-04
 -5.06206e-04 -5.74338e-04 -5.99847e-04 -5.82470e-04 -5.25259e-04 -4.34118e-04
 -3.17116e-04 -1.83689e-04 -4.38951e-05  9.21885e-05  2.14897e-04  3.15295e-04
  3.85490e-04  4.19076e-04  4.11759e-04  3.62129e-04  2.72419e-04  1.49006e-04
  2.40052e-06 -1.53461e-04 -3.02633e-04 -4.29142e-04 -5.19190e-04 -5.63165e-04
 -5.57038e-04 -5.02879e-04 -4.08374e-04 -2.85483e-04 -1.48532e-04 -1.21284e-05
  1.10716e-04  2.09958e-04  2.79259e-04  3.16089e-04  3.21327e-04  2.98545e-04
  2.53160e-04  1.91610e-04  1.20621e-04  4.66149e-05 -2.47518e-05 -8.89359e-05
 -1.42740e-04 -1.84424e-04 -2.13684e-04 -2.31472e-04 -2.39671e-04 -2.40635e-04
 -2.36665e-04 -2.29503e-04 -2.19938e-04 -2.07634e-04 -1.91251e-04 -1.68863e-04
 -1.38619e-04 -9.95280e-05 -5.21719e-05  8.27543e-07  5.47444e-05  1.03156e-04
  1.38790e-04  1.54692e-04  1.45497e-04  1.08605e-04  4.50264e-05 -4.02603e-05
 -1.38529e-04 -2.38136e-04 -3.25889e-04 -3.88808e-04 -4.16058e-04 -4.00746e-04
 -3.41278e-04 -2.41981e-04 -1.12802e-04  3.19308e-05  1.75519e-04  3.01341e-04
  3.95291e-04  4.47768e-04  4.54888e-04  4.18761e-04  3.46866e-04  2.50730e-04
  1.44199e-04  4.15872e-05 -4.40324e-05 -1.02253e-04 -1.26360e-04 -1.13916e-04
 -6.68873e-05  8.70762e-06  1.03577e-04  2.06295e-04  3.04670e-04  3.87149e-04
  4.44101e-04  4.68798e-04  4.58033e-04  4.12325e-04  3.35757e-04  2.35479e-04
  1.20940e-04  2.88660e-06 -1.07818e-04 -2.01438e-04 -2.70545e-04 -3.10919e-04
 -3.21997e-04 -3.06739e-04 -2.70894e-04 -2.21817e-04 -1.67087e-04 -1.13231e-04
 -6.48458e-05 -2.42613e-05  8.22734e-06  3.37174e-05  5.38794e-05  7.02149e-05
  8.35847e-05  9.40917e-05  1.01280e-04  1.04531e-04  1.03486e-04  9.83639e-05
  9.00735e-05  8.01072e-05  7.02703e-05  6.23281e-05  5.76743e-05  5.71063e-05
  6.07562e-05  6.81848e-05  7.86002e-05  9.11304e-05  1.05062e-04  1.19962e-04
  1.35643e-04  1.51951e-04  1.68461e-04  1.84157e-04  1.97245e-04  2.05175e-04
  2.04948e-04  1.93651e-04  1.69115e-04  1.30524e-04  7.88110e-05  1.67039e-05
 -5.15981e-05 -1.21062e-04 -1.86618e-04 -2.43922e-04 -2.89920e-04 -3.23095e-04
 -3.43367e-04 -3.51710e-04 -3.49583e-04 -3.38330e-04 -3.18668e-04 -2.90377e-04
 -2.52259e-04 -2.02411e-04 -1.38783e-04 -5.99757e-05  3.38607e-05  1.40189e-04
  2.53525e-04  3.65356e-04  4.64661e-04  5.39068e-04  5.76524e-04  5.67235e-04
  5.05527e-04  3.91296e-04  2.30722e-04  3.60969e-05 -1.75282e-04 -3.83008e-04
 -5.65997e-04 -7.05124e-04 -7.85670e-04 -7.99251e-04 -7.44916e-04 -6.29250e-04
 -4.65435e-04 -2.71411e-04 -6.74144e-05  1.26709e-04  2.93948e-04  4.21953e-04
  5.03961e-04  5.38767e-04  5.29878e-04  4.84157e-04  4.10330e-04  3.17692e-04
  2.15233e-04  1.11209e-04  1.30496e-05 -7.26226e-05 -1.40060e-04 -1.84691e-04
 -2.03648e-04 -1.96383e-04 -1.65162e-04 -1.15207e-04 -5.43459e-05  7.87094e-06
  6.14683e-05  9.75351e-05  1.09632e-04  9.48445e-05  5.42912e-05 -7.01251e-06
 -8.09025e-05 -1.57295e-04 -2.25687e-04 -2.76682e-04 -3.03301e-04 -3.01878e-04
 -2.72444e-04 -2.18560e-04 -1.46681e-04 -6.52122e-05  1.65816e-05  8.96213e-05
  1.45901e-04  1.79151e-04  1.85292e-04  1.62704e-04  1.12375e-04  3.79143e-05
 -5.45733e-05 -1.56827e-04 -2.59016e-04 -3.50581e-04 -4.21257e-04 -4.62163e-04
 -4.66771e-04 -4.31638e-04 -3.56775e-04 -2.45675e-04 -1.05030e-04  5.57540e-05
  2.25155e-04  3.90234e-04  5.37426e-04  6.53507e-04  7.26745e-04  7.48215e-04
  7.13138e-04  6.22011e-04  4.81229e-04  3.02972e-04  1.04181e-04 -9.52979e-05
 -2.75203e-04 -4.17543e-04 -5.09032e-04 -5.42793e-04 -5.19053e-04 -4.44708e-04
 -3.31901e-04 -1.95942e-04 -5.29905e-05  8.20575e-05  1.97168e-04  2.84078e-04
  3.38532e-04  3.59989e-04  3.51009e-04  3.16503e-04  2.62980e-04  1.97805e-04
  1.28472e-04  6.18365e-05  3.34437e-06 -4.36677e-05 -7.84322e-05 -1.02813e-04
 -1.20858e-04 -1.37849e-04 -1.59009e-04 -1.88145e-04 -2.26542e-04 -2.72411e-04
 -3.21050e-04 -3.65673e-04 -3.98744e-04 -4.13468e-04 -4.05104e-04 -3.71800e-04
 -3.14814e-04 -2.38114e-04 -1.47529e-04 -4.97000e-05  4.89174e-05  1.42780e-04
  2.27616e-04  3.00425e-04  3.59221e-04  4.02679e-04  4.29819e-04  4.39871e-04
  4.32316e-04  4.07111e-04  3.64984e-04  3.07706e-04  2.38231e-04  1.60650e-04
  7.99299e-05  1.48270e-06 -6.93704e-05 -1.27950e-04 -1.70696e-04 -1.95500e-04
 -2.01852e-04 -1.90799e-04 -1.64734e-04 -1.27071e-04 -8.18613e-05 -3.34026e-05
  1.41028e-05  5.68312e-05  9.15527e-05  1.15790e-04  1.27941e-04  1.27385e-04
  1.14563e-04  9.10324e-05  5.94612e-05  2.35112e-05 -1.24211e-05 -4.36374e-05
 -6.57255e-05 -7.52434e-05 -7.03793e-05 -5.14426e-05 -2.10331e-05  1.62079e-05
  5.42781e-05  8.68202e-05  1.08253e-04  1.14768e-04  1.04967e-04  7.99808e-05
  4.30871e-05 -1.05080e-06 -4.72862e-05 -9.07920e-05 -1.27592e-04 -1.54770e-04
 -1.70428e-04 -1.73546e-04 -1.63899e-04 -1.42106e-04 -1.09795e-04 -6.97462e-05
 -2.58741e-05  1.70933e-05  5.42434e-05  8.13176e-05  9.55547e-05  9.63068e-05
  8.52429e-05  6.60670e-05  4.38072e-05  2.38464e-05  1.09153e-05  8.26204e-06
  1.71489e-05  3.67330e-05  6.43072e-05  9.58107e-05  1.26490e-04  1.51593e-04
  1.66989e-04  1.69653e-04  1.57967e-04  1.31834e-04  9.26201e-05  4.29669e-05
 -1.34806e-05 -7.23968e-05 -1.29117e-04 -1.78994e-04 -2.17761e-04 -2.41902e-04
 -2.48999e-04 -2.38003e-04 -2.09379e-04 -1.65071e-04 -1.08283e-04 -4.31080e-05
  2.58886e-05  9.40518e-05  1.56893e-04  2.10204e-04  2.50085e-04  2.72983e-04
  2.75856e-04  2.56524e-04  2.14182e-04  1.49946e-04  6.72572e-05 -2.80429e-05
 -1.28079e-04 -2.23745e-04 -3.05811e-04 -3.66126e-04 -3.98683e-04 -4.00355e-04
 -3.71233e-04 -3.14565e-04 -2.36369e-04 -1.44823e-04 -4.94882e-05  3.96006e-05
  1.12970e-04  1.62815e-04  1.84069e-04  1.75272e-04  1.39008e-04  8.17524e-05
  1.30641e-05 -5.57925e-05 -1.13550e-04 -1.50644e-04 -1.60590e-04 -1.40808e-04
 -9.28053e-05 -2.17724e-05  6.42306e-05  1.55321e-04  2.40908e-04  3.10784e-04
  3.56144e-04  3.70519e-04  3.50545e-04  2.96493e-04  2.12424e-04  1.05871e-04
 -1.29706e-05 -1.32461e-04 -2.40949e-04 -3.28171e-04 -3.86376e-04 -4.10996e-04
 -4.00833e-04 -3.57803e-04 -2.86385e-04 -1.92943e-04 -8.50404e-05  2.91770e-05
  1.41518e-04  2.44224e-04  3.30411e-04  3.94482e-04  4.32472e-04  4.42289e-04
  4.23793e-04  3.78707e-04  3.10375e-04  2.23425e-04  1.23395e-04  1.63930e-05
 -9.11967e-05 -1.92955e-04 -2.82664e-04 -3.54579e-04 -4.03768e-04 -4.26521e-04
 -4.20774e-04 -3.86489e-04 -3.25893e-04 -2.43496e-04 -1.45863e-04 -4.11137e-05
  6.17740e-05  1.53798e-04  2.26801e-04  2.74287e-04  2.92096e-04  2.78875e-04
  2.36300e-04  1.69018e-04  8.42824e-05 -8.69433e-06 -9.96327e-05 -1.78257e-04
 -2.35426e-04 -2.64196e-04 -2.60677e-04 -2.24552e-04 -1.59182e-04 -7.12659e-05
  2.99165e-05  1.33576e-04  2.28661e-04  3.05120e-04  3.55011e-04  3.73330e-04
  3.58463e-04  3.12239e-04  2.39579e-04  1.47832e-04  4.58612e-05 -5.69776e-05
 -1.51874e-04 -2.31481e-04 -2.90615e-04 -3.26658e-04 -3.39601e-04 -3.31745e-04
 -3.07099e-04 -2.70576e-04 -2.27149e-04 -1.81100e-04 -1.35490e-04 -9.19360e-05
 -5.06938e-05 -1.09812e-05  2.85469e-05  6.92909e-05  1.12252e-04  1.57680e-04
  1.99830e-04  2.27847e-04  2.34911e-04  2.17863e-04  1.79055e-04  1.26681e-04
  7.29571e-05  3.02381e-05  6.19954e-06  0.00000e+00  0.00000e+00  0.00000e+00
  0.00000e+00  0.00000e+00  0.00000e+00  0.00000e+00  0.00000e+00  0.00000e+00
  0.00000e+00  0.00000e+00  0.00000e+00  0.00000e+00  0.00000e+00  0.00000e+00
  0.00000e+00  0.00000e+00  0.00000e+00  0.00000e+00  0.00000e+00  0.00000e+00
  0.00000e+00  0.00000e+00  0.00000e+00  0.00000e+00  0.00000e+00  0.00000e+00
  0.00000e+00  0.00000e+00  0.00000e+00  0.00000e+00  0.00000e+00  0.00000e+00
  0.00000e+00  0.00000e+00  0.00000e+00  0.00000e+00
