NNZ        090 TITLE
2500  8.00000e-02 0 0  0.00000e+00  0.00000e+00  0.00000e+00  0.00000e+00
  3.98181e-24  3.26217e-24 -3.95395e-24 -1.30497e-23 -1.89713e-23 -1.89957e-23
 -1.40574e-23 -7.89477e-24 -4.61479e-24 -6.22787e-24 -1.16627e-23 -1.77794e-23
 -2.16075e-23 -2.22910e-23 -2.14824e-23 -2.19928e-23 -2.56536e-23 -3.18379e-23
 -3.76319e-23 -3.95694e-23 -3.58452e-23 -2.76297e-23 -1.86661e-23 -1.33689e-23
 -1.45232e-23 -2.18846e-23 -3.24292e-23 -4.20473e-23 -4.76847e-23 -4.87422e-23
 -4.70244e-23 -4.53681e-23 -4.57983e-23 -4.82704e-23 -5.06772e-23 -5.00787e-23
 -4.44575e-23 -3.40498e-23 -2.15546e-23 -1.11075e-23 -6.51452e-24 -9.57696e-24
 -1.92793e-23 -3.22036e-23 -4.39806e-23 -5.11239e-23 -5.24173e-23 -4.92228e-23
 -4.45726e-23 -4.15033e-23 -4.14830e-23 -4.37634e-23 -4.60077e-23 -4.58408e-23
 -4.24270e-23 -3.71318e-23 -3.28448e-23 -3.23405e-23 -3.66484e-23 -4.44102e-23
 -5.26037e-23 -5.81678e-23 -5.95291e-23 -5.71401e-23 -5.28180e-23 -4.84510e-23
 -4.49926e-23 -4.23661e-23 -4.01809e-23 -3.85601e-23 -3.83277e-23 -4.03428e-23
 -4.44923e-23 -4.92074e-23 -5.20526e-23 -5.11588e-23 -4.65785e-23 -4.05779e-23
 -3.65267e-23 -3.69990e-23 -4.22744e-23 -5.02103e-23 -5.75629e-23 -6.18717e-23
 -6.26650e-23 -6.12492e-23 -5.93511e-23 -5.76808e-23 -5.54941e-23 -5.14629e-23
 -4.51620e-23 -3.79933e-23 -3.27502e-23 -3.20131e-23 -3.64423e-23 -4.41648e-23
 -5.17258e-23 -5.60120e-23 -5.58998e-23 -5.25963e-23 -4.85538e-23 -4.57967e-23
 -4.48277e-23 -4.47756e-23 -4.45124e-23 -4.37811e-23 -4.34391e-23 -4.46479e-23
 -4.76809e-23 -5.13402e-23 -5.35359e-23 -5.26991e-23 -4.90309e-23 -4.46285e-23
 -4.22783e-23 -4.36493e-23 -4.80932e-23 -5.29130e-23 -5.50094e-23 -5.28955e-23
 -4.77926e-23 -4.30830e-23 -4.24249e-23 -4.76595e-23 -5.77447e-23 -6.92854e-23
 -7.82659e-23 -8.19294e-23 -7.97887e-23 -7.33808e-23 -6.51438e-23 -5.72054e-23
 -5.07344e-23 -4.60106e-23 -4.29032e-23 -4.13099e-23 -4.12982e-23 -4.29901e-23
 -4.63856e-23 -5.12601e-23 -5.71289e-23 -6.32162e-23 -6.84567e-23 -7.16620e-23
 -7.19422e-23 -6.92471e-23 -6.46642e-23 -6.01132e-23 -5.74178e-23 -5.72219e-23
 -5.84719e-23 -5.89498e-23 -5.66810e-23 -5.13791e-23 -4.49340e-23 -4.04813e-23
 -4.05219e-23 -4.52604e-23 -5.22905e-23 -5.79277e-23 -5.94089e-23 -5.65661e-23
 -5.18817e-23 -4.88764e-23 -4.98695e-23 -5.45646e-23 -6.03590e-23 -6.41348e-23
 -6.43194e-23 -6.18572e-23 -5.94813e-23 -5.98042e-23 -6.35050e-23 -6.87966e-23
 -7.24968e-23 -7.20037e-23 -6.69301e-23 -5.94113e-23 -5.29493e-23 -5.05302e-23
 -5.31230e-23 -5.93570e-23 -6.64418e-23 -7.16931e-23 -7.37790e-23 -7.30634e-23
 -7.10054e-23 -6.90885e-23 -6.79441e-23 -6.71338e-23 -6.56281e-23 -6.26267e-23
 -5.82091e-23 -5.34405e-23 -4.98875e-23 -4.88312e-23 -5.06234e-23 -5.45383e-23
 -5.91855e-23 -6.32300e-23 -6.60007e-23 -6.76468e-23 -6.87892e-23 -6.99268e-23
 -7.10086e-23 -7.14590e-23 -7.06291e-23 -6.83457e-23 -6.51524e-23 -6.20503e-23
 -5.99055e-23 -5.89468e-23 -5.87260e-23 -5.85795e-23 -5.82428e-23 -5.81235e-23
 -5.89657e-23 -6.11024e-23 -6.38592e-23 -6.56519e-23 -6.48724e-23 -6.10744e-23
 -5.56534e-23 -5.14369e-23 -5.12623e-23 -5.63079e-23 -6.52006e-23 -7.45199e-23
 -8.04771e-23 -8.07645e-23 -7.53573e-23 -6.55856e-23 -5.18366e-23 -3.12548e-23
  2.71650e-24  5.73637e-23  1.33549e-22  2.14768e-22  2.54126e-22  1.62770e-22
 -1.93969e-22 -9.82379e-22 -2.35320e-21 -4.34357e-21 -6.71329e-21 -8.71544e-21
 -8.83476e-21 -4.58375e-21  7.47529e-21  3.12254e-20  6.96814e-20  1.22544e-19
  1.82444e-19  2.30075e-19  2.29112e-19  1.22821e-19 -1.64460e-19 -7.16511e-19
 -1.59991e-18 -2.81940e-18 -4.25174e-18 -5.56113e-18 -6.10819e-18 -4.87639e-18
 -4.54217e-19  8.87441e-18  2.48669e-17  4.88142e-17  8.07166e-17  1.18079e-16
  1.54277e-16  1.76491e-16  1.63276e-16  8.20360e-17 -1.12933e-16 -4.80472e-16
 -1.08807e-15 -1.99855e-15 -3.24154e-15 -4.76150e-15 -6.33402e-15 -7.44566e-15
 -7.14366e-15 -3.88333e-15  4.56413e-15  2.10323e-14  4.85425e-14  8.93375e-14
  1.43146e-13  2.04532e-13  2.59390e-13  2.81036e-13  2.26929e-13  3.78482e-14
 -3.57837e-13 -1.03156e-12 -2.03030e-12 -3.33853e-12 -4.82683e-12 -6.19268e-12
 -6.90564e-12 -6.17774e-12 -2.98805e-12  3.80413e-12  1.52245e-11  3.18069e-11
  5.30808e-11  7.69747e-11  9.92450e-11  1.13104e-10  1.09280e-10  7.67580e-11
  4.43410e-12 -1.16232e-10 -2.87665e-10 -5.02169e-10 -7.38253e-10 -9.58463e-10
 -1.11008e-09 -1.13005e-09 -9.54969e-10 -5.36107e-10  1.42137e-10  1.04368e-09
  2.06726e-09  3.04453e-09  3.75611e-09  3.97059e-09  3.50671e-09  2.31283e-09
  5.48814e-10 -1.35333e-09 -2.68108e-09 -2.51830e-09  6.49263e-11  5.69886e-09
  1.42945e-08  2.45744e-08  3.36534e-08  3.68131e-08  2.76354e-08 -1.33769e-09
 -5.72957e-08 -1.45172e-07 -2.65090e-07 -4.09520e-07 -5.60640e-07 -6.88519e-07
 -7.50863e-07 -6.95018e-07 -4.62737e-07  2.12562e-09  7.43383e-07  1.78071e-06
  3.09789e-06  4.63324e-06  6.27459e-06  7.86104e-06  9.19314e-06  1.00521e-05
  1.02269e-05  9.54736e-06  7.91776e-06  5.34713e-06  1.96913e-06 -1.95328e-06
 -6.04225e-06 -9.83995e-06 -1.28617e-05 -1.46618e-05 -1.49036e-05 -1.34229e-05
 -1.02730e-05 -5.74293e-06 -3.40645e-07  5.25811e-06  1.02926e-05  1.40203e-05
  1.58269e-05  1.53249e-05  1.24251e-05  7.36818e-06  7.07196e-07 -6.75675e-06
 -1.40791e-05 -2.03012e-05 -2.45852e-05 -2.63337e-05 -2.52754e-05 -2.15046e-05
 -1.54664e-05 -7.89358e-06  2.96879e-07  8.13062e-06  1.47068e-05  1.93148e-05
  2.15208e-05  2.12149e-05  1.86139e-05  1.42231e-05  8.76294e-06  3.07258e-06
 -1.99859e-06 -5.69884e-06 -7.46995e-06 -7.02127e-06 -4.37410e-06  1.29644e-07
  5.85740e-06  1.19547e-05  1.74479e-05  2.13728e-05  2.29132e-05  2.15338e-05
  1.70855e-05  9.86476e-06  6.12075e-07 -9.55771e-06 -1.92898e-05 -2.71744e-05
 -3.19580e-05 -3.27498e-05 -2.91886e-05 -2.15421e-05 -1.07152e-05  1.84090e-06
  1.43105e-05  2.47660e-05  3.14561e-05  3.30863e-05  2.90496e-05  1.95667e-05
  5.70866e-06 -1.07092e-05 -2.73559e-05 -4.17074e-05 -5.14208e-05 -5.47050e-05
 -5.06287e-05 -3.93131e-05 -2.19703e-05 -7.71626e-07  2.14430e-05  4.15768e-05
  5.67467e-05  6.47374e-05  6.43614e-05  5.56633e-05  3.99259e-05  1.94761e-05
 -2.68130e-06 -2.33395e-05 -3.95931e-05 -4.92838e-05 -5.13114e-05 -4.57624e-05
 -3.38399e-05 -1.76162e-05  3.39504e-07  1.73876e-05  3.12221e-05  4.01867e-05
  4.34565e-05  4.10697e-05  3.38181e-05  2.30316e-05  1.03026e-05 -2.79488e-06
 -1.49456e-05 -2.52548e-05 -3.33102e-05 -3.91399e-05 -4.30754e-05 -4.55465e-05
 -4.68432e-05 -4.68905e-05 -4.50860e-05 -4.02471e-05 -3.07065e-05 -1.45706e-05
  9.86888e-06  4.36222e-05  8.64705e-05  1.36532e-04  1.90045e-04  2.41481e-04
  2.84048e-04  3.10571e-04  3.14671e-04  2.92048e-04  2.41639e-04  1.66389e-04
  7.34040e-05 -2.66483e-05 -1.20880e-04 -1.96120e-04 -2.41131e-04 -2.48707e-04
 -2.17226e-04 -1.51300e-04 -6.13301e-05  3.80268e-05  1.30235e-04  1.99670e-04
  2.34291e-04  2.27661e-04  1.79933e-04  9.76125e-05 -7.81869e-06 -1.22083e-04
 -2.30613e-04 -3.20840e-04 -3.83839e-04 -4.15065e-04 -4.14180e-04 -3.84191e-04
 -3.30269e-04 -2.58631e-04 -1.75793e-04 -8.82904e-05 -2.75419e-06  7.39387e-05
  1.34776e-04  1.73250e-04  1.84585e-04  1.67350e-04  1.25003e-04  6.67990e-05
  7.50658e-06 -3.43684e-05 -3.97918e-05  6.64784e-06  1.12499e-04  2.74152e-04
  4.75455e-04  6.88873e-04  8.79273e-04  1.00984e-03  1.04906e-03  9.77283e-04
  7.91645e-04  5.07973e-04  1.59299e-04 -2.08957e-04 -5.46260e-04 -8.05354e-04
 -9.50160e-04 -9.61731e-04 -8.41158e-04 -6.09003e-04 -3.01478e-04  3.58000e-05
  3.55212e-04  6.14328e-04  7.81659e-04  8.40087e-04  7.87656e-04  6.35899e-04
  4.06365e-04  1.26229e-04 -1.75997e-04 -4.73896e-04 -7.45187e-04 -9.72340e-04
 -1.14204e-03 -1.24409e-03 -1.27047e-03 -1.21502e-03 -1.07420e-03 -8.48728e-04
 -5.45723e-04 -1.80656e-04  2.21711e-04  6.28032e-04  9.99052e-04  1.29413e-03
  1.47700e-03  1.52180e-03  1.41819e-03  1.17446e-03  8.17836e-04  3.91595e-04
 -5.06198e-05 -4.52570e-04 -7.63959e-04 -9.48274e-04 -9.88508e-04 -8.89674e-04
 -6.77547e-04 -3.93792e-04 -8.82756e-05  1.90000e-04  4.01635e-04  5.23485e-04
  5.51877e-04  5.01692e-04  4.01523e-04  2.85969e-04  1.86821e-04  1.25211e-04
  1.06585e-04  1.19755e-04  1.40306e-04  1.37540e-04  8.33049e-05 -3.95142e-05
 -2.30946e-04 -4.71898e-04 -7.26710e-04 -9.49782e-04 -1.09477e-03 -1.12433e-03
 -1.01816e-03 -7.77837e-04 -4.27323e-04 -9.35026e-06  4.21490e-04  8.07490e-04
  1.09672e-03  1.25057e-03  1.24894e-03  1.09243e-03  8.01644e-04  4.13961e-04
 -2.15271e-05 -4.50211e-04 -8.18526e-04 -1.08023e-03 -1.20179e-03 -1.16654e-03
 -9.76943e-04 -6.55030e-04 -2.40570e-04  2.12852e-04  6.43670e-04  9.89637e-04
  1.19591e-03  1.22299e-03  1.05358e-03  6.97010e-04  1.90618e-04 -4.03008e-04
 -1.00283e-03 -1.51989e-03 -1.87028e-03 -1.98882e-03 -1.84104e-03 -1.43136e-03
 -8.05305e-04 -4.51230e-05  7.41429e-04  1.43741e-03  1.93572e-03  2.15747e-03
  2.06634e-03  1.67610e-03  1.04941e-03  2.87970e-04 -4.84644e-04 -1.14449e-03
 -1.58911e-03 -1.75566e-03 -1.63175e-03 -1.25682e-03 -7.13660e-04 -1.11705e-04
  4.34614e-04  8.28065e-04  1.00688e-03  9.55404e-04  7.05035e-04  3.25573e-04
 -9.09985e-05 -4.50577e-04 -6.76466e-04 -7.24256e-04 -5.89173e-04 -3.04808e-04
  6.59315e-05  4.45154e-04  7.56220e-04  9.38384e-04  9.57094e-04  8.08382e-04
  5.17258e-04  1.31180e-04 -2.89495e-04 -6.81969e-04 -9.90470e-04 -1.17347e-03
 -1.20798e-03 -1.09100e-03 -8.38376e-04 -4.81827e-04 -6.45182e-05  3.64129e-04
  7.54047e-04  1.06009e-03  1.24713e-03  1.29413e-03  1.19683e-03  9.68418e-04
  6.38162e-04  2.47805e-04 -1.53781e-04 -5.17147e-04 -7.99103e-04 -9.68823e-04
 -1.01223e-03 -9.33810e-04 -7.55510e-04 -5.12607e-04 -2.47291e-04 -9.69239e-07
  1.93229e-04  3.16246e-04  3.65928e-04  3.56190e-04  3.12639e-04  2.65562e-04
  2.41900e-04  2.58129e-04  3.15835e-04  4.01148e-04  4.88294e-04  5.46439e-04
  5.48147e-04  4.77308e-04  3.34455e-04  1.38005e-04 -7.90071e-05 -2.76028e-04
 -4.14212e-04 -4.65553e-04 -4.19655e-04 -2.86471e-04 -9.43126e-05  1.16403e-04
  3.02189e-04  4.26143e-04  4.65940e-04  4.18329e-04  2.99124e-04  1.38801e-04
 -2.51816e-05 -1.57462e-04 -2.33085e-04 -2.43105e-04 -1.96206e-04 -1.16014e-04
 -3.47874e-05  1.49778e-05  9.03956e-06 -6.20463e-05 -1.89893e-04 -3.49529e-04
 -5.04681e-04 -6.15930e-04 -6.49853e-04 -5.87060e-04 -4.27234e-04 -1.90006e-04
  8.85532e-05  3.63014e-04  5.87619e-04  7.25215e-04  7.54137e-04  6.71641e-04
  4.93362e-04  2.49229e-04 -2.29604e-05 -2.84661e-04 -5.02811e-04 -6.54000e-04
 -7.26106e-04 -7.17637e-04 -6.35563e-04 -4.92621e-04 -3.04959e-04 -9.05741e-05
  1.31462e-04  3.41407e-04  5.19448e-04  6.46933e-04  7.08356e-04  6.93781e-04
  6.01094e-04  4.37384e-04  2.18892e-04 -3.06285e-05 -2.82900e-04 -5.08841e-04
 -6.82284e-04 -7.83054e-04 -7.99013e-04 -7.27032e-04 -5.73066e-04 -3.51593e-04
 -8.45703e-05  2.00099e-04  4.70770e-04  6.95099e-04  8.43901e-04  8.95472e-04
  8.39650e-04  6.80667e-04  4.37902e-04  1.43952e-04 -1.59919e-04 -4.30280e-04
 -6.28730e-04 -7.28319e-04 -7.17859e-04 -6.03275e-04 -4.05849e-04 -1.57891e-04
  1.03114e-04  3.40659e-04  5.24532e-04  6.34549e-04  6.62360e-04  6.11380e-04
  4.95159e-04  3.34604e-04  1.54497e-04 -2.02497e-05 -1.68142e-04 -2.73960e-04
 -3.30455e-04 -3.38539e-04 -3.05901e-04 -2.44362e-04 -1.66649e-04 -8.34654e-05
 -1.70292e-06  7.57330e-05  1.48546e-04  2.16750e-04  2.78432e-04  3.28569e-04
  3.59490e-04  3.62972e-04  3.33261e-04  2.69915e-04  1.79328e-04  7.42112e-05
 -2.89804e-05 -1.13990e-04 -1.68855e-04 -1.88874e-04 -1.77555e-04 -1.45249e-04
 -1.05992e-04 -7.35123e-05 -5.76376e-05 -6.20398e-05 -8.38373e-05 -1.14955e-04
 -1.44688e-04 -1.62673e-04 -1.61500e-04 -1.38424e-04 -9.59257e-05 -4.11833e-05
  1.53391e-05  6.18717e-05  8.75608e-05  8.46005e-05  4.99335e-05 -1.38152e-05
 -9.84527e-05 -1.91500e-04 -2.78515e-04 -3.46025e-04 -3.84397e-04 -3.89868e-04
 -3.65145e-04 -3.18302e-04 -2.60273e-04 -2.01655e-04 -1.49857e-04 -1.07513e-04
 -7.27231e-05 -4.10337e-05 -8.44599e-06  2.56714e-05  5.69183e-05  7.62091e-05
  7.22056e-05  3.51591e-05 -3.90539e-05 -1.46068e-04 -2.72379e-04 -3.97290e-04
 -4.97011e-04 -5.49839e-04 -5.41033e-04 -4.66100e-04 -3.31744e-04 -1.54380e-04
  4.32468e-05  2.36377e-04  4.02451e-04  5.24386e-04  5.92428e-04  6.04535e-04
  5.65505e-04  4.85265e-04  3.76724e-04  2.53565e-04  1.28269e-04  1.06059e-05
 -9.31693e-05 -1.80280e-04 -2.50501e-04 -3.04522e-04 -3.41983e-04 -3.59798e-04
 -3.51372e-04 -3.07226e-04 -2.17111e-04 -7.32823e-05  1.25887e-04  3.73001e-04
  6.50456e-04  9.31605e-04  1.18430e-03  1.37614e-03  1.48031e-03  1.48056e-03
  1.37422e-03  1.17245e-03  8.97964e-04  5.80571e-04  2.52033e-04 -5.88006e-05
 -3.29436e-04 -5.45288e-04 -6.99387e-04 -7.90789e-04 -8.22482e-04 -7.99581e-04
 -7.28343e-04 -6.16120e-04 -4.71989e-04 -3.07539e-04 -1.37207e-04  2.22291e-05
  1.53131e-04  2.39186e-04  2.67801e-04  2.32075e-04  1.31858e-04 -2.63684e-05
 -2.30701e-04 -4.65773e-04 -7.14970e-04 -9.62403e-04 -1.19434e-03 -1.39991e-03
 -1.57123e-03 -1.70304e-03 -1.79211e-03 -1.83663e-03 -1.83572e-03 -1.78915e-03
 -1.69741e-03 -1.56224e-03 -1.38734e-03 -1.17928e-03 -9.48119e-04 -7.07274e-04
 -4.72419e-04 -2.59230e-04 -8.03715e-05  5.75677e-05  1.56230e-04  2.25878e-04
  2.83556e-04  3.49206e-04  4.40621e-04  5.68542e-04  7.33320e-04  9.24158e-04
  1.12125e-03  1.30033e-03  1.43838e-03  1.51906e-03  1.53659e-03  1.49694e-03
  1.41663e-03  1.31916e-03  1.23040e-03  1.17375e-03  1.16604e-03  1.21487e-03
  1.31757e-03  1.46185e-03  1.62787e-03  1.79164e-03  1.92895e-03  2.01954e-03
  2.05062e-03  2.01902e-03  1.93129e-03  1.80172e-03  1.64828e-03  1.48775e-03
  1.33110e-03  1.18066e-03  1.03004e-03  8.67126e-04  6.79188e-04  4.58823e-04
  2.08540e-04 -5.76173e-05 -3.16345e-04 -5.40876e-04 -7.08739e-04 -8.09099e-04
 -8.47250e-04 -8.44574e-04 -8.33645e-04 -8.49723e-04 -9.21073e-04 -1.06107e-03
 -1.26454e-03 -1.50946e-03 -1.76359e-03 -1.99380e-03 -2.17511e-03 -2.29665e-03
 -2.36244e-03 -2.38713e-03 -2.38797e-03 -2.37609e-03 -2.35009e-03 -2.29420e-03
 -2.18205e-03 -1.98470e-03 -1.68062e-03 -1.26437e-03 -7.51074e-04 -1.75295e-04
  4.15502e-04  9.70905e-04  1.44801e-03  1.81937e-03  2.07629e-03  2.22695e-03
  2.29020e-03  2.28751e-03  2.23554e-03  2.14166e-03  2.00364e-03  1.81312e-03
  1.56166e-03  1.24703e-03  8.77867e-04  4.75333e-04  7.13123e-05 -2.96086e-04
 -5.88460e-04 -7.72975e-04 -8.26998e-04 -7.40932e-04 -5.19304e-04 -1.80524e-04
  2.44236e-04  7.12842e-04  1.17484e-03  1.57530e-03  1.86003e-03  1.98214e-03
  1.90871e-03  1.62657e-03  1.14523e-03  4.95972e-04 -2.73264e-04 -1.10617e-03
 -1.94768e-03 -2.75232e-03 -3.48910e-03 -4.14184e-03 -4.70498e-03 -5.17681e-03
 -5.55247e-03 -5.81944e-03 -5.95716e-03 -5.94111e-03 -5.75004e-03 -5.37395e-03
 -4.82016e-03 -4.11525e-03 -3.30213e-03 -2.43291e-03 -1.55952e-03 -7.24780e-04
  4.38329e-05  7.36125e-04  1.35677e-03  1.91962e-03  2.44060e-03  2.93144e-03
  3.39570e-03  3.82803e-03  4.21631e-03  4.54571e-03  4.80320e-03  4.98115e-03
  5.07903e-03  5.10300e-03  5.06372e-03  4.97309e-03  4.84114e-03  4.67361e-03
  4.47118e-03  4.23014e-03  3.94440e-03  3.60816e-03  3.21846e-03  2.77701e-03
  2.29078e-03  1.77130e-03  1.23282e-03  6.89988e-04  1.55642e-04 -3.60676e-04
 -8.53080e-04 -1.31855e-03 -1.75528e-03 -2.16077e-03 -2.53023e-03 -2.85593e-03
 -3.12764e-03 -3.33402e-03 -3.46454e-03 -3.51116e-03 -3.46919e-03 -3.33708e-03
 -3.11493e-03 -2.80257e-03 -2.39781e-03 -1.89583e-03 -1.29035e-03 -5.76608e-04
  2.44281e-04  1.16059e-03  2.14625e-03  3.15933e-03  4.14338e-03  5.03184e-03
  5.75485e-03  6.24723e-03  6.45635e-03  6.34834e-03  5.91210e-03  5.16026e-03
  4.12763e-03  2.86745e-03  1.44620e-03 -6.22179e-05 -1.58221e-03 -3.04168e-03
 -4.37620e-03 -5.53204e-03 -6.46792e-03 -7.15563e-03 -7.57976e-03 -7.73685e-03
 -7.63428e-03 -7.28910e-03 -6.72696e-03 -5.98103e-03 -5.09070e-03 -4.09987e-03
 -3.05474e-03 -2.00098e-03 -9.80738e-04 -2.96718e-05  8.25228e-04  1.56674e-03
  2.18705e-03  2.68583e-03  3.06726e-03  3.33630e-03  3.49538e-03  3.54204e-03
  3.46845e-03  3.26298e-03  2.91373e-03  2.41334e-03  1.76382e-03  9.80409e-04
  9.31668e-05 -8.54172e-04 -1.80802e-03 -2.71064e-03 -3.50646e-03 -4.14762e-03
 -4.59766e-03 -4.83282e-03 -4.84133e-03 -4.62156e-03 -4.18011e-03 -3.53089e-03
 -2.69548e-03 -1.70456e-03 -5.99232e-04  5.68694e-04  1.73870e-03  2.84595e-03
  3.82769e-03  4.63037e-03  5.21583e-03  5.56524e-03  5.67977e-03  5.57814e-03
  5.29174e-03  4.85873e-03  4.31853e-03  3.70780e-03  3.05829e-03  2.39657e-03
  1.74471e-03  1.12139e-03  5.42515e-04  2.10567e-05 -4.33618e-04 -8.16730e-04
 -1.12873e-03 -1.37516e-03 -1.56560e-03 -1.71175e-03 -1.82491e-03 -1.91354e-03
 -1.98110e-03 -2.02484e-03 -2.03562e-03 -1.99888e-03 -1.89689e-03 -1.71185e-03
 -1.42960e-03 -1.04343e-03 -5.57171e-04  1.29334e-05  6.38339e-04  1.28048e-03
  1.89506e-03  2.43775e-03  2.87007e-03  3.16433e-03  3.30632e-03  3.29538e-03
  3.14170e-03  2.86188e-03  2.47414e-03  1.99468e-03  1.43626e-03  8.09565e-04
  1.26670e-04 -5.94677e-04 -1.32766e-03 -2.03539e-03 -2.67319e-03 -3.19384e-03
 -3.55482e-03 -3.72564e-03 -3.69333e-03 -3.46483e-03 -3.06553e-03 -2.53451e-03
 -1.91779e-03 -1.26110e-03 -6.04252e-04  2.21459e-05  5.96805e-04  1.10535e-03
  1.53640e-03  1.87758e-03  2.11300e-03  2.22315e-03  2.18760e-03  1.99004e-03
  1.62434e-03  1.10000e-03  4.45172e-04 -2.93931e-04 -1.05767e-03 -1.78093e-03
 -2.40274e-03 -2.87536e-03 -3.17062e-03 -3.28206e-03 -3.22265e-03 -3.01877e-03
 -2.70253e-03 -2.30464e-03 -1.84975e-03 -1.35534e-03 -8.33927e-04 -2.97221e-04
  2.39502e-04  7.54873e-04  1.22179e-03  1.61076e-03  1.89524e-03  2.05716e-03
  2.09099e-03  2.00486e-03  1.81848e-03  1.55861e-03  1.25347e-03  9.27717e-04
  5.99520e-04  2.80218e-04 -2.36722e-05 -3.07140e-04 -5.63412e-04 -7.81992e-04
 -9.48736e-04 -1.04799e-03 -1.06613e-03 -9.95549e-04 -8.37719e-04 -6.04701e-04
 -3.18372e-04 -7.59074e-06  2.96226e-04  5.64185e-04  7.74627e-04  9.16485e-04
  9.90551e-04  1.00835e-03  9.88812e-04  9.53369e-04  9.20646e-04  9.01857e-04
  8.98055e-04  8.99910e-04  8.90084e-04  8.47651e-04  7.53508e-04  5.95497e-04
  3.72079e-04  9.38261e-05 -2.17455e-04 -5.31615e-04 -8.14346e-04 -1.03181e-03
 -1.15500e-03 -1.16333e-03 -1.04722e-03 -8.09537e-04 -4.65816e-04 -4.31798e-05
  4.22119e-04  8.88491e-04  1.31374e-03  1.66008e-03  1.89847e-03  2.01139e-03
  1.99339e-03  1.84956e-03  1.59239e-03  1.23838e-03  8.05578e-04  3.12917e-04
 -2.18466e-04 -7.62803e-04 -1.28757e-03 -1.75326e-03 -2.11623e-03 -2.33455e-03
 -2.37594e-03 -2.22565e-03 -1.89191e-03 -1.40723e-03 -8.24583e-04 -2.09364e-04
  3.71131e-04  8.58065e-04  1.20889e-03  1.40117e-03  1.43205e-03  1.31460e-03
  1.07251e-03  7.35138e-04  3.34137e-04 -9.80675e-05 -5.28517e-04 -9.23795e-04
 -1.25105e-03 -1.48047e-03 -1.58901e-03 -1.56434e-03 -1.40768e-03 -1.13442e-03
 -7.72057e-04 -3.55806e-04  7.70000e-05  4.92186e-04  8.62389e-04  1.16834e-03
  1.39789e-03  1.54361e-03  1.60027e-03  1.56333e-03  1.42928e-03  1.19762e-03
  8.73955e-04  4.72819e-04  1.90186e-05 -4.53320e-04 -9.04223e-04 -1.29322e-03
 -1.58535e-03 -1.75636e-03 -1.79576e-03 -1.70710e-03 -1.50553e-03 -1.21353e-03
 -8.56284e-04 -4.58032e-04 -4.05119e-05  3.76295e-04  7.71826e-04  1.12235e-03
  1.39982e-03  1.57338e-03  1.61399e-03  1.50139e-03  1.23154e-03  8.22272e-04
  3.14863e-04 -2.29680e-04 -7.39434e-04 -1.14377e-03 -1.38616e-03 -1.43438e-03
 -1.28565e-03 -9.65437e-04 -5.20564e-04 -8.57310e-06  5.13636e-04  9.99027e-04
  1.41548e-03  1.74606e-03  1.98537e-03  2.13396e-03  2.19302e-03  2.16121e-03
  2.03464e-03  1.80954e-03  1.48650e-03  1.07467e-03  5.94110e-04  7.56100e-05
 -4.42294e-04 -9.18376e-04 -1.31466e-03 -1.60190e-03 -1.76360e-03 -1.79770e-03
 -1.71603e-03 -1.54161e-03 -1.30453e-03 -1.03720e-03 -7.69762e-04 -5.26396e-04
 -3.23131e-04 -1.67310e-04 -5.86453e-05  8.59419e-06  4.29661e-05  5.35510e-05
  4.85327e-05  3.48781e-05  1.88859e-05  7.01270e-06  6.23677e-06  2.33864e-05
  6.32742e-05  1.26046e-04  2.04625e-04  2.83373e-04  3.38876e-04  3.43288e-04
  2.69826e-04  9.93214e-05 -1.73787e-04 -5.37642e-04 -9.62529e-04 -1.40415e-03
 -1.81000e-03 -2.12751e-03 -2.31215e-03 -2.33378e-03 -2.18024e-03 -1.85784e-03
 -1.38920e-03 -8.09485e-04 -1.62074e-04  5.05389e-04  1.14428e-03  1.70768e-03
  2.15294e-03  2.44440e-03  2.55651e-03  2.47688e-03  2.20880e-03  1.77215e-03
  1.20247e-03  5.47763e-04 -1.36311e-04 -7.92130e-04 -1.36561e-03 -1.81067e-03
 -2.09222e-03 -2.18779e-03 -2.08825e-03 -1.79812e-03 -1.33594e-03 -7.34369e-04
 -3.97041e-05  6.90174e-04  1.38999e-03  1.99357e-03  2.44190e-03  2.69158e-03
  2.72153e-03  2.53656e-03  2.16645e-03  1.66055e-03  1.07900e-03  4.82471e-04
 -7.72280e-05 -5.63719e-04 -9.58483e-04 -1.25915e-03 -1.47457e-03 -1.61848e-03
 -1.70348e-03 -1.73708e-03 -1.72030e-03 -1.64910e-03 -1.51743e-03 -1.32106e-03
 -1.06079e-03 -7.44290e-04 -3.86287e-04 -7.24138e-06  3.68995e-04  7.17924e-04
  1.01703e-03  1.24795e-03  1.39807e-03  1.46135e-03  1.43857e-03  1.33688e-03
  1.16862e-03  9.49753e-04  6.98042e-04  4.31323e-04  1.66372e-04 -8.14674e-05
 -2.97879e-04 -4.68745e-04 -5.79499e-04 -6.15322e-04 -5.62690e-04 -4.12332e-04
 -1.63142e-04  1.73936e-04  5.73291e-04  9.94499e-04  1.38541e-03  1.68851e-03
  1.84973e-03  1.82824e-03  1.60505e-03  1.18864e-03  6.15857e-04 -5.23543e-05
 -7.39963e-04 -1.36802e-03 -1.86752e-03 -2.19040e-03 -2.31629e-03 -2.25371e-03
 -2.03567e-03 -1.71088e-03 -1.33287e-03 -9.49597e-04 -5.95957e-04 -2.90599e-04
 -3.72264e-05  1.70610e-04  3.43084e-04  4.88126e-04  6.07647e-04  6.96821e-04
  7.46321e-04  7.46505e-04  6.92066e-04  5.85631e-04  4.39227e-04  2.73184e-04
  1.12796e-04 -1.63823e-05 -9.34238e-05 -1.05971e-04 -5.23919e-05  5.82060e-05
  2.07985e-04  3.73855e-04  5.31642e-04  6.60103e-04  7.44070e-04  7.76236e-04
  7.57393e-04  6.95183e-04  6.01708e-04  4.90469e-04  3.73233e-04  2.57430e-04
  1.44659e-04  3.06605e-05 -9.31003e-05 -2.36481e-04 -4.06921e-04 -6.05794e-04
 -8.25803e-04 -1.05027e-03 -1.25473e-03 -1.41065e-03 -1.49064e-03 -1.47387e-03
 -1.35049e-03 -1.12389e-03 -8.10377e-04 -4.36262e-04 -3.32943e-05  3.66436e-04
  7.34854e-04  1.05059e-03  1.29967e-03  1.47443e-03  1.57156e-03  1.59005e-03
  1.53008e-03  1.39311e-03  1.18315e-03  9.08525e-04  5.83426e-04  2.28335e-04
 -1.31074e-04 -4.66604e-04 -7.51314e-04 -9.63615e-04 -1.09078e-03 -1.13102e-03
 -1.09371e-03 -9.97509e-04 -8.66783e-04 -7.27033e-04 -6.00154e-04 -5.00568e-04
 -4.33046e-04 -3.92713e-04 -3.67214e-04 -3.40523e-04 -2.97416e-04 -2.27458e-04
 -1.27479e-04 -1.95309e-06  1.38685e-04  2.81117e-04  4.12567e-04  5.23503e-04
  6.08849e-04  6.67559e-04  7.00979e-04  7.10839e-04  6.97758e-04  6.60842e-04
  5.98463e-04  5.09783e-04  3.96313e-04  2.62833e-04  1.17279e-04 -3.03283e-05
 -1.69516e-04 -2.90980e-04 -3.87767e-04 -4.55854e-04 -4.94242e-04 -5.04836e-04
 -4.92303e-04 -4.63876e-04 -4.28860e-04 -3.97534e-04 -3.79319e-04 -3.80454e-04
 -4.01830e-04 -4.37834e-04 -4.76904e-04 -5.04025e-04 -5.04660e-04 -4.69001e-04
 -3.95134e-04 -2.89967e-04 -1.67422e-04 -4.43725e-05  6.44307e-05  1.50798e-04
  2.15461e-04  2.67626e-04  3.21947e-04  3.93962e-04  4.95470e-04  6.31191e-04
  7.97486e-04  9.83151e-04  1.17165e-03  1.34382e-03  1.48030e-03  1.56317e-03
  1.57691e-03  1.50921e-03  1.35186e-03  1.10211e-03  7.64181e-04  3.50581e-04
 -1.17596e-04 -6.11621e-04 -1.09751e-03 -1.53946e-03 -1.90362e-03 -2.16172e-03
 -2.29377e-03 -2.28981e-03 -2.15054e-03 -1.88709e-03 -1.51994e-03 -1.07711e-03
 -5.91550e-04 -9.78331e-05  3.71424e-04  7.88977e-04  1.13539e-03  1.39988e-03
  1.57940e-03  1.67616e-03  1.69451e-03  1.63827e-03  1.50942e-03  1.30876e-03
  1.03817e-03  7.03622e-04  3.17769e-04 -9.91443e-05 -5.20482e-04 -9.16407e-04
 -1.25816e-03 -1.52219e-03 -1.69298e-03 -1.76403e-03 -1.73687e-03 -1.61900e-03
 -1.42156e-03 -1.15767e-03 -8.41895e-04 -4.90716e-04 -1.23398e-04  2.37509e-04
  5.66751e-04  8.38337e-04  1.02872e-03  1.12055e-03  1.10623e-03  9.90311e-04
  7.90223e-04  5.34969e-04  2.61966e-04  1.24134e-05 -1.74137e-04 -2.65236e-04
 -2.40227e-04 -9.34451e-05  1.64606e-04  5.08372e-04  9.00548e-04  1.29708e-03
  1.65301e-03  1.92813e-03  2.09149e-03  2.12399e-03  2.01889e-03  1.78058e-03
  1.42222e-03  9.63330e-04  4.27868e-04 -1.56710e-04 -7.59682e-04 -1.34714e-03
 -1.88264e-03 -2.32905e-03 -2.65158e-03 -2.82181e-03 -2.82168e-03 -2.64666e-03
 -2.30719e-03 -1.82810e-03 -1.24614e-03 -6.06200e-04  4.30475e-05  6.53408e-04
  1.18086e-03  1.58861e-03  1.84955e-03  1.94828e-03  1.88261e-03  1.66433e-03
  1.31890e-03  8.83747e-04  4.04891e-04 -6.77258e-05 -4.85807e-04 -8.08286e-04
 -1.00610e-03 -1.06542e-03 -9.88934e-04 -7.95068e-04 -5.15415e-04 -1.90728e-04
  1.33982e-04  4.14745e-04  6.13794e-04  7.04083e-04  6.72634e-04  5.22249e-04
  2.71225e-04 -4.89997e-05 -3.98038e-04 -7.31980e-04 -1.00920e-03 -1.19561e-03
 -1.26850e-03 -1.21856e-03 -1.04993e-03 -7.78715e-04 -4.30322e-04 -3.64650e-05
  3.67878e-04  7.47240e-04  1.06817e-03  1.30157e-03  1.42491e-03  1.42423e-03
  1.29578e-03  1.04669e-03  6.94685e-04  2.66414e-04 -2.05292e-04 -6.84884e-04
 -1.13766e-03 -1.53283e-03 -1.84561e-03 -2.05821e-03 -2.15990e-03 -2.14638e-03
 -2.01910e-03 -1.78481e-03 -1.45543e-03 -1.04825e-03 -5.86166e-04 -9.73557e-05
  3.85769e-04  8.28650e-04  1.19760e-03  1.46346e-03  1.60523e-03  1.61332e-03
  1.49152e-03  1.25745e-03  9.41236e-04  5.82489e-04  2.25848e-04 -8.42928e-05
 -3.09242e-04 -4.20896e-04 -4.05395e-04 -2.65003e-04 -1.79638e-05  3.03703e-04
  6.58141e-04  9.98826e-04  1.28026e-03  1.46349e-03  1.52070e-03  1.43849e-03
  1.21934e-03  8.81202e-04  4.55341e-04 -1.73586e-05 -4.91137e-04 -9.20566e-04
 -1.26557e-03 -1.49561e-03 -1.59258e-03 -1.55198e-03 -1.38256e-03 -1.10446e-03
 -7.46429e-04 -3.42490e-04  7.13841e-05  4.60415e-04  7.93767e-04  1.04688e-03
  1.20334e-03  1.25618e-03  1.20843e-03  1.07260e-03  8.69051e-04  6.23270e-04
  3.62421e-04  1.11739e-04 -1.08508e-04 -2.84917e-04 -4.11384e-04 -4.88167e-04
 -5.20015e-04 -5.14004e-04 -4.77712e-04 -4.18151e-04 -3.41534e-04 -2.53654e-04
 -1.60456e-04 -6.83902e-05  1.57215e-05  8.53146e-05  1.34988e-04  1.61360e-04
  1.63551e-04  1.43136e-04  1.03590e-04  4.94447e-05 -1.45494e-05 -8.39714e-05
 -1.54850e-04 -2.23378e-04 -2.85429e-04 -3.36154e-04 -3.69967e-04 -3.81079e-04
 -3.64595e-04 -3.17940e-04 -2.42250e-04 -1.43272e-04 -3.13885e-05  7.94360e-05
  1.73728e-04  2.37236e-04  2.59765e-04  2.37458e-04  1.73976e-04  8.02563e-05
 -2.71482e-05 -1.28806e-04 -2.05666e-04 -2.42178e-04 -2.28722e-04 -1.62948e-04
 -4.99232e-05  9.88247e-05  2.67111e-04  4.36414e-04  5.88371e-04  7.07131e-04
  7.81285e-04  8.05087e-04  7.78801e-04  7.08076e-04  6.02477e-04  4.73454e-04
  3.32265e-04  1.88340e-04  4.85302e-05 -8.26387e-05 -2.01908e-04 -3.05915e-04
 -3.90154e-04 -4.48767e-04 -4.75405e-04 -4.64928e-04 -4.15408e-04 -3.29706e-04
 -2.16032e-04 -8.71888e-05  4.13172e-05  1.53810e-04  2.36922e-04  2.81415e-04
  2.83039e-04  2.42430e-04  1.64360e-04  5.67182e-05 -7.04623e-05 -2.05843e-04
 -3.37558e-04 -4.54110e-04 -5.45456e-04 -6.04196e-04 -6.26558e-04 -6.12807e-04
 -5.66817e-04 -4.94819e-04 -4.03654e-04 -2.99135e-04 -1.85123e-04 -6.37168e-05
  6.34787e-05  1.93490e-04  3.20302e-04  4.34183e-04  5.22519e-04  5.72142e-04
  5.72574e-04  5.19231e-04  4.15545e-04  2.73248e-04  1.10596e-04 -5.10706e-05
 -1.91549e-04 -2.95704e-04 -3.56125e-04 -3.73943e-04 -3.57736e-04 -3.20935e-04
 -2.78449e-04 -2.43321e-04 -2.24119e-04 -2.23501e-04 -2.38120e-04 -2.59749e-04
 -2.77307e-04 -2.79336e-04 -2.56445e-04 -2.03274e-04 -1.19600e-04 -1.04420e-05
  1.14836e-04  2.44159e-04  3.64718e-04  4.64847e-04  5.35417e-04  5.70566e-04
  5.67784e-04  5.27570e-04  4.52942e-04  3.49024e-04  2.22797e-04  8.29033e-05
 -6.06886e-05 -1.97371e-04 -3.16994e-04 -4.11236e-04 -4.74925e-04 -5.06915e-04
 -5.10172e-04 -4.90956e-04 -4.57248e-04 -4.16796e-04 -3.75311e-04 -3.35288e-04
 -2.95752e-04 -2.52951e-04 -2.01791e-04 -1.37579e-04 -5.76260e-05  3.76853e-05
  1.44585e-04  2.56362e-04  3.64393e-04  4.59481e-04  5.33165e-04  5.78754e-04
  5.91936e-04  5.70932e-04  5.16314e-04  4.30638e-04  3.18090e-04  1.84239e-04
  3.59593e-05 -1.18588e-04 -2.70039e-04 -4.08154e-04 -5.22516e-04 -6.03580e-04
 -6.43963e-04 -6.39690e-04 -5.91107e-04 -5.03141e-04 -3.84780e-04 -2.47780e-04
 -1.04856e-04  3.22699e-05  1.54500e-04  2.56325e-04  3.35909e-04  3.94352e-04
  4.34400e-04  4.59009e-04  4.70208e-04  4.68590e-04  4.53539e-04  4.24106e-04
  3.80174e-04  3.23531e-04  2.58395e-04  1.91179e-04  1.29433e-04  8.02054e-05
  4.82534e-05  3.46040e-05  3.59439e-05  4.50961e-05  5.25684e-05  4.88525e-05
  2.69125e-05 -1.57902e-05 -7.63052e-05 -1.46561e-04 -2.15053e-04 -2.69472e-04
 -2.99589e-04 -2.99670e-04 -2.69769e-04 -2.15578e-04 -1.46898e-04 -7.51694e-05
 -1.07730e-05  3.91775e-05  7.19659e-05  8.91009e-05  9.49921e-05  9.49604e-05
  9.32282e-05  9.15004e-05  8.85197e-05  8.06613e-05  6.33133e-05  3.25870e-05
 -1.31529e-05 -7.23348e-05 -1.39997e-04 -2.08338e-04 -2.67795e-04 -3.08377e-04
 -3.20993e-04 -2.98629e-04 -2.37284e-04 -1.36692e-04 -8.00665e-07  1.62010e-04
  3.39072e-04  5.14067e-04  6.68268e-04  7.82431e-04  8.39209e-04  8.25847e-04
  7.36724e-04  5.75252e-04  3.54613e-04  9.69969e-05 -1.68806e-04 -4.11219e-04
 -6.00557e-04 -7.13744e-04 -7.38141e-04 -6.73678e-04 -5.32785e-04 -3.38110e-04
 -1.18478e-04  9.60258e-05  2.78805e-04  4.10394e-04  4.80366e-04  4.87350e-04
  4.37507e-04  3.42095e-04  2.14888e-04  7.00812e-05 -7.89970e-05 -2.20376e-04
 -3.43420e-04 -4.38691e-04 -4.98065e-04 -5.15245e-04 -4.86641e-04 -4.12354e-04
 -2.96959e-04 -1.49762e-04  1.56314e-05  1.82482e-04  3.32682e-04  4.48887e-04
  5.16701e-04  5.26584e-04  4.75186e-04  3.65877e-04  2.08385e-04  1.75684e-05
 -1.88436e-04 -3.90390e-04 -5.70055e-04 -7.11927e-04 -8.04386e-04 -8.40277e-04
 -8.17023e-04 -7.36482e-04 -6.04683e-04 -4.31491e-04 -2.30103e-04 -1.62246e-05
  1.93201e-04  3.81691e-04  5.35167e-04  6.43754e-04  7.03041e-04  7.14441e-04
  6.84523e-04  6.23428e-04  5.42743e-04  4.53295e-04  3.63376e-04  2.77702e-04
  1.97280e-04  1.20072e-04  4.22455e-05 -4.03138e-05 -1.30548e-04 -2.29081e-04
 -3.33579e-04 -4.38702e-04 -5.36670e-04 -6.18339e-04 -6.74643e-04 -6.98122e-04
 -6.84269e-04 -6.32410e-04 -5.45958e-04 -4.31971e-04 -3.00137e-04 -1.61417e-04
 -2.66108e-05  9.48662e-05  1.95849e-04  2.71851e-04  3.21106e-04  3.44315e-04
  3.44204e-04  3.24968e-04  2.91654e-04  2.49519e-04  2.03400e-04  1.57195e-04
  1.13526e-04  7.36832e-05  3.78655e-05  5.67354e-06 -2.32903e-05 -4.88969e-05
 -7.02178e-05 -8.56116e-05 -9.31639e-05 -9.13525e-05 -7.97267e-05 -5.93677e-05
 -3.29473e-05 -4.31264e-06  2.23367e-05  4.34890e-05  5.73078e-05  6.42833e-05
  6.73299e-05  7.12308e-05  8.14913e-05  1.02819e-04  1.37577e-04  1.84605e-04
  2.38767e-04  2.91434e-04  3.31918e-04  3.49596e-04  3.36293e-04  2.88350e-04
  2.07865e-04  1.02768e-04 -1.43385e-05 -1.28312e-04 -2.24090e-04 -2.89212e-04
 -3.15697e-04 -3.00966e-04 -2.47725e-04 -1.63011e-04 -5.67377e-05  5.98592e-05
  1.75589e-04  2.80302e-04  3.65517e-04  4.24748e-04  4.53668e-04  4.50202e-04
  4.14577e-04  3.49314e-04  2.59105e-04  1.50509e-04  3.14624e-05 -8.93968e-05
 -2.03508e-04 -3.03183e-04 -3.82301e-04 -4.36807e-04 -4.64923e-04 -4.67052e-04
 -4.45393e-04 -4.03371e-04 -3.44996e-04 -2.74329e-04 -1.95162e-04 -1.10986e-04
 -2.51912e-05  5.86031e-05  1.36278e-04  2.03159e-04  2.54285e-04  2.84983e-04
  2.91641e-04  2.72479e-04  2.28100e-04  1.61665e-04  7.86133e-05 -1.39966e-05
 -1.08397e-04 -1.97053e-04 -2.73445e-04 -3.32577e-04 -3.71151e-04 -3.87474e-04
 -3.81191e-04 -3.52992e-04 -3.04376e-04 -2.37549e-04 -1.55442e-04 -6.18104e-05
  3.86740e-05  1.40407e-04  2.36987e-04  3.21544e-04  3.87261e-04  4.28070e-04
  4.39443e-04  4.19178e-04  3.68037e-04  2.90079e-04  1.92528e-04  8.51101e-05
 -2.11606e-05 -1.15591e-04 -1.89558e-04 -2.38037e-04 -2.60537e-04 -2.61158e-04
 -2.47685e-04 -2.29829e-04 -2.17013e-04 -2.16206e-04 -2.30328e-04 -2.57636e-04
 -2.92197e-04 -3.25307e-04 -3.47423e-04 -3.50094e-04 -3.27420e-04 -2.76755e-04
 -1.98664e-04 -9.63297e-05  2.52091e-05  1.59698e-04  2.99987e-04  4.38083e-04
  5.65117e-04  6.71510e-04  7.47532e-04  7.84301e-04  7.75080e-04  7.16563e-04
  6.09829e-04  4.60675e-04  2.79229e-04  7.88901e-05 -1.25201e-04 -3.17862e-04
 -4.85481e-04 -6.17303e-04 -7.06273e-04 -7.49361e-04 -7.47400e-04 -7.04495e-04
 -6.27114e-04 -5.23032e-04 -4.00311e-04 -2.66499e-04 -1.28202e-04  8.95971e-06
  1.40091e-04  2.60652e-04  3.66216e-04  4.52533e-04  5.15938e-04  5.53986e-04
  5.66048e-04  5.53599e-04  5.20012e-04  4.69864e-04  4.07973e-04  3.38520e-04
  2.64598e-04  1.88384e-04  1.11863e-04  3.77769e-05 -2.96583e-05 -8.46987e-05
 -1.20886e-04 -1.32609e-04 -1.16970e-04 -7.53653e-05 -1.41660e-05  5.58089e-05
  1.21041e-04  1.67884e-04  1.85337e-04  1.67336e-04  1.14013e-04  3.16802e-05
 -6.84069e-05 -1.72163e-04 -2.65176e-04 -3.35104e-04 -3.73545e-04 -3.77142e-04
 -3.39312e-04 -2.64329e-04 -1.75055e-04 -9.46060e-05 -3.81039e-05 -8.79841e-06
  2.07989e-07  7.00459e-08 -5.97076e-07  0.00000e+00  0.00000e+00  0.00000e+00
  0.00000e+00  0.00000e+00  0.00000e+00  0.00000e+00  0.00000e+00  0.00000e+00
  0.00000e+00  0.00000e+00  0.00000e+00  0.00000e+00  0.00000e+00  0.00000e+00
  0.00000e+00  0.00000e+00  0.00000e+00  0.00000e+00  0.00000e+00  0.00000e+00
  0.00000e+00  0.00000e+00  0.00000e+00  0.00000e+00  0.00000e+00  0.00000e+00
  0.00000e+00  0.00000e+00  0.00000e+00  0.00000e+00  0.00000e+00  0.00000e+00
  0.00000e+00  0.00000e+00  0.00000e+00  0.00000e+00
