NNZ        000 TITLE
2500  8.00000e-02 0 0  0.00000e+00  0.00000e+00  0.00000e+00  0.00000e+00
 -3.98181e-24 -3.26217e-24  3.95395e-24  1.30497e-23  1.89713e-23  1.89957e-23
  1.40574e-23  7.89477e-24  4.61480e-24  6.22787e-24  1.16627e-23  1.77794e-23
  2.16075e-23  2.22910e-23  2.14824e-23  2.19928e-23  2.56536e-23  3.18379e-23
  3.76319e-23  3.95694e-23  3.58452e-23  2.76297e-23  1.86661e-23  1.33689e-23
  1.45232e-23  2.18846e-23  3.24292e-23  4.20474e-23  4.76848e-23  4.87422e-23
  4.70244e-23  4.53681e-23  4.57983e-23  4.82704e-23  5.06772e-23  5.00787e-23
  4.44575e-23  3.40498e-23  2.15546e-23  1.11075e-23  6.51452e-24  9.57696e-24
  1.92793e-23  3.22036e-23  4.39806e-23  5.11239e-23  5.24173e-23  4.92228e-23
  4.45726e-23  4.15033e-23  4.14830e-23  4.37634e-23  4.60077e-23  4.58408e-23
  4.24270e-23  3.71318e-23  3.28448e-23  3.23405e-23  3.66484e-23  4.44102e-23
  5.26037e-23  5.81678e-23  5.95291e-23  5.71401e-23  5.28180e-23  4.84510e-23
  4.49926e-23  4.23661e-23  4.01809e-23  3.85601e-23  3.83277e-23  4.03428e-23
  4.44923e-23  4.92074e-23  5.20526e-23  5.11588e-23  4.65785e-23  4.05779e-23
  3.65267e-23  3.69990e-23  4.22744e-23  5.02103e-23  5.75629e-23  6.18717e-23
  6.26650e-23  6.12492e-23  5.93511e-23  5.76808e-23  5.54941e-23  5.14629e-23
  4.51620e-23  3.79933e-23  3.27502e-23  3.20131e-23  3.64423e-23  4.41648e-23
  5.17258e-23  5.60120e-23  5.58998e-23  5.25963e-23  4.85538e-23  4.57967e-23
  4.48277e-23  4.47756e-23  4.45124e-23  4.37811e-23  4.34391e-23  4.46479e-23
  4.76809e-23  5.13402e-23  5.35359e-23  5.26991e-23  4.90309e-23  4.46285e-23
  4.22783e-23  4.36493e-23  4.80932e-23  5.29130e-23  5.50094e-23  5.28955e-23
  4.77926e-23  4.30830e-23  4.24249e-23  4.76595e-23  5.77447e-23  6.92854e-23
  7.82659e-23  8.19294e-23  7.97887e-23  7.33808e-23  6.51438e-23  5.72054e-23
  5.07344e-23  4.60106e-23  4.29032e-23  4.13099e-23  4.12982e-23  4.29901e-23
  4.63856e-23  5.12601e-23  5.71289e-23  6.32162e-23  6.84567e-23  7.16621e-23
  7.19422e-23  6.92471e-23  6.46642e-23  6.01132e-23  5.74178e-23  5.72219e-23
  5.84719e-23  5.89498e-23  5.66810e-23  5.13791e-23  4.49340e-23  4.04813e-23
  4.05219e-23  4.52604e-23  5.22905e-23  5.79277e-23  5.94089e-23  5.65661e-23
  5.18817e-23  4.88764e-23  4.98695e-23  5.45646e-23  6.03590e-23  6.41348e-23
  6.43194e-23  6.18572e-23  5.94813e-23  5.98042e-23  6.35050e-23  6.87966e-23
  7.24968e-23  7.20037e-23  6.69301e-23  5.94114e-23  5.29493e-23  5.05303e-23
  5.31230e-23  5.93570e-23  6.64418e-23  7.16931e-23  7.37790e-23  7.30634e-23
  7.10054e-23  6.90885e-23  6.79441e-23  6.71338e-23  6.56281e-23  6.26267e-23
  5.82091e-23  5.34405e-23  4.98875e-23  4.88312e-23  5.06234e-23  5.45383e-23
  5.91855e-23  6.32300e-23  6.60006e-23  6.76468e-23  6.87892e-23  6.99268e-23
  7.10088e-23  7.14594e-23  7.06297e-23  6.83466e-23  6.51534e-23  6.20507e-23
  5.99040e-23  5.89409e-23  5.87128e-23  5.85565e-23  5.82109e-23  5.80919e-23
  5.89595e-23  6.11694e-23  6.40736e-23  6.61031e-23  6.56258e-23  6.20870e-23
  5.66306e-23  5.16369e-23  4.92979e-23  5.00726e-23  5.21518e-23  5.26698e-23
  5.05098e-23  4.96050e-23  6.10999e-23  1.02744e-22  1.94233e-22  3.47515e-22
  5.51253e-22  7.49163e-22  8.13906e-22  5.23096e-22 -4.47369e-22 -2.48554e-21
 -5.92188e-21 -1.07787e-20 -1.63562e-20 -2.06611e-20 -1.97743e-20 -7.39365e-21
  2.50087e-20  8.67597e-20  1.84469e-19  3.15633e-19  4.58989e-19  5.62277e-19
  5.29934e-19  2.15907e-19 -5.69944e-19 -2.03031e-18 -4.31082e-18 -7.38142e-18
 -1.08659e-17 -1.38326e-17 -1.45826e-17 -1.05044e-17  1.90693e-18  2.67396e-17
  6.79277e-17  1.27962e-16  2.05954e-16  2.94974e-16  3.78631e-16  4.26790e-16
  3.90308e-16  1.94778e-16 -2.66263e-16 -1.13670e-15 -2.59674e-15 -4.84477e-15
 -8.04373e-15 -1.22040e-14 -1.69673e-14 -2.12580e-14 -2.27888e-14 -1.74653e-14
  1.16258e-15  4.20893e-14  1.16160e-13  2.33749e-13  3.99929e-13  6.06322e-13
  8.19334e-13  9.65599e-13  9.17375e-13  4.83403e-13 -5.86028e-13 -2.56802e-12
 -5.69671e-12 -1.00422e-11 -1.53351e-11 -2.07471e-11 -2.46640e-11 -2.45153e-11
 -1.67617e-11  2.83314e-12  3.85101e-11  9.32957e-11  1.67230e-10  2.55162e-10
  3.44439e-10  4.13069e-10  4.29166e-10  3.52648e-10  1.40104e-10 -2.46548e-10
 -8.27741e-10 -1.59143e-09 -2.47831e-09 -3.37103e-09 -4.09243e-09 -4.41793e-09
 -4.10626e-09 -2.94924e-09 -8.36957e-10  2.17242e-09  5.79529e-09  9.50068e-09
  1.25482e-08  1.41057e-08  1.34532e-08  1.02573e-08  4.87042e-09 -1.42448e-09
 -6.33008e-09 -6.73307e-09  7.09543e-10  1.85407e-08  4.70679e-08  8.26928e-08
  1.16331e-07  1.32403e-07  1.08973e-07  1.96473e-08 -1.62299e-07 -4.57363e-07
 -8.71090e-07 -1.38404e-06 -1.94192e-06 -2.44803e-06 -2.76038e-06 -2.69601e-06
 -2.04435e-06 -5.90583e-07  1.85181e-06  5.40204e-06  1.00712e-05  1.57264e-05
  2.20667e-05  2.86189e-05  3.47588e-05  3.97599e-05  4.28695e-05  4.34042e-05
  4.08560e-05  3.49912e-05  2.59278e-05  1.41748e-05  6.20385e-07 -1.35356e-05
 -2.69026e-05 -3.80617e-05 -4.57498e-05 -4.90388e-05 -4.74824e-05 -4.12056e-05
 -3.09183e-05 -1.78472e-05 -3.58921e-06  1.00918e-05  2.14998e-05  2.92359e-05
  3.23898e-05  3.06631e-05  2.44068e-05  1.45669e-05  2.54837e-06 -9.98288e-06
 -2.13289e-05 -2.99875e-05 -3.48463e-05 -3.53201e-05 -3.14128e-05 -2.37025e-05
 -1.32521e-05 -1.46115e-06  1.01225e-05  2.00072e-05  2.69549e-05  3.01481e-05
  2.93056e-05  2.47324e-05  1.72932e-05  8.30687e-06 -6.28384e-07 -7.86337e-06
 -1.19505e-05 -1.18856e-05 -7.30147e-06  1.42345e-06  1.31659e-05  2.61782e-05
  3.83200e-05  4.73706e-05  5.13785e-05  4.89924e-05  3.97189e-05  2.40615e-05
  3.51400e-06 -1.95985e-05 -4.24100e-05 -6.18974e-05 -7.53028e-05 -8.05353e-05
 -7.64939e-05 -6.32665e-05 -4.21729e-05 -1.56415e-05  1.30714e-05  4.02891e-05
  6.24029e-05  7.63794e-05  8.02175e-05  7.32861e-05  5.64840e-05  3.21793e-05
  3.92204e-06 -2.40475e-05 -4.74288e-05 -6.25385e-05 -6.69221e-05 -5.97917e-05
 -4.22026e-05 -1.69242e-05  1.19845e-05  3.98317e-05  6.20684e-05  7.50490e-05
  7.66371e-05  6.65516e-05  4.63909e-05  1.93372e-05 -1.03987e-05 -3.82860e-05
 -6.02080e-05 -7.30931e-05 -7.53443e-05 -6.70086e-05 -4.96780e-05 -2.61609e-05
  5.67024e-09  2.51139e-05  4.58239e-05  5.96079e-05  6.50468e-05  6.19518e-05
  5.13084e-05  3.50622e-05  1.57821e-05 -3.75169e-06 -2.09770e-05 -3.39364e-05
 -4.15611e-05 -4.38018e-05 -4.15721e-05 -3.65004e-05 -3.05161e-05 -2.53367e-05
 -2.19491e-05 -2.01991e-05 -1.85985e-05 -1.44301e-05 -4.18176e-06  1.57292e-05
  4.80512e-05  9.37818e-05  1.51441e-04  2.16726e-04  2.82690e-04  3.40496e-04
  3.80675e-04  3.94714e-04  3.76691e-04  3.24652e-04  2.41415e-04  1.34602e-04
  1.58083e-05 -1.00991e-04 -2.01558e-04 -2.73666e-04 -3.09108e-04 -3.05076e-04
 -2.64630e-04 -1.96183e-04 -1.12087e-04 -2.65920e-05  4.64204e-05  9.55444e-05
  1.13420e-04  9.75540e-05  5.03240e-05 -2.17275e-05 -1.09096e-04 -2.00741e-04
 -2.85493e-04 -3.53259e-04 -3.95965e-04 -4.08229e-04 -3.87834e-04 -3.36033e-04
 -2.57653e-04 -1.60944e-04 -5.69915e-05  4.13909e-05  1.21343e-04  1.72085e-04
  1.87188e-04  1.66524e-04  1.17383e-04  5.43014e-05 -2.64000e-06 -3.09830e-05
 -1.00857e-05  7.43863e-05  2.26583e-04  4.38094e-04  6.87736e-04  9.43766e-04
  1.16829e-03  1.32320e-03  1.37660e-03  1.30854e-03  1.11504e-03  8.09600e-04
  4.21905e-04 -6.06642e-06 -4.25906e-04 -7.89621e-04 -1.05637e-03 -1.19802e-03
 -1.20275e-03 -1.07613e-03 -8.39797e-04 -5.27793e-04 -1.81493e-04  1.56220e-04
  4.46512e-04  6.59102e-04  7.75105e-04  7.87967e-04  7.02572e-04  5.32966e-04
  2.99325e-04  2.48986e-05 -2.66481e-04 -5.51964e-04 -8.10302e-04 -1.02182e-03
 -1.16829e-03 -1.23317e-03 -1.20282e-03 -1.06856e-03 -8.29436e-04 -4.94988e-04
 -8.71047e-05  3.59846e-04  8.01244e-04  1.18694e-03  1.46798e-03  1.60444e-03
  1.57275e-03  1.37127e-03  1.02253e-03  5.71446e-04  7.95231e-05 -3.84413e-04
 -7.55287e-04 -9.82741e-04 -1.03989e-03 -9.28014e-04 -6.76203e-04 -3.35675e-04
  3.00797e-05  3.57532e-04  5.95181e-04  7.12932e-04  7.06774e-04  5.97735e-04
  4.25416e-04  2.37620e-04  7.85456e-05 -2.16477e-05 -5.34502e-05 -2.92509e-05
  2.09669e-05  5.83129e-05  4.58355e-05 -4.11889e-05 -2.08036e-04 -4.38082e-04
 -6.95609e-04 -9.33119e-04 -1.10136e-03 -1.15980e-03 -1.08527e-03 -8.77100e-04
 -5.57901e-04 -1.70101e-04  2.30890e-04  5.85487e-04  8.39156e-04  9.50645e-04
  8.98116e-04  6.82509e-04  3.27844e-04 -1.21442e-04 -6.05756e-04 -1.05761e-03
 -1.41008e-03 -1.60555e-03 -1.60374e-03 -1.38803e-03 -9.69319e-04 -3.86591e-04
  2.95939e-04  9.95217e-04  1.61879e-03  2.07645e-03  2.29287e-03  2.21955e-03
  1.84447e-03  1.19753e-03  3.50300e-04 -5.90531e-04 -1.49617e-03 -2.23371e-03
 -2.68679e-03 -2.77567e-03 -2.47300e-03 -1.81213e-03 -8.85630e-04  1.66653e-04
  1.17853e-03  1.98438e-03  2.44747e-03  2.48460e-03  2.08232e-03  1.30153e-03
  2.68929e-04 -8.43359e-04 -1.84685e-03 -2.56924e-03 -2.88467e-03 -2.73607e-03
 -2.14544e-03 -1.21007e-03 -8.52778e-05  1.04303e-03  1.99104e-03  2.60882e-03
  2.80530e-03  2.56221e-03  1.93471e-03  1.03906e-03  3.02407e-05 -9.25970e-04
 -1.68115e-03 -2.12776e-03 -2.21418e-03 -1.94960e-03 -1.39852e-03 -6.66919e-04
  1.17217e-04  8.25382e-04  1.34871e-03  1.61391e-03  1.59290e-03  1.30517e-03
  8.12715e-04  2.08713e-04 -3.98490e-04 -9.03413e-04 -1.22076e-03 -1.29924e-03
 -1.12965e-03 -7.45735e-04 -2.17881e-04  3.59470e-04  8.84307e-04  1.26460e-03
  1.43386e-03  1.36201e-03  1.05996e-03  5.77220e-04 -6.83672e-06 -5.96340e-04
 -1.09471e-03 -1.42022e-03 -1.51906e-03 -1.37368e-03 -1.00550e-03 -4.71426e-04
  1.45262e-04  7.48165e-04  1.24315e-03  1.55340e-03  1.63162e-03  1.46739e-03
  1.08835e-03  5.55095e-04 -4.94117e-05 -6.33812e-04 -1.11331e-03 -1.42287e-03
 -1.52641e-03 -1.42058e-03 -1.13281e-03 -7.14446e-04 -2.30525e-04  2.51568e-04
  6.72487e-04  9.88612e-04  1.17603e-03  1.23066e-03  1.16503e-03  1.00309e-03
  7.74155e-04  5.07613e-04  2.29189e-04 -4.07238e-05 -2.86813e-04 -4.97286e-04
 -6.61919e-04 -7.70659e-04 -8.13482e-04 -7.81791e-04 -6.71080e-04 -4.84119e-04
 -2.33595e-04  5.68999e-05  3.54299e-04  6.20160e-04  8.16900e-04  9.14977e-04
  8.99370e-04  7.73666e-04  5.60477e-04  2.97743e-04  3.14730e-05 -1.93509e-04
 -3.42682e-04 -3.98589e-04 -3.63561e-04 -2.57789e-04 -1.13320e-04  3.43206e-05
  1.54597e-04  2.28274e-04  2.50040e-04  2.27051e-04  1.74238e-04  1.08121e-04
  4.12419e-05 -2.10285e-05 -8.04419e-05 -1.42850e-04 -2.13488e-04 -2.92398e-04
 -3.71727e-04 -4.36001e-04 -4.65437e-04 -4.41352e-04 -3.52048e-04 -1.97398e-04
  9.23881e-06  2.42321e-04  4.68301e-04  6.51607e-04  7.61006e-04  7.75048e-04
  6.85692e-04  4.99785e-04  2.38478e-04 -6.50825e-05 -3.69451e-04 -6.29733e-04
 -8.03398e-04 -8.56695e-04 -7.70998e-04 -5.47955e-04 -2.12070e-04  1.90574e-04
  5.98128e-04  9.43003e-04  1.16455e-03  1.22180e-03  1.10324e-03  8.30888e-04
  4.57144e-04  5.46518e-05 -2.98836e-04 -5.37097e-04 -6.19586e-04 -5.39618e-04
 -3.24585e-04 -2.82605e-05  2.82743e-04  5.44795e-04  7.11342e-04  7.61846e-04
  7.03666e-04  5.66895e-04  3.94048e-04  2.27667e-04  9.92804e-05  2.25071e-05
 -8.23734e-06 -1.35670e-05 -2.11023e-05 -5.61145e-05 -1.33525e-04 -2.53390e-04
 -4.00890e-04 -5.50595e-04 -6.73581e-04 -7.45344e-04 -7.52304e-04 -6.95238e-04
 -5.88855e-04 -4.57843e-04 -3.30608e-04 -2.32526e-04 -1.80476e-04 -1.79957e-04
 -2.25261e-04 -3.02262e-04 -3.92681e-04 -4.78456e-04 -5.45006e-04 -5.82774e-04
 -5.87126e-04 -5.57236e-04 -4.94827e-04 -4.03444e-04 -2.88478e-04 -1.57614e-04
 -2.10361e-05  1.09288e-04  2.21517e-04  3.06743e-04  3.61823e-04  3.91113e-04
  4.06175e-04  4.23139e-04  4.58232e-04  5.22713e-04  6.18797e-04  7.37955e-04
  8.62271e-04  9.68576e-04  1.03416e-03  1.04235e-03  9.86348e-04  8.70176e-04
  7.06765e-04  5.13933e-04  3.09789e-04  1.09090e-04 -7.83312e-05 -2.46843e-04
 -3.92648e-04 -5.11056e-04 -5.94816e-04 -6.34492e-04 -6.21040e-04 -5.49827e-04
 -4.24666e-04 -2.60231e-04 -8.16468e-05  7.91220e-05  1.89450e-04  2.23297e-04
  1.67645e-04  2.64050e-05 -1.79260e-04 -4.14307e-04 -6.36092e-04 -8.02144e-04
 -8.77782e-04 -8.42153e-04 -6.91707e-04 -4.40745e-04 -1.19139e-04  2.32228e-04
  5.67583e-04  8.43047e-04  1.02314e-03  1.08606e-03  1.02681e-03  8.57663e-04
  6.05609e-04  3.07277e-04  2.25530e-06 -2.73791e-04 -4.94659e-04 -6.46578e-04
 -7.28046e-04 -7.46810e-04 -7.15094e-04 -6.44648e-04 -5.43184e-04 -4.13268e-04
 -2.53890e-04 -6.40196e-05  1.53230e-04  3.87402e-04  6.19766e-04  8.25207e-04
  9.76586e-04  1.05045e-03  1.03250e-03  9.21377e-04  7.29673e-04  4.81979e-04
  2.10519e-04 -5.05100e-05 -2.70527e-04 -4.26875e-04 -5.07107e-04 -5.09101e-04
 -4.39414e-04 -3.10646e-04 -1.38690e-04  5.94475e-05  2.66879e-04  4.67198e-04
  6.44354e-04  7.82595e-04  8.66996e-04  8.84828e-04  8.27647e-04  6.93649e-04
  4.89549e-04  2.31257e-04 -5.72050e-05 -3.46652e-04 -6.07196e-04 -8.13359e-04
 -9.48751e-04 -1.00916e-03 -1.00327e-03 -9.50556e-04 -8.76897e-04 -8.08580e-04
 -7.66234e-04 -7.60061e-04 -7.87600e-04 -8.34664e-04 -8.79290e-04 -8.97746e-04
 -8.71022e-04 -7.90030e-04 -6.57991e-04 -4.89279e-04 -3.04954e-04 -1.26297e-04
  3.17012e-05  1.64819e-04  2.80515e-04  3.94824e-04  5.26061e-04  6.87216e-04
  8.79453e-04  1.08885e-03  1.28755e-03  1.43926e-03  1.50748e-03  1.46426e-03
  1.29695e-03  1.01119e-03  6.29357e-04  1.85381e-04 -2.82617e-04 -7.39466e-04
 -1.15803e-03 -1.52111e-03 -1.82012e-03 -2.05159e-03 -2.21309e-03 -2.30030e-03
 -2.30634e-03 -2.22370e-03 -2.04812e-03 -1.78301e-03 -1.44293e-03 -1.05444e-03
 -6.53922e-04 -2.82238e-04  2.24209e-05  2.32020e-04  3.34525e-04  3.36639e-04
  2.62615e-04  1.49343e-04  3.87520e-05 -3.07639e-05 -3.19883e-05  4.60361e-05
  1.96488e-04  3.96957e-04  6.14666e-04  8.13429e-04  9.60771e-04  1.03375e-03
  1.02242e-03  9.30469e-04  7.73274e-04  5.74056e-04  3.59245e-04  1.54146e-04
 -2.01619e-05 -1.48210e-04 -2.19847e-04 -2.28833e-04 -1.71207e-04 -4.44237e-05
  1.52058e-04  4.14574e-04  7.32017e-04  1.08273e-03  1.43305e-03  1.73887e-03
  1.95072e-03  2.02216e-03  1.91965e-03  1.63175e-03  1.17484e-03  5.93471e-04
 -4.54653e-05 -6.63927e-04 -1.18686e-03 -1.55607e-03 -1.74050e-03 -1.74055e-03
 -1.58554e-03 -1.32535e-03 -1.01845e-03 -7.19691e-04 -4.70589e-04 -2.94172e-04
 -1.94938e-04 -1.62988e-04 -1.80457e-04 -2.28031e-04 -2.89726e-04 -3.55006e-04
 -4.18344e-04 -4.77138e-04 -5.29270e-04 -5.71383e-04 -5.98459e-04 -6.04549e-04
 -5.84055e-04 -5.32796e-04 -4.48333e-04 -3.29517e-04 -1.75692e-04  1.37907e-05
  2.39202e-04  4.99127e-04  7.88709e-04  1.09831e-03  1.41351e-03  1.71702e-03
  1.99206e-03  2.22655e-03  2.41627e-03  2.56593e-03  2.68736e-03  2.79497e-03
  2.90013e-03  3.00606e-03  3.10539e-03  3.18128e-03  3.21197e-03  3.17748e-03
  3.06603e-03  2.87809e-03  2.62643e-03  2.33200e-03  2.01687e-03  1.69651e-03
  1.37394e-03  1.03788e-03  6.65592e-04  2.29905e-04 -2.91634e-04 -9.08043e-04
 -1.60915e-03 -2.36451e-03 -3.12739e-03 -3.84294e-03 -4.45838e-03 -4.93288e-03
 -5.24461e-03 -5.39347e-03 -5.39879e-03 -5.29295e-03 -5.11244e-03 -4.88874e-03
 -4.64132e-03 -4.37440e-03 -4.07828e-03 -3.73469e-03 -3.32447e-03 -2.83560e-03
 -2.26897e-03 -1.64058e-03 -9.79435e-04 -3.22060e-04  2.94679e-04  8.40059e-04
  1.29337e-03  1.64411e-03  1.88877e-03  2.02575e-03  2.05057e-03  1.95369e-03
  1.72219e-03  1.34536e-03  8.22752e-04  1.72029e-04 -5.66101e-04 -1.32824e-03
 -2.03474e-03 -2.60139e-03 -2.95386e-03 -3.04145e-03 -2.84673e-03 -2.38863e-03
 -1.71811e-03 -9.07476e-04 -3.61480e-05  8.23724e-04  1.61835e-03  2.31780e-03
  2.91510e-03  3.42003e-03  3.84979e-03  4.21954e-03  4.53547e-03  4.79211e-03
  4.97426e-03  5.06277e-03  5.04204e-03  4.90723e-03  4.66879e-03  4.35335e-03
  4.00025e-03  3.65478e-03  3.35959e-03  3.14609e-03  3.02802e-03  2.99840e-03
  3.03058e-03  3.08302e-03  3.10676e-03  3.05378e-03  2.88478e-03  2.57458e-03
  2.11471e-03  1.51279e-03  7.89496e-04 -2.58353e-05 -8.99848e-04 -1.79899e-03
 -2.69192e-03 -3.55047e-03 -4.34936e-03 -5.06533e-03 -5.67645e-03 -6.16186e-03
 -6.50260e-03 -6.68316e-03 -6.69377e-03 -6.53264e-03 -6.20774e-03 -5.73752e-03
 -5.15009e-03 -4.48095e-03 -3.76940e-03 -3.05429e-03 -2.36996e-03 -1.74313e-03
 -1.19138e-03 -7.23478e-04 -3.41226e-04 -4.21172e-05  1.78072e-04  3.23634e-04
  3.98681e-04  4.08247e-04  3.60156e-04  2.66737e-04  1.45506e-04  1.82456e-05
 -9.15088e-05 -1.61983e-04 -1.76672e-04 -1.26783e-04 -1.18709e-05  1.61531e-04
  3.82803e-04  6.40700e-04  9.26241e-04  1.23409e-03  1.56196e-03  1.90828e-03
  2.26886e-03  2.63371e-03  2.98510e-03  3.29771e-03  3.54118e-03  3.68466e-03
  3.70259e-03  3.58046e-03  3.31923e-03  2.93744e-03  2.47018e-03  1.96493e-03
  1.47482e-03  1.05030e-03  7.30909e-04  5.38584e-04  4.73993e-04  5.16740e-04
  6.29499e-04  7.65336e-04  8.76720e-04  9.24322e-04  8.83701e-04  7.48472e-04
  5.29350e-04  2.49505e-04 -6.24584e-05 -3.79962e-04 -6.84363e-04 -9.67746e-04
 -1.23195e-03 -1.48422e-03 -1.73103e-03 -1.97191e-03 -2.19557e-03 -2.37958e-03
 -2.49412e-03 -2.50902e-03 -2.40214e-03 -2.16689e-03 -1.81654e-03 -1.38406e-03
 -9.17150e-04 -4.69604e-04 -9.09510e-05  1.83022e-04  3.36675e-04  3.76288e-04
  3.26851e-04  2.24677e-04  1.07658e-04  5.49401e-06 -6.77394e-05 -1.16870e-04
 -1.63894e-04 -2.41517e-04 -3.83430e-04 -6.13607e-04 -9.37242e-04 -1.33568e-03
 -1.76678e-03 -2.17098e-03 -2.48166e-03 -2.63776e-03 -2.59555e-03 -2.33706e-03
 -1.87319e-03 -1.24118e-03 -4.97185e-04  2.94088e-04  1.07011e-03  1.77944e-03
  2.38715e-03  2.87609e-03  3.24459e-03  3.50150e-03  3.66024e-03  3.73333e-03
  3.72838e-03  3.64631e-03  3.48191e-03  3.22624e-03  2.87052e-03  2.41048e-03
  1.85034e-03  1.20548e-03  5.03115e-04 -2.19343e-04 -9.18162e-04 -1.54872e-03
 -2.07139e-03 -2.45657e-03 -2.68779e-03 -2.76212e-03 -2.68820e-03 -2.48236e-03
 -2.16452e-03 -1.75489e-03 -1.27269e-03 -7.37013e-04 -1.69342e-04  4.03673e-04
  9.48504e-04  1.42537e-03  1.79165e-03  2.00761e-03  2.04334e-03  1.88500e-03
  1.53901e-03  1.03290e-03  4.12777e-04 -2.62336e-04 -9.27805e-04 -1.52116e-03
 -1.98897e-03 -2.29195e-03 -2.40800e-03 -2.33312e-03 -2.08057e-03 -1.67858e-03
 -1.16696e-03 -5.92962e-04 -6.49770e-06  5.44697e-04  1.01958e-03  1.38738e-03
  1.62979e-03  1.74146e-03  1.72880e-03  1.60759e-03  1.39982e-03  1.13048e-03
  8.24830e-04  5.06371e-04  1.95500e-04 -9.12221e-05 -3.41452e-04 -5.47218e-04
 -7.04850e-04 -8.14622e-04 -8.80053e-04 -9.06892e-04 -9.01947e-04 -8.72022e-04
 -8.23196e-04 -7.60595e-04 -6.88626e-04 -6.11438e-04 -5.33361e-04 -4.59052e-04
 -3.93256e-04 -3.40278e-04 -3.03360e-04 -2.84228e-04 -2.82941e-04 -2.98034e-04
 -3.26807e-04 -3.65553e-04 -4.09577e-04 -4.53064e-04 -4.88975e-04 -5.09258e-04
 -5.05588e-04 -4.70622e-04 -3.99478e-04 -2.90974e-04 -1.48110e-04  2.24929e-05
  2.12097e-04  4.11799e-04  6.14183e-04  8.13958e-04  1.00721e-03  1.18945e-03
  1.35326e-03  1.48647e-03  1.57199e-03  1.58973e-03  1.52055e-03  1.35120e-03
  1.07898e-03  7.14666e-04  2.82686e-04 -1.81665e-04 -6.37429e-04 -1.04434e-03
 -1.36885e-03 -1.58839e-03 -1.69309e-03 -1.68478e-03 -1.57393e-03 -1.37552e-03
 -1.10527e-03 -7.77112e-04 -4.02783e-04  6.69227e-06  4.38138e-04  8.73179e-04
  1.28630e-03  1.64516e-03  1.91373e-03  2.05804e-03  2.05342e-03  1.89142e-03
  1.58450e-03  1.16658e-03  6.88801e-04  2.10877e-04 -2.10218e-04 -5.31508e-04
 -7.32318e-04 -8.17273e-04 -8.13061e-04 -7.59708e-04 -6.98726e-04 -6.61447e-04
 -6.60824e-04 -6.89012e-04 -7.21274e-04 -7.24944e-04 -6.70643e-04 -5.42372e-04
 -3.43552e-04 -9.73561e-05  1.58545e-04  3.81120e-04  5.32275e-04  5.87509e-04
  5.40800e-04  4.04888e-04  2.07409e-04 -1.56343e-05 -2.27179e-04 -3.95446e-04
 -4.98230e-04 -5.24757e-04 -4.75419e-04 -3.60026e-04 -1.95320e-04 -2.32999e-06
  1.96062e-04  3.77172e-04  5.20162e-04  6.07299e-04  6.24939e-04  5.64343e-04
  4.22489e-04  2.02989e-04 -8.29351e-05 -4.15645e-04 -7.66949e-04 -1.10122e-03
 -1.37825e-03 -1.55795e-03 -1.60652e-03 -1.50297e-03 -1.24463e-03 -8.50046e-04
 -3.58327e-04  1.75551e-04  6.88722e-04  1.12025e-03  1.42077e-03  1.55997e-03
  1.53054e-03  1.34795e-03  1.04658e-03  6.73343e-04  2.80339e-04 -8.20333e-05
 -3.70547e-04 -5.52893e-04 -6.09877e-04 -5.36515e-04 -3.42369e-04 -5.12089e-05
  3.00318e-04  6.65437e-04  9.91770e-04  1.22757e-03  1.32902e-03  1.26738e-03
  1.03457e-03  6.45884e-04  1.38850e-04 -4.31559e-04 -1.00077e-03 -1.50391e-03
 -1.88492e-03 -2.10374e-03 -2.14049e-03 -1.99626e-03 -1.69067e-03 -1.25724e-03
 -7.37502e-04 -1.75196e-04  3.88735e-04  9.19638e-04  1.39104e-03  1.78498e-03
  2.09112e-03  2.30489e-03  2.42522e-03  2.45221e-03  2.38517e-03  2.22161e-03
  1.95740e-03  1.58843e-03  1.11355e-03  5.38391e-04 -1.20928e-04 -8.35155e-04
 -1.56146e-03 -2.24586e-03 -2.82861e-03 -3.25194e-03 -3.46877e-03 -3.45073e-03
 -3.19369e-03 -2.71950e-03 -2.07348e-03 -1.31802e-03 -5.23705e-04  2.40395e-04
  9.15157e-04  1.45729e-03  1.84186e-03  2.06152e-03  2.12353e-03  2.04541e-03
  1.85092e-03  1.56678e-03  1.22068e-03  8.40339e-04  4.52871e-04  8.40665e-05
 -2.42918e-04 -5.09354e-04 -7.02823e-04 -8.18552e-04 -8.59637e-04 -8.35862e-04
 -7.61293e-04 -6.51189e-04 -5.19079e-04 -3.74770e-04 -2.23831e-04 -6.86108e-05
  8.96221e-05  2.48159e-04  4.00832e-04  5.37211e-04  6.43366e-04  7.04094e-04
  7.06059e-04  6.41035e-04  5.08422e-04  3.16355e-04  8.11442e-05 -1.74857e-04
 -4.26441e-04 -6.49103e-04 -8.22222e-04 -9.31322e-04 -9.69124e-04 -9.35425e-04
 -8.36112e-04 -6.81708e-04 -4.85878e-04 -2.64154e-04 -3.29620e-05  1.91142e-04
  3.92193e-04  5.55681e-04  6.69586e-04  7.25507e-04  7.19630e-04  6.53264e-04
  5.32713e-04  3.68440e-04  1.73659e-04 -3.72915e-05 -2.50415e-04 -4.53023e-04
 -6.34093e-04 -7.84171e-04 -8.95168e-04 -9.60479e-04 -9.75667e-04 -9.39694e-04
 -8.56257e-04 -7.34587e-04 -5.89027e-04 -4.37019e-04 -2.95667e-04 -1.77599e-04
 -8.73268e-05 -1.93139e-05  4.13592e-05  1.15567e-04  2.24613e-04  3.83974e-04
  5.97960e-04  8.56783e-04  1.13690e-03  1.40458e-03  1.62194e-03  1.75392e-03
  1.77473e-03  1.67241e-03  1.45077e-03  1.12848e-03  7.35950e-04  3.10712e-04
 -1.07733e-04 -4.82648e-04 -7.83820e-04 -9.89970e-04 -1.08981e-03 -1.08193e-03
 -9.73809e-04 -7.80420e-04 -5.22628e-04 -2.25647e-04  8.24734e-05  3.72463e-04
  6.15748e-04  7.86809e-04  8.65933e-04  8.42040e-04  7.15013e-04  4.96846e-04
  2.11043e-04 -1.10013e-04 -4.29461e-04 -7.11406e-04 -9.26289e-04 -1.05506e-03
 -1.09120e-03 -1.04037e-03 -9.17789e-04 -7.44301e-04 -5.42164e-04 -3.31459e-04
 -1.27816e-04  5.84353e-05  2.21955e-04  3.61374e-04  4.78010e-04  5.74576e-04
  6.53924e-04  7.17793e-04  7.65626e-04  7.93659e-04  7.94694e-04  7.58915e-04
  6.75908e-04  5.37632e-04  3.41647e-04  9.37049e-05 -1.91192e-04 -4.89725e-04
 -7.73091e-04 -1.01108e-03 -1.17644e-03 -1.24855e-03 -1.21582e-03 -1.07675e-03
 -8.39741e-04 -5.22339e-04 -1.49912e-04  2.46012e-04  6.30124e-04  9.66626e-04
  1.22342e-03  1.37663e-03  1.41454e-03  1.33964e-03  1.16810e-03  9.26300e-04
  6.45313e-04  3.54714e-04  7.74994e-05 -1.72487e-04 -3.90078e-04 -5.75781e-04
 -7.31638e-04 -8.57658e-04 -9.50184e-04 -1.00270e-03 -1.00853e-03 -9.64229e-04
 -8.71922e-04 -7.39781e-04 -5.80171e-04 -4.06290e-04 -2.28652e-04 -5.28411e-05
  1.20526e-04  2.93563e-04  4.67456e-04  6.38784e-04  7.97257e-04  9.25796e-04
  1.00312e-03  1.00813e-03  9.24946e-04  7.47201e-04  4.80712e-04  1.43903e-04
 -2.33891e-04 -6.15843e-04 -9.62142e-04 -1.23499e-03 -1.40344e-03 -1.44763e-03
 -1.36164e-03 -1.15465e-03 -8.49839e-04 -4.81125e-04 -8.80664e-05  2.90005e-04
  6.19485e-04  8.76430e-04  1.04822e-03  1.13289e-03  1.13682e-03  1.07179e-03
  9.52442e-04  7.94727e-04  6.15325e-04  4.31358e-04  2.59660e-04  1.15051e-04
  7.73066e-06 -5.94274e-05 -9.24864e-05 -1.05889e-04 -1.19289e-04 -1.52293e-04
 -2.18499e-04 -3.20681e-04 -4.48773e-04 -5.81469e-04 -6.91146e-04 -7.50744e-04
 -7.40650e-04 -6.53665e-04 -4.96810e-04 -2.89719e-04 -6.03386e-05  1.60708e-04
  3.45600e-04  4.73494e-04  5.32808e-04  5.21685e-04  4.47037e-04  3.22758e-04
  1.67503e-04  2.30488e-06 -1.51919e-04 -2.76861e-04 -3.59124e-04 -3.91977e-04
 -3.76162e-04 -3.19452e-04 -2.34970e-04 -1.38593e-04 -4.60310e-05  2.97403e-05
  8.01643e-05  1.01703e-04  9.54649e-05  6.62197e-05  2.11897e-05 -3.11141e-05
 -8.19607e-05 -1.23468e-04 -1.49768e-04 -1.58204e-04 -1.50258e-04 -1.31750e-04
 -1.11883e-04 -1.00996e-04 -1.07348e-04 -1.33712e-04 -1.74846e-04 -2.16800e-04
 -2.38633e-04 -2.16433e-04 -1.28813e-04  3.73680e-05  2.82473e-04  5.91861e-04
  9.36497e-04  1.27629e-03  1.56545e-03  1.75887e-03  1.81850e-03  1.71875e-03
  1.45041e-03  1.02269e-03  4.63182e-04 -1.84224e-04 -8.63413e-04 -1.51180e-03
 -2.06727e-03 -2.47545e-03 -2.69634e-03 -2.70926e-03 -2.51524e-03 -2.13649e-03
 -1.61298e-03 -9.96851e-04 -3.45707e-04  2.84177e-04  8.43584e-04  1.29445e-03
  1.61203e-03  1.78541e-03  1.81649e-03  1.71830e-03  1.51261e-03  1.22744e-03
  8.94425e-04  5.46092e-04  2.13250e-04 -7.74687e-05 -3.05633e-04 -4.58382e-04
 -5.30964e-04 -5.26364e-04 -4.54133e-04 -3.28632e-04 -1.67027e-04  1.26319e-05
  1.92971e-04  3.58343e-04  4.95338e-04  5.92883e-04  6.42159e-04  6.36577e-04
  5.72044e-04  4.47637e-04  2.66616e-04  3.75555e-05 -2.24802e-04 -4.99401e-04
 -7.59827e-04 -9.76529e-04 -1.12022e-03 -1.16601e-03 -1.09763e-03 -9.10927e-04
 -6.15896e-04 -2.36772e-04  1.90011e-04  6.19759e-04  1.00482e-03  1.30045e-03
  1.47051e-03  1.49208e-03  1.35856e-03  1.08084e-03  6.86428e-04  2.16669e-04
 -2.77579e-04 -7.41465e-04 -1.12225e-03 -1.37536e-03 -1.46986e-03 -1.39247e-03
 -1.14984e-03 -7.68404e-04 -2.91814e-04  2.23988e-04  7.17501e-04  1.12937e-03
  1.40997e-03  1.52577e-03  1.46347e-03  1.23139e-03  8.57742e-04  3.86453e-04
 -1.29052e-04 -6.32861e-04 -1.07339e-03 -1.40906e-03 -1.61210e-03 -1.67020e-03
 -1.58601e-03 -1.37495e-03 -1.06183e-03 -6.77146e-04 -2.53669e-04  1.76198e-04
  5.82074e-04  9.36451e-04  1.21515e-03  1.39786e-03  1.46925e-03  1.42051e-03
  1.25138e-03  9.71720e-04  6.02210e-04  1.73396e-04 -2.76904e-04 -7.07616e-04
 -1.07908e-03 -1.35744e-03 -1.51796e-03 -1.54678e-03 -1.44119e-03 -1.20885e-03
 -8.66522e-04 -4.38934e-04  4.21525e-05  5.38852e-04  1.00859e-03  1.40665e-03
  1.69007e-03  1.82281e-03  1.78132e-03  1.55942e-03  1.17120e-03  6.50987e-04
  4.98617e-05 -5.70714e-04 -1.14725e-03 -1.62292e-03 -1.95494e-03 -2.11938e-03
 -2.11249e-03 -1.94881e-03 -1.65666e-03 -1.27218e-03 -8.33511e-04 -3.76041e-04
  7.04233e-05  4.82476e-04  8.42371e-04  1.13648e-03  1.35386e-03  1.48557e-03
  1.52511e-03  1.46983e-03  1.32277e-03  1.09424e-03  8.02374e-04  4.72371e-04
  1.34164e-04 -1.80969e-04 -4.44328e-04 -6.33463e-04 -7.34930e-04 -7.45696e-04
 -6.73029e-04 -5.33015e-04 -3.48050e-04 -1.43753e-04  5.42042e-05  2.22937e-04
  3.44511e-04  4.07259e-04  4.06187e-04  3.42622e-04  2.23329e-04  5.94157e-05
 -1.34699e-04 -3.42131e-04 -5.44238e-04 -7.21413e-04 -8.54254e-04 -9.25288e-04
 -9.21191e-04 -8.35157e-04 -6.68811e-04 -4.33033e-04 -1.47237e-04  1.62914e-04
  4.68952e-04  7.43398e-04  9.63021e-04  1.11087e-03  1.17682e-03  1.15703e-03
  1.05274e-03  8.69441e-04  6.16708e-04  3.08695e-04 -3.51328e-05 -3.89915e-04
 -7.26662e-04 -1.01518e-03 -1.22829e-03 -1.34637e-03 -1.36097e-03 -1.27633e-03
 -1.10834e-03 -8.80961e-04 -6.21383e-04 -3.54991e-04 -1.01682e-04  1.25724e-04
  3.20899e-04  4.81869e-04  6.08400e-04  6.99959e-04  7.54938e-04  7.71243e-04
  7.47752e-04  6.85907e-04  5.90665e-04  4.70410e-04  3.35833e-04  1.98223e-04
  6.77673e-05 -4.76163e-05 -1.42637e-04 -2.14257e-04 -2.60904e-04 -2.81680e-04
 -2.75917e-04 -2.43213e-04 -1.83928e-04 -9.99149e-05  4.71227e-06  1.23026e-04
  2.45095e-04  3.58292e-04  4.48186e-04  5.00063e-04  5.01031e-04  4.42470e-04
  3.22443e-04  1.47499e-04 -6.67115e-05 -2.96433e-04 -5.12520e-04 -6.84538e-04
 -7.85554e-04 -7.96684e-04 -7.10466e-04 -5.32406e-04 -2.80419e-04  1.76598e-05
  3.27957e-04  6.15155e-04  8.47052e-04  9.98511e-04  1.05435e-03  1.01094e-03
  8.76294e-04  6.68845e-04  4.14799e-04  1.44563e-04 -1.11377e-04 -3.26507e-04
 -4.81607e-04 -5.66811e-04 -5.82084e-04 -5.36123e-04 -4.43995e-04 -3.24084e-04
 -1.94967e-04 -7.27959e-05  3.04708e-05  1.07853e-04  1.57264e-04  1.80778e-04
  1.83529e-04  1.72454e-04  1.55057e-04  1.38280e-04  1.27569e-04  1.26201e-04
  1.34961e-04  1.52213e-04  1.74370e-04  1.96682e-04  2.14175e-04  2.22549e-04
  2.18853e-04  2.01836e-04  1.71977e-04  1.31273e-04  8.29132e-05  3.09497e-05
 -1.99979e-05 -6.50351e-05 -9.93598e-05 -1.18770e-04 -1.20310e-04 -1.02962e-04
 -6.81980e-05 -2.01769e-05  3.45703e-05  8.80298e-05  1.32053e-04  1.59904e-04
  1.67654e-04  1.55046e-04  1.25576e-04  8.56968e-05  4.32786e-05  5.67586e-06
 -2.21215e-05 -3.87547e-05 -4.68018e-05 -5.19724e-05 -6.13400e-05 -8.10421e-05
 -1.14063e-04 -1.58743e-04 -2.08517e-04 -2.53047e-04 -2.80575e-04 -2.80926e-04
 -2.48385e-04 -1.83666e-04 -9.44052e-05  6.02365e-06  1.01103e-04  1.74539e-04
  2.13567e-04  2.11386e-04  1.68183e-04  9.05871e-05 -1.01823e-05 -1.20910e-04
 -2.29026e-04 -3.24659e-04 -4.01711e-04 -4.57850e-04 -4.93593e-04 -5.10879e-04
 -5.11591e-04 -4.96420e-04 -4.64382e-04 -4.13062e-04 -3.39495e-04 -2.41449e-04
 -1.18759e-04  2.56576e-05  1.85368e-04  3.50751e-04  5.10030e-04  6.50818e-04
  7.61802e-04  8.34237e-04  8.62898e-04  8.46387e-04  7.86816e-04  6.89080e-04
  5.59994e-04  4.07550e-04  2.40401e-04  6.75724e-05 -1.01764e-04 -2.58600e-04
 -3.94609e-04 -5.02845e-04 -5.78460e-04 -6.19226e-04 -6.25667e-04 -6.00720e-04
 -5.49032e-04 -4.76114e-04 -3.87621e-04 -2.88951e-04 -1.85218e-04 -8.14357e-05
  1.73063e-05  1.05931e-04  1.79834e-04  2.35633e-04  2.71945e-04  2.89866e-04
  2.92846e-04  2.85883e-04  2.74171e-04  2.61553e-04  2.49234e-04  2.35177e-04
  2.14406e-04  1.80213e-04  1.26000e-04  4.73213e-05 -5.63646e-05 -1.80688e-04
 -3.16372e-04 -4.50311e-04 -5.67530e-04 -6.53659e-04 -6.97404e-04 -6.92505e-04
 -6.38774e-04 -5.42002e-04 -4.12806e-04 -2.64711e-04 -1.11947e-04  3.25529e-05
  1.58558e-04  2.59176e-04  3.30786e-04  3.72511e-04  3.85553e-04  3.72658e-04
  3.37815e-04  2.86143e-04  2.23789e-04  1.57644e-04  9.47586e-05  4.14869e-05
  2.53221e-06 -1.98608e-05 -2.63154e-05 -2.01804e-05 -6.82240e-06  7.51803e-06
  1.70697e-05  1.77936e-05  8.29923e-06 -9.78266e-06 -3.20713e-05 -5.23291e-05
 -6.38332e-05 -6.09629e-05 -4.06711e-05 -3.48362e-06  4.62503e-05  1.00983e-04
  1.51382e-04  1.88236e-04  2.04401e-04  1.96330e-04  1.64791e-04  1.14643e-04
  5.37480e-05 -8.66063e-06 -6.37336e-05 -1.04481e-04 -1.26690e-04 -1.29201e-04
 -1.13622e-04 -8.36919e-05 -4.45145e-05 -1.85991e-06  3.83800e-05  7.05664e-05
  8.95796e-05  9.10589e-05  7.16960e-05  2.96258e-05 -3.50898e-05 -1.19949e-04
 -2.19603e-04 -3.25722e-04 -4.27351e-04 -5.11878e-04 -5.66651e-04 -5.81073e-04
 -5.48791e-04 -4.69487e-04 -3.49719e-04 -2.02443e-04 -4.51630e-05  1.02991e-04
  2.24594e-04  3.06861e-04  3.43479e-04  3.34916e-04  2.87262e-04  2.10097e-04
  1.14100e-04  9.15261e-06 -9.66009e-05 -1.96661e-04 -2.85394e-04 -3.57141e-04
 -4.05779e-04 -4.25078e-04 -4.09811e-04 -3.57260e-04 -2.68538e-04 -1.49225e-04
 -9.01695e-06  1.39578e-04  2.83136e-04  4.09315e-04  5.08468e-04  5.74549e-04
  6.05247e-04  6.01507e-04  5.66713e-04  5.05830e-04  4.24711e-04  3.29637e-04
  2.27052e-04  1.23392e-04  2.49166e-05 -6.25437e-05 -1.33897e-04 -1.85143e-04
 -2.13699e-04 -2.18657e-04 -2.00921e-04 -1.63203e-04 -1.09870e-04 -4.66241e-05
  1.99622e-05  8.30336e-05  1.36101e-04  1.73684e-04  1.91857e-04  1.88646e-04
  1.64222e-04  1.20895e-04  6.29295e-05 -3.78728e-06 -7.21908e-05 -1.34589e-04
 -1.83318e-04 -2.11493e-04 -2.13827e-04 -1.87431e-04 -1.32463e-04 -5.24566e-05
  4.58029e-05  1.52945e-04  2.58166e-04  3.50700e-04  4.21335e-04  4.63646e-04
  4.74705e-04  4.55116e-04  4.08424e-04  3.40093e-04  2.56344e-04  1.63139e-04
  6.55438e-05 -3.24959e-05 -1.27997e-04 -2.18572e-04 -3.02005e-04 -3.75891e-04
 -4.37367e-04 -4.82945e-04 -5.08411e-04 -5.08866e-04 -4.78994e-04 -4.13716e-04
 -3.09288e-04 -1.64776e-04  1.63718e-05  2.25115e-04  4.46481e-04  6.60490e-04
  8.44444e-04  9.76293e-04  1.03843e-03  1.02108e-03  9.24386e-04  7.58773e-04
  5.43380e-04  3.02970e-04  6.40318e-05 -1.49095e-04 -3.17338e-04 -4.28817e-04
 -4.79485e-04 -4.72672e-04 -4.17874e-04 -3.29137e-04 -2.23251e-04 -1.17881e-04
 -2.96837e-05  2.75518e-05  4.45668e-05  1.78917e-05 -4.95683e-05 -1.48813e-04
 -2.65935e-04 -3.84070e-04 -4.85784e-04 -5.55506e-04 -5.81605e-04 -5.57842e-04
 -4.84031e-04 -3.65920e-04 -2.14351e-04 -4.38500e-05  1.29184e-04  2.88493e-04
  4.19926e-04  5.13073e-04  5.62307e-04  5.67029e-04  5.31097e-04  4.61597e-04
  3.67288e-04  2.57150e-04  1.39373e-04  2.09606e-05 -9.21332e-05 -1.94620e-04
 -2.81619e-04 -3.48805e-04 -3.93010e-04 -4.13092e-04 -4.10646e-04 -3.90169e-04
 -3.58401e-04 -3.22935e-04 -2.90429e-04 -2.65022e-04 -2.47482e-04 -2.35435e-04
 -2.24616e-04 -2.10751e-04 -1.91419e-04 -1.67259e-04 -1.42071e-04 -1.21767e-04
 -1.12471e-04 -1.18369e-04 -1.39986e-04 -1.73415e-04 -2.10771e-04 -2.41764e-04
 -2.49722e-04 -2.21911e-04 -1.63514e-04 -9.11345e-05 -2.57810e-05  1.62419e-05
  2.98667e-05  2.21054e-05  7.32099e-06  0.00000e+00  0.00000e+00  0.00000e+00
  0.00000e+00  0.00000e+00  0.00000e+00  0.00000e+00  0.00000e+00  0.00000e+00
  0.00000e+00  0.00000e+00  0.00000e+00  0.00000e+00  0.00000e+00  0.00000e+00
  0.00000e+00  0.00000e+00  0.00000e+00  0.00000e+00  0.00000e+00  0.00000e+00
  0.00000e+00  0.00000e+00  0.00000e+00  0.00000e+00  0.00000e+00  0.00000e+00
  0.00000e+00  0.00000e+00  0.00000e+00  0.00000e+00  0.00000e+00  0.00000e+00
  0.00000e+00  0.00000e+00  0.00000e+00  0.00000e+00
