# 3 EQ point locations
171.98 -43.18 7.00
174.29 -41.45 10.00
173.99 -41.77 6.00
174.42 -41.50 18.00
171.28 -43.06 8.00
173.04 -42.26 11.00
173.21 -42.39 11.00
173.59 -42.15 5.00
173.01 -42.95 4.00
172.72 -42.67 8.00
172.82 -42.75 11.00
171.69 -43.13 8.00
173.09 -42.96 6.00
174.17 -41.69 16.00
174.26 -41.66 18.00
174.28 -41.67 14.00
174.04 -41.76 13.00
173.65 -42.26 6.00
173.82 -42.27 13.00
173.76 -42.36 10.00
174.28 -41.73 16.00
173.96 -42.31 15.00
174.31 -41.75 17.00
173.62 -42.26 17.00
173.73 -42.24 16.00
174.18 -41.68 18.00
173.98 -41.85 11.00
