AZ_TRO     090 TITLE
6000  5.00000e-03 0 0  0.00000e+00  0.00000e+00  0.00000e+00  0.00000e+00
  2.36581e-23 -6.04394e-26 -7.24409e-23 -2.07877e-22 -3.95177e-22 -5.72650e-22
 -6.03905e-22 -2.71532e-22  6.83264e-22  2.44282e-21  4.89700e-21  7.34722e-21
  8.21789e-21  4.95828e-21 -5.58588e-21 -2.60086e-20 -5.61570e-20 -9.00122e-20
 -1.12338e-19 -9.66759e-20 -7.20956e-21  1.92356e-19  5.20120e-19  9.46836e-19
  1.36004e-18  1.53221e-18  1.11212e-18 -3.33826e-19 -3.20088e-18 -7.62483e-18
 -1.31633e-17 -1.84267e-17 -2.07687e-17 -1.62160e-17  1.22496e-19  3.29148e-17
  8.45461e-17  1.52144e-16  2.24021e-16  2.76341e-16  2.71321e-16  1.58809e-16
 -1.16727e-16 -6.01975e-16 -1.31240e-15 -2.20263e-15 -3.13323e-15 -3.84071e-15
 -3.92152e-15 -2.84337e-15  1.25446e-18  5.18592e-15  1.30776e-14  2.36028e-14
  3.59685e-14  4.83743e-14  5.77697e-14  5.97314e-14  4.85480e-14  1.76034e-14
 -3.98597e-14 -1.29542e-13 -2.54443e-13 -4.12831e-13 -5.95946e-13 -7.85654e-13
 -9.52347e-13 -1.05345e-12 -1.03293e-12 -8.22272e-13 -3.43280e-13  4.86956e-13
  1.74867e-12  3.50954e-12  5.81243e-12  8.66091e-12  1.20031e-11  1.57146e-11
  1.95803e-11  2.32779e-11  2.63614e-11  2.82475e-11  2.82045e-11  2.53456e-11
  1.86251e-11  6.84056e-12 -1.13614e-11 -3.74734e-11 -7.31115e-11 -1.19995e-10
 -1.79920e-10 -2.54735e-10 -3.46303e-10 -4.56476e-10 -5.87053e-10 -7.39745e-10
 -9.16143e-10 -1.11768e-09 -1.34558e-09 -1.60088e-09 -1.88432e-09 -2.19638e-09
 -2.53725e-09 -2.90677e-09 -3.30446e-09 -3.72949e-09 -4.18068e-09 -4.65650e-09
 -5.15503e-09 -5.67406e-09 -6.21097e-09 -6.76287e-09 -7.32649e-09 -7.89830e-09
 -8.47446e-09 -9.05080e-09 -9.62301e-09 -1.01864e-08 -1.07361e-08 -1.12671e-08
 -1.17741e-08 -1.22517e-08 -1.26942e-08 -1.30960e-08 -1.34513e-08 -1.37541e-08
 -1.39984e-08 -1.41783e-08 -1.42877e-08 -1.43207e-08 -1.42714e-08 -1.41338e-08
 -1.39021e-08 -1.35710e-08 -1.31347e-08 -1.25878e-08 -1.19255e-08 -1.11429e-08
 -1.02352e-08 -9.19840e-09 -8.02831e-09 -6.72139e-09 -5.27453e-09 -3.68482e-09
 -1.94987e-09 -6.77574e-11  1.96283e-09  4.14295e-09  6.47282e-09  8.95241e-09
  1.15808e-08  1.43564e-08  1.72774e-08  2.03411e-08  2.35439e-08  2.68819e-08
  3.03505e-08  3.39444e-08  3.76577e-08  4.14840e-08  4.54162e-08  4.94468e-08
  5.35678e-08  5.77702e-08  6.20448e-08  6.63819e-08  7.07714e-08  7.52028e-08
  7.96654e-08  8.41478e-08  8.86384e-08  9.31256e-08  9.75969e-08  1.02040e-07
  1.06442e-07  1.10791e-07  1.15073e-07  1.19275e-07  1.23383e-07  1.27383e-07
  1.31263e-07  1.35007e-07  1.38601e-07  1.42033e-07  1.45286e-07  1.48347e-07
  1.51202e-07  1.53837e-07  1.56236e-07  1.58385e-07  1.60270e-07  1.61877e-07
  1.63191e-07  1.64198e-07  1.64883e-07  1.65232e-07  1.65232e-07  1.64866e-07
  1.64123e-07  1.62987e-07  1.61445e-07  1.59483e-07  1.57088e-07  1.54246e-07
  1.50944e-07  1.47167e-07  1.42906e-07  1.38147e-07  1.32878e-07  1.27087e-07
  1.20762e-07  1.13894e-07  1.06470e-07  9.84821e-08  8.99217e-08  8.07793e-08
  7.10479e-08  6.07197e-08  4.97880e-08  3.82502e-08  2.60970e-08  1.33268e-08
 -6.27551e-11 -1.40753e-08 -2.87091e-08 -4.39654e-08 -5.98407e-08 -7.63348e-08
 -9.34406e-08 -1.11160e-07 -1.29483e-07 -1.48405e-07 -1.67918e-07 -1.88011e-07
 -2.08673e-07 -2.29897e-07 -2.51664e-07 -2.73963e-07 -2.96778e-07 -3.20092e-07
 -3.43886e-07 -3.68142e-07 -3.92841e-07 -4.17960e-07 -4.43473e-07 -4.69364e-07
 -4.95604e-07 -5.22168e-07 -5.49030e-07 -5.76159e-07 -6.03524e-07 -6.31097e-07
 -6.58848e-07 -6.86741e-07 -7.14744e-07 -7.42823e-07 -7.70939e-07 -7.99052e-07
 -8.27127e-07 -8.55128e-07 -8.83022e-07 -9.10769e-07 -9.38327e-07 -9.65650e-07
 -9.92697e-07 -1.01942e-06 -1.04579e-06 -1.07176e-06 -1.09727e-06 -1.12229e-06
 -1.14678e-06 -1.17068e-06 -1.19395e-06 -1.21653e-06 -1.23839e-06 -1.25947e-06
 -1.27972e-06 -1.29912e-06 -1.31761e-06 -1.33514e-06 -1.35168e-06 -1.36717e-06
 -1.38159e-06 -1.39489e-06 -1.40703e-06 -1.41799e-06 -1.42772e-06 -1.43621e-06
 -1.44341e-06 -1.44932e-06 -1.45389e-06 -1.45713e-06 -1.45900e-06 -1.45949e-06
 -1.45860e-06 -1.45631e-06 -1.45261e-06 -1.44749e-06 -1.44096e-06 -1.43300e-06
 -1.42361e-06 -1.41280e-06 -1.40056e-06 -1.38689e-06 -1.37179e-06 -1.35525e-06
 -1.33727e-06 -1.31785e-06 -1.29698e-06 -1.27466e-06 -1.25089e-06 -1.22565e-06
 -1.19895e-06 -1.17076e-06 -1.14109e-06 -1.10992e-06 -1.07724e-06 -1.04303e-06
 -1.00729e-06 -9.69992e-07 -9.31122e-07 -8.90664e-07 -8.48593e-07 -8.04903e-07
 -7.59565e-07 -7.12564e-07 -6.63875e-07 -6.13480e-07 -5.61353e-07 -5.07473e-07
 -4.51828e-07 -3.94393e-07 -3.35163e-07 -2.74109e-07 -2.11205e-07 -1.46452e-07
 -7.98282e-08 -1.13268e-08  5.90790e-08  1.31398e-07  2.05633e-07  2.81791e-07
  3.59882e-07  4.39904e-07  5.21855e-07  6.05738e-07  6.91523e-07  7.79191e-07
  8.68728e-07  9.60086e-07  1.05327e-06  1.14821e-06  1.24487e-06  1.34322e-06
  1.44319e-06  1.54473e-06  1.64778e-06  1.75230e-06  1.85822e-06  1.96543e-06
  2.07389e-06  2.18348e-06  2.29413e-06  2.40570e-06  2.51808e-06  2.63114e-06
  2.74476e-06  2.85885e-06  2.97328e-06  3.08794e-06  3.20267e-06  3.31736e-06
  3.43182e-06  3.54593e-06  3.65955e-06  3.77252e-06  3.88470e-06  3.99595e-06
  4.10609e-06  4.21500e-06  4.32249e-06  4.42844e-06  4.53268e-06  4.63503e-06
  4.73534e-06  4.83344e-06  4.92918e-06  5.02242e-06  5.11300e-06  5.20077e-06
  5.28555e-06  5.36717e-06  5.44548e-06  5.52030e-06  5.59147e-06  5.65883e-06
  5.72222e-06  5.78148e-06  5.83649e-06  5.88712e-06  5.93321e-06  5.97462e-06
  6.01120e-06  6.04278e-06  6.06918e-06  6.09026e-06  6.10587e-06  6.11587e-06
  6.12012e-06  6.11847e-06  6.11079e-06  6.09696e-06  6.07682e-06  6.05024e-06
  6.01706e-06  5.97711e-06  5.93030e-06  5.87649e-06  5.81558e-06  5.74744e-06
  5.67196e-06  5.58903e-06  5.49850e-06  5.40030e-06  5.29431e-06  5.18042e-06
  5.05856e-06  4.92864e-06  4.79061e-06  4.64441e-06  4.49000e-06  4.32731e-06
  4.15632e-06  3.97698e-06  3.78926e-06  3.59315e-06  3.38865e-06  3.17574e-06
  2.95439e-06  2.72461e-06  2.48639e-06  2.23977e-06  1.98482e-06  1.72163e-06
  1.45023e-06  1.17065e-06  8.82981e-07  5.87330e-07  2.83806e-07 -2.74376e-08
 -3.46270e-07 -6.72611e-07 -1.00628e-06 -1.34714e-06 -1.69507e-06 -2.04988e-06
 -2.41141e-06 -2.77947e-06 -3.15379e-06 -3.53421e-06 -3.92042e-06 -4.31217e-06
 -4.70922e-06 -5.11140e-06 -5.51849e-06 -5.93017e-06 -6.34612e-06 -6.76601e-06
 -7.18936e-06 -7.61597e-06 -8.04556e-06 -8.47781e-06 -8.91234e-06 -9.34867e-06
 -9.78640e-06 -1.02251e-05 -1.06643e-05 -1.11037e-05 -1.15428e-05 -1.19812e-05
 -1.24185e-05 -1.28541e-05 -1.32875e-05 -1.37182e-05 -1.41457e-05 -1.45696e-05
 -1.49892e-05 -1.54040e-05 -1.58136e-05 -1.62174e-05 -1.66148e-05 -1.70051e-05
 -1.73877e-05 -1.77620e-05 -1.81276e-05 -1.84836e-05 -1.88296e-05 -1.91650e-05
 -1.94891e-05 -1.98014e-05 -2.01012e-05 -2.03878e-05 -2.06607e-05 -2.09190e-05
 -2.11622e-05 -2.13896e-05 -2.16007e-05 -2.17948e-05 -2.19714e-05 -2.21297e-05
 -2.22692e-05 -2.23890e-05 -2.24887e-05 -2.25677e-05 -2.26254e-05 -2.26613e-05
 -2.26748e-05 -2.26653e-05 -2.26322e-05 -2.25749e-05 -2.24929e-05 -2.23857e-05
 -2.22529e-05 -2.20938e-05 -2.19080e-05 -2.16951e-05 -2.14545e-05 -2.11858e-05
 -2.08887e-05 -2.05627e-05 -2.02076e-05 -1.98229e-05 -1.94083e-05 -1.89634e-05
 -1.84877e-05 -1.79811e-05 -1.74434e-05 -1.68746e-05 -1.62743e-05 -1.56423e-05
 -1.49787e-05 -1.42831e-05 -1.35555e-05 -1.27960e-05 -1.20043e-05 -1.11805e-05
 -1.03247e-05 -9.43698e-06 -8.51747e-06 -7.56624e-06 -6.58337e-06 -5.56905e-06
 -4.52349e-06 -3.44706e-06 -2.34001e-06 -1.20286e-06 -3.59723e-08  1.16005e-06
  2.38491e-06  3.63804e-06  4.91898e-06  6.22703e-06  7.56152e-06  8.92187e-06
  1.03074e-05  1.17175e-05  1.31514e-05  1.46083e-05  1.60870e-05  1.75868e-05
  1.91062e-05  2.06446e-05  2.22007e-05  2.37737e-05  2.53626e-05  2.69659e-05
  2.85821e-05  3.02099e-05  3.18480e-05  3.34948e-05  3.51489e-05  3.68091e-05
  3.84737e-05  4.01414e-05  4.18107e-05  4.34795e-05  4.51463e-05  4.68095e-05
  4.84670e-05  5.01173e-05  5.17584e-05  5.33884e-05  5.50054e-05  5.66076e-05
  5.81931e-05  5.97595e-05  6.13048e-05  6.28267e-05  6.43233e-05  6.57928e-05
  6.72329e-05  6.86413e-05  7.00158e-05  7.13541e-05  7.26540e-05  7.39133e-05
  7.51295e-05  7.63002e-05  7.74229e-05  7.84950e-05  7.95145e-05  8.04792e-05
  8.13871e-05  8.22358e-05  8.30225e-05  8.37444e-05  8.43990e-05  8.49838e-05
  8.54967e-05  8.59358e-05  8.62989e-05  8.65838e-05  8.67878e-05  8.69083e-05
  8.69424e-05  8.68874e-05  8.67411e-05  8.65016e-05  8.61667e-05  8.57344e-05
  8.52022e-05  8.45681e-05  8.38298e-05  8.29850e-05  8.20315e-05  8.09676e-05
  7.97908e-05  7.84993e-05  7.70913e-05  7.55650e-05  7.39191e-05  7.21518e-05
  7.02612e-05  6.82457e-05  6.61033e-05  6.38320e-05  6.14307e-05  5.88979e-05
  5.62324e-05  5.34331e-05  5.04997e-05  4.74299e-05  4.42236e-05  4.08794e-05
  3.73966e-05  3.37741e-05  3.00120e-05  2.61095e-05  2.20668e-05  1.78836e-05
  1.35604e-05  9.09646e-06  4.49130e-06 -2.55415e-07 -5.14416e-06 -1.01749e-05
 -1.53447e-05 -2.06539e-05 -2.60994e-05 -3.16813e-05 -3.73991e-05 -4.32513e-05
 -4.92372e-05 -5.53550e-05 -6.16054e-05 -6.79845e-05 -7.44925e-05 -8.11261e-05
 -8.78840e-05 -9.47637e-05 -1.01762e-04 -1.08876e-04 -1.16103e-04 -1.23442e-04
 -1.30891e-04 -1.38446e-04 -1.46106e-04 -1.53865e-04 -1.61722e-04 -1.69668e-04
 -1.77703e-04 -1.85821e-04 -1.94021e-04 -2.02297e-04 -2.10647e-04 -2.19067e-04
 -2.27554e-04 -2.36103e-04 -2.44707e-04 -2.53361e-04 -2.62061e-04 -2.70803e-04
 -2.79580e-04 -2.88392e-04 -2.97234e-04 -3.06100e-04 -3.14988e-04 -3.23892e-04
 -3.32806e-04 -3.41725e-04 -3.50642e-04 -3.59553e-04 -3.68450e-04 -3.77329e-04
 -3.86186e-04 -3.95017e-04 -4.03818e-04 -4.12584e-04 -4.21308e-04 -4.29987e-04
 -4.38614e-04 -4.47186e-04 -4.55698e-04 -4.64147e-04 -4.72524e-04 -4.80828e-04
 -4.89054e-04 -4.97199e-04 -5.05262e-04 -5.13239e-04 -5.21123e-04 -5.28910e-04
 -5.36592e-04 -5.44168e-04 -5.51634e-04 -5.58989e-04 -5.66230e-04 -5.73354e-04
 -5.80359e-04 -5.87239e-04 -5.93991e-04 -6.00614e-04 -6.07105e-04 -6.13462e-04
 -6.19685e-04 -6.25768e-04 -6.31710e-04 -6.37509e-04 -6.43162e-04 -6.48669e-04
 -6.54026e-04 -6.59234e-04 -6.64292e-04 -6.69198e-04 -6.73950e-04 -6.78547e-04
 -6.82987e-04 -6.87272e-04 -6.91399e-04 -6.95369e-04 -6.99183e-04 -7.02838e-04
 -7.06334e-04 -7.09669e-04 -7.12844e-04 -7.15856e-04 -7.18707e-04 -7.21396e-04
 -7.23925e-04 -7.26295e-04 -7.28507e-04 -7.30562e-04 -7.32459e-04 -7.34201e-04
 -7.35788e-04 -7.37225e-04 -7.38510e-04 -7.39643e-04 -7.40620e-04 -7.41441e-04
 -7.42110e-04 -7.42631e-04 -7.43007e-04 -7.43242e-04 -7.43337e-04 -7.43295e-04
 -7.43120e-04 -7.42810e-04 -7.42367e-04 -7.41793e-04 -7.41090e-04 -7.40261e-04
 -7.39310e-04 -7.38243e-04 -7.37065e-04 -7.35779e-04 -7.34388e-04 -7.32895e-04
 -7.31301e-04 -7.29606e-04 -7.27816e-04 -7.25933e-04 -7.23964e-04 -7.21916e-04
 -7.19794e-04 -7.17599e-04 -7.15333e-04 -7.12998e-04 -7.10599e-04 -7.08142e-04
 -7.05634e-04 -7.03078e-04 -7.00476e-04 -6.97831e-04 -6.95146e-04 -6.92424e-04
 -6.89667e-04 -6.86881e-04 -6.84070e-04 -6.81239e-04 -6.78393e-04 -6.75536e-04
 -6.72672e-04 -6.69803e-04 -6.66931e-04 -6.64057e-04 -6.61184e-04 -6.58314e-04
 -6.55448e-04 -6.52588e-04 -6.49733e-04 -6.46888e-04 -6.44056e-04 -6.41242e-04
 -6.38449e-04 -6.35678e-04 -6.32930e-04 -6.30205e-04 -6.27502e-04 -6.24821e-04
 -6.22163e-04 -6.19527e-04 -6.16912e-04 -6.14318e-04 -6.11744e-04 -6.09190e-04
 -6.06659e-04 -6.04151e-04 -6.01671e-04 -5.99219e-04 -5.96797e-04 -5.94400e-04
 -5.92023e-04 -5.89663e-04 -5.87316e-04 -5.84983e-04 -5.82666e-04 -5.80365e-04
 -5.78076e-04 -5.75795e-04 -5.73516e-04 -5.71236e-04 -5.68959e-04 -5.66689e-04
 -5.64427e-04 -5.62170e-04 -5.59910e-04 -5.57639e-04 -5.55353e-04 -5.53049e-04
 -5.50729e-04 -5.48393e-04 -5.46040e-04 -5.43669e-04 -5.41275e-04 -5.38851e-04
 -5.36393e-04 -5.33896e-04 -5.31359e-04 -5.28783e-04 -5.26167e-04 -5.23508e-04
 -5.20798e-04 -5.18030e-04 -5.15200e-04 -5.12306e-04 -5.09350e-04 -5.06334e-04
 -5.03252e-04 -5.00100e-04 -4.96869e-04 -4.93551e-04 -4.90145e-04 -4.86647e-04
 -4.83058e-04 -4.79378e-04 -4.75603e-04 -4.71729e-04 -4.67747e-04 -4.63654e-04
 -4.59446e-04 -4.55124e-04 -4.50688e-04 -4.46134e-04 -4.41457e-04 -4.36650e-04
 -4.31710e-04 -4.26632e-04 -4.21415e-04 -4.16054e-04 -4.10548e-04 -4.04894e-04
 -3.99093e-04 -3.93145e-04 -3.87048e-04 -3.80803e-04 -3.74403e-04 -3.67844e-04
 -3.61117e-04 -3.54220e-04 -3.47153e-04 -3.39919e-04 -3.32522e-04 -3.24963e-04
 -3.17241e-04 -3.09351e-04 -3.01292e-04 -2.93060e-04 -2.84658e-04 -2.76087e-04
 -2.67353e-04 -2.58454e-04 -2.49392e-04 -2.40170e-04 -2.30790e-04 -2.21259e-04
 -2.11578e-04 -2.01746e-04 -1.91766e-04 -1.81638e-04 -1.71370e-04 -1.60971e-04
 -1.50451e-04 -1.39816e-04 -1.29073e-04 -1.18225e-04 -1.07277e-04 -9.62331e-05
 -8.51010e-05 -7.38908e-05 -6.26167e-05 -5.12947e-05 -3.99378e-05 -2.85550e-05
 -1.71514e-05 -5.73008e-06  5.69923e-06  1.71221e-05  2.85192e-05  3.98728e-05
  5.11657e-05  6.23828e-05  7.35106e-05  8.45337e-05  9.54368e-05  1.06206e-04
  1.16827e-04  1.27284e-04  1.37556e-04  1.47620e-04  1.57454e-04  1.67041e-04
  1.76367e-04  1.85419e-04  1.94181e-04  2.02629e-04  2.10737e-04  2.18477e-04
  2.25820e-04  2.32746e-04  2.39237e-04  2.45284e-04  2.50877e-04  2.55999e-04
  2.60620e-04  2.64703e-04  2.68212e-04  2.71126e-04  2.73431e-04  2.75123e-04
  2.76187e-04  2.76598e-04  2.76323e-04  2.75325e-04  2.73583e-04  2.71082e-04
  2.67817e-04  2.63778e-04  2.58948e-04  2.53295e-04  2.46784e-04  2.39386e-04
  2.31083e-04  2.21869e-04  2.11738e-04  2.00682e-04  1.88684e-04  1.75717e-04
  1.61758e-04  1.46789e-04  1.30803e-04  1.13794e-04  9.57513e-05  7.66601e-05
  5.65046e-05  3.52745e-05  1.29671e-05 -1.04176e-05 -3.48850e-05 -6.04455e-05
 -8.71113e-05 -1.14888e-04 -1.43775e-04 -1.73767e-04 -2.04860e-04 -2.37054e-04
 -2.70353e-04 -3.04756e-04 -3.40255e-04 -3.76838e-04 -4.14495e-04 -4.53216e-04
 -4.92994e-04 -5.33819e-04 -5.75674e-04 -6.18545e-04 -6.62414e-04 -7.07265e-04
 -7.53080e-04 -7.99836e-04 -8.47504e-04 -8.96057e-04 -9.45470e-04 -9.95722e-04
 -1.04679e-03 -1.09866e-03 -1.15128e-03 -1.20461e-03 -1.25860e-03 -1.31321e-03
 -1.36841e-03 -1.42418e-03 -1.48048e-03 -1.53727e-03 -1.59449e-03 -1.65208e-03
 -1.70998e-03 -1.76815e-03 -1.82655e-03 -1.88513e-03 -1.94385e-03 -2.00263e-03
 -2.06141e-03 -2.12013e-03 -2.17873e-03 -2.23715e-03 -2.29535e-03 -2.35324e-03
 -2.41077e-03 -2.46784e-03 -2.52439e-03 -2.58036e-03 -2.63566e-03 -2.69025e-03
 -2.74405e-03 -2.79697e-03 -2.84894e-03 -2.89987e-03 -2.94968e-03 -2.99831e-03
 -3.04567e-03 -3.09170e-03 -3.13631e-03 -3.17941e-03 -3.22091e-03 -3.26072e-03
 -3.29876e-03 -3.33495e-03 -3.36922e-03 -3.40149e-03 -3.43166e-03 -3.45964e-03
 -3.48534e-03 -3.50868e-03 -3.52958e-03 -3.54795e-03 -3.56372e-03 -3.57679e-03
 -3.58709e-03 -3.59451e-03 -3.59899e-03 -3.60045e-03 -3.59880e-03 -3.59398e-03
 -3.58589e-03 -3.57446e-03 -3.55960e-03 -3.54124e-03 -3.51932e-03 -3.49375e-03
 -3.46446e-03 -3.43140e-03 -3.39449e-03 -3.35366e-03 -3.30885e-03 -3.26000e-03
 -3.20705e-03 -3.14997e-03 -3.08867e-03 -3.02313e-03 -2.95327e-03 -2.87906e-03
 -2.80045e-03 -2.71743e-03 -2.62993e-03 -2.53793e-03 -2.44140e-03 -2.34029e-03
 -2.23461e-03 -2.12432e-03 -2.00941e-03 -1.88987e-03 -1.76570e-03 -1.63690e-03
 -1.50345e-03 -1.36535e-03 -1.22261e-03 -1.07524e-03 -9.23285e-04 -7.66754e-04
 -6.05672e-04 -4.40064e-04 -2.69958e-04 -9.53991e-05  8.35616e-05  2.66867e-04
  4.54465e-04  6.46309e-04  8.42343e-04  1.04250e-03  1.24668e-03  1.45481e-03
  1.66680e-03  1.88257e-03  2.10204e-03  2.32510e-03  2.55163e-03  2.78152e-03
  3.01465e-03  3.25091e-03  3.49019e-03  3.73233e-03  3.97720e-03  4.22465e-03
  4.47454e-03  4.72672e-03  4.98105e-03  5.23734e-03  5.49543e-03  5.75514e-03
  6.01629e-03  6.27871e-03  6.54222e-03  6.80662e-03  7.07170e-03  7.33727e-03
  7.60312e-03  7.86905e-03  8.13485e-03  8.40029e-03  8.66515e-03  8.92920e-03
  9.19222e-03  9.45399e-03  9.71426e-03  9.97280e-03  1.02294e-02  1.04837e-02
  1.07356e-02  1.09848e-02  1.12310e-02  1.14741e-02  1.17137e-02  1.19495e-02
  1.21814e-02  1.24091e-02  1.26323e-02  1.28508e-02  1.30643e-02  1.32726e-02
  1.34754e-02  1.36724e-02  1.38635e-02  1.40483e-02  1.42266e-02  1.43982e-02
  1.45627e-02  1.47201e-02  1.48700e-02  1.50122e-02  1.51465e-02  1.52727e-02
  1.53905e-02  1.54997e-02  1.56001e-02  1.56914e-02  1.57736e-02  1.58464e-02
  1.59095e-02  1.59629e-02  1.60064e-02  1.60397e-02  1.60628e-02  1.60754e-02
  1.60775e-02  1.60689e-02  1.60494e-02  1.60190e-02  1.59775e-02  1.59249e-02
  1.58610e-02  1.57858e-02  1.56992e-02  1.56012e-02  1.54917e-02  1.53706e-02
  1.52381e-02  1.50939e-02  1.49382e-02  1.47710e-02  1.45923e-02  1.44020e-02
  1.42004e-02  1.39874e-02  1.37631e-02  1.35276e-02  1.32810e-02  1.30235e-02
  1.27550e-02  1.24759e-02  1.21862e-02  1.18861e-02  1.15757e-02  1.12554e-02
  1.09253e-02  1.05856e-02  1.02364e-02  9.87815e-03  9.51102e-03  9.13528e-03
  8.75123e-03  8.35911e-03  7.95925e-03  7.55194e-03  7.13751e-03  6.71630e-03
  6.28865e-03  5.85492e-03  5.41546e-03  4.97063e-03  4.52081e-03  4.06638e-03
  3.60772e-03  3.14526e-03  2.67937e-03  2.21047e-03  1.73896e-03  1.26526e-03
  7.89799e-04  3.12999e-04 -1.64705e-04 -6.42892e-04 -1.12114e-03 -1.59902e-03
 -2.07611e-03 -2.55195e-03 -3.02613e-03 -3.49821e-03 -3.96777e-03 -4.43440e-03
 -4.89767e-03 -5.35717e-03 -5.81248e-03 -6.26320e-03 -6.70894e-03 -7.14931e-03
 -7.58392e-03 -8.01240e-03 -8.43438e-03 -8.84948e-03 -9.25735e-03 -9.65766e-03
 -1.00501e-02 -1.04343e-02 -1.08100e-02 -1.11769e-02 -1.15346e-02 -1.18829e-02
 -1.22216e-02 -1.25504e-02 -1.28691e-02 -1.31774e-02 -1.34751e-02 -1.37620e-02
 -1.40379e-02 -1.43027e-02 -1.45562e-02 -1.47982e-02 -1.50287e-02 -1.52475e-02
 -1.54546e-02 -1.56497e-02 -1.58329e-02 -1.60041e-02 -1.61632e-02 -1.63102e-02
 -1.64451e-02 -1.65679e-02 -1.66786e-02 -1.67772e-02 -1.68637e-02 -1.69383e-02
 -1.70009e-02 -1.70515e-02 -1.70905e-02 -1.71177e-02 -1.71333e-02 -1.71374e-02
 -1.71301e-02 -1.71116e-02 -1.70821e-02 -1.70416e-02 -1.69905e-02 -1.69287e-02
 -1.68565e-02 -1.67741e-02 -1.66816e-02 -1.65794e-02 -1.64675e-02 -1.63463e-02
 -1.62160e-02 -1.60766e-02 -1.59286e-02 -1.57721e-02 -1.56074e-02 -1.54347e-02
 -1.52543e-02 -1.50664e-02 -1.48713e-02 -1.46692e-02 -1.44604e-02 -1.42452e-02
 -1.40238e-02 -1.37964e-02 -1.35635e-02 -1.33251e-02 -1.30816e-02 -1.28332e-02
 -1.25802e-02 -1.23229e-02 -1.20615e-02 -1.17963e-02 -1.15275e-02 -1.12553e-02
 -1.09802e-02 -1.07022e-02 -1.04216e-02 -1.01388e-02 -9.85391e-03 -9.56720e-03
 -9.27891e-03 -8.98925e-03 -8.69847e-03 -8.40677e-03 -8.11439e-03 -7.82156e-03
 -7.52848e-03 -7.23536e-03 -6.94241e-03 -6.64982e-03 -6.35781e-03 -6.06660e-03
 -5.77636e-03 -5.48728e-03 -5.19951e-03 -4.91323e-03 -4.62863e-03 -4.34587e-03
 -4.06510e-03 -3.78650e-03 -3.51021e-03 -3.23640e-03 -2.96522e-03 -2.69680e-03
 -2.43126e-03 -2.16872e-03 -1.90934e-03 -1.65323e-03 -1.40052e-03 -1.15130e-03
 -9.05660e-04 -6.63712e-04 -4.25576e-04 -1.91363e-04  3.88443e-05  2.64982e-04
  4.86989e-04  7.04786e-04  9.18284e-04  1.12740e-03  1.33208e-03  1.53227e-03
  1.72792e-03  1.91898e-03  2.10541e-03  2.28718e-03  2.46424e-03  2.63659e-03
  2.80417e-03  2.96695e-03  3.12492e-03  3.27807e-03  3.42641e-03  3.56992e-03
  3.70860e-03  3.84243e-03  3.97142e-03  4.09561e-03  4.21502e-03  4.32967e-03
  4.43956e-03  4.54470e-03  4.64511e-03  4.74084e-03  4.83195e-03  4.91850e-03
  5.00052e-03  5.07803e-03  5.15107e-03  5.21971e-03  5.28401e-03  5.34405e-03
  5.39987e-03  5.45153e-03  5.49909e-03  5.54264e-03  5.58224e-03  5.61797e-03
  5.64991e-03  5.67811e-03  5.70268e-03  5.72370e-03  5.74128e-03  5.75547e-03
  5.76637e-03  5.77405e-03  5.77861e-03  5.78015e-03  5.77877e-03  5.77457e-03
  5.76763e-03  5.75803e-03  5.74587e-03  5.73124e-03  5.71424e-03  5.69497e-03
  5.67353e-03  5.65001e-03  5.62451e-03  5.59713e-03  5.56797e-03  5.53712e-03
  5.50466e-03  5.47070e-03  5.43530e-03  5.39856e-03  5.36056e-03  5.32139e-03
  5.28114e-03  5.23992e-03  5.19781e-03  5.15489e-03  5.11124e-03  5.06693e-03
  5.02201e-03  4.97659e-03  4.93073e-03  4.88452e-03  4.83799e-03  4.79121e-03
  4.74422e-03  4.69711e-03  4.64993e-03  4.60276e-03  4.55563e-03  4.50861e-03
  4.46173e-03  4.41504e-03  4.36857e-03  4.32236e-03  4.27645e-03  4.23088e-03
  4.18569e-03  4.14091e-03  4.09656e-03  4.05265e-03  4.00919e-03  3.96621e-03
  3.92372e-03  3.88176e-03  3.84031e-03  3.79938e-03  3.75900e-03  3.71916e-03
  3.67989e-03  3.64117e-03  3.60298e-03  3.56532e-03  3.52817e-03  3.49154e-03
  3.45543e-03  3.41983e-03  3.38472e-03  3.35007e-03  3.31589e-03  3.28214e-03
  3.24880e-03  3.21585e-03  3.18328e-03  3.15109e-03  3.11925e-03  3.08773e-03
  3.05650e-03  3.02552e-03  2.99479e-03  2.96428e-03  2.93394e-03  2.90377e-03
  2.87373e-03  2.84381e-03  2.81401e-03  2.78427e-03  2.75459e-03  2.72492e-03
  2.69526e-03  2.66559e-03  2.63587e-03  2.60607e-03  2.57617e-03  2.54615e-03
  2.51601e-03  2.48573e-03  2.45528e-03  2.42464e-03  2.39381e-03  2.36277e-03
  2.33151e-03  2.30002e-03  2.26827e-03  2.23626e-03  2.20398e-03  2.17144e-03
  2.13863e-03  2.10553e-03  2.07214e-03  2.03846e-03  2.00448e-03  1.97020e-03
  1.93563e-03  1.90074e-03  1.86556e-03  1.83009e-03  1.79434e-03  1.75830e-03
  1.72200e-03  1.68544e-03  1.64863e-03  1.61156e-03  1.57424e-03  1.53669e-03
  1.49892e-03  1.46093e-03  1.42275e-03  1.38437e-03  1.34582e-03  1.30710e-03
  1.26823e-03  1.22921e-03  1.19008e-03  1.15083e-03  1.11149e-03  1.07205e-03
  1.03252e-03  9.92930e-04  9.53288e-04  9.13612e-04  8.73901e-04  8.34160e-04
  7.94407e-04  7.54669e-04  7.14962e-04  6.75287e-04  6.35633e-04  5.96000e-04
  5.56397e-04  5.16846e-04  4.77362e-04  4.37952e-04  3.98611e-04  3.59332e-04
  3.20118e-04  2.80974e-04  2.41914e-04  2.02946e-04  1.64064e-04  1.25253e-04
  8.65026e-05  4.78087e-05  9.17912e-06 -2.93823e-05 -6.78741e-05 -1.06300e-04
 -1.44667e-04 -1.82983e-04 -2.21259e-04 -2.59506e-04 -2.97731e-04 -3.35932e-04
 -3.74109e-04 -4.12268e-04 -4.50423e-04 -4.88585e-04 -5.26757e-04 -5.64938e-04
 -6.03131e-04 -6.41353e-04 -6.79620e-04 -7.17941e-04 -7.56304e-04 -7.94700e-04
 -8.33126e-04 -8.71598e-04 -9.10138e-04 -9.48750e-04 -9.87433e-04 -1.02617e-03
 -1.06496e-03 -1.10381e-03 -1.14271e-03 -1.18169e-03 -1.22071e-03 -1.25977e-03
 -1.29887e-03 -1.33800e-03 -1.37717e-03 -1.41635e-03 -1.45555e-03 -1.49474e-03
 -1.53391e-03 -1.57305e-03 -1.61214e-03 -1.65118e-03 -1.69016e-03 -1.72904e-03
 -1.76782e-03 -1.80647e-03 -1.84497e-03 -1.88331e-03 -1.92146e-03 -1.95939e-03
 -1.99710e-03 -2.03456e-03 -2.07174e-03 -2.10861e-03 -2.14515e-03 -2.18132e-03
 -2.21712e-03 -2.25251e-03 -2.28746e-03 -2.32194e-03 -2.35591e-03 -2.38936e-03
 -2.42226e-03 -2.45459e-03 -2.48630e-03 -2.51735e-03 -2.54773e-03 -2.57740e-03
 -2.60634e-03 -2.63453e-03 -2.66191e-03 -2.68847e-03 -2.71417e-03 -2.73899e-03
 -2.76291e-03 -2.78590e-03 -2.80793e-03 -2.82896e-03 -2.84897e-03 -2.86795e-03
 -2.88585e-03 -2.90265e-03 -2.91832e-03 -2.93285e-03 -2.94622e-03 -2.95841e-03
 -2.96939e-03 -2.97913e-03 -2.98762e-03 -2.99482e-03 -3.00076e-03 -3.00539e-03
 -3.00872e-03 -3.01071e-03 -3.01136e-03 -3.01065e-03 -3.00858e-03 -3.00513e-03
 -3.00030e-03 -2.99409e-03 -2.98650e-03 -2.97750e-03 -2.96711e-03 -2.95531e-03
 -2.94210e-03 -2.92749e-03 -2.91148e-03 -2.89406e-03 -2.87525e-03 -2.85506e-03
 -2.83348e-03 -2.81055e-03 -2.78626e-03 -2.76061e-03 -2.73363e-03 -2.70533e-03
 -2.67571e-03 -2.64480e-03 -2.61263e-03 -2.57921e-03 -2.54457e-03 -2.50874e-03
 -2.47172e-03 -2.43355e-03 -2.39422e-03 -2.35376e-03 -2.31221e-03 -2.26962e-03
 -2.22602e-03 -2.18144e-03 -2.13589e-03 -2.08940e-03 -2.04201e-03 -1.99377e-03
 -1.94472e-03 -1.89487e-03 -1.84426e-03 -1.79291e-03 -1.74089e-03 -1.68825e-03
 -1.63500e-03 -1.58120e-03 -1.52687e-03 -1.47205e-03 -1.41680e-03 -1.36116e-03
 -1.30516e-03 -1.24884e-03 -1.19225e-03 -1.13543e-03 -1.07842e-03 -1.02126e-03
 -9.64003e-04 -9.06668e-04 -8.49306e-04 -7.91971e-04 -7.34713e-04 -6.77571e-04
 -6.20574e-04 -5.63752e-04 -5.07147e-04 -4.50809e-04 -3.94780e-04 -3.39099e-04
 -2.83797e-04 -2.28910e-04 -1.74474e-04 -1.20527e-04 -6.71033e-05 -1.42401e-05
  3.80248e-05  8.96559e-05  1.40625e-04  1.90908e-04  2.40482e-04  2.89319e-04
  3.37385e-04  3.84650e-04  4.31090e-04  4.76683e-04  5.21405e-04  5.65227e-04
  6.08128e-04  6.50094e-04  6.91120e-04  7.31196e-04  7.70301e-04  8.08404e-04
  8.45490e-04  8.81554e-04  9.16600e-04  9.50620e-04  9.83596e-04  1.01551e-03
  1.04635e-03  1.07613e-03  1.10486e-03  1.13254e-03  1.15916e-03  1.18472e-03
  1.20922e-03  1.23265e-03  1.25503e-03  1.27637e-03  1.29667e-03  1.31593e-03
  1.33416e-03  1.35136e-03  1.36755e-03  1.38274e-03  1.39694e-03  1.41017e-03
  1.42242e-03  1.43370e-03  1.44405e-03  1.45347e-03  1.46198e-03  1.46960e-03
  1.47632e-03  1.48217e-03  1.48715e-03  1.49128e-03  1.49458e-03  1.49705e-03
  1.49872e-03  1.49960e-03  1.49972e-03  1.49910e-03  1.49774e-03  1.49565e-03
  1.49285e-03  1.48934e-03  1.48516e-03  1.48031e-03  1.47478e-03  1.46860e-03
  1.46178e-03  1.45435e-03  1.44632e-03  1.43771e-03  1.42852e-03  1.41874e-03
  1.40839e-03  1.39747e-03  1.38601e-03  1.37402e-03  1.36151e-03  1.34848e-03
  1.33494e-03  1.32088e-03  1.30631e-03  1.29124e-03  1.27570e-03  1.25970e-03
  1.24324e-03  1.22632e-03  1.20894e-03  1.19110e-03  1.17281e-03  1.15407e-03
  1.13491e-03  1.11531e-03  1.09527e-03  1.07480e-03  1.05391e-03  1.03259e-03
  1.01087e-03  9.88745e-04  9.66223e-04  9.43305e-04  9.19993e-04  8.96298e-04
  8.72229e-04  8.47794e-04  8.22990e-04  7.97814e-04  7.72273e-04  7.46383e-04
  7.20159e-04  6.93606e-04  6.66723e-04  6.39515e-04  6.11993e-04  5.84173e-04
  5.56066e-04  5.27683e-04  4.99034e-04  4.70129e-04  4.40982e-04  4.11602e-04
  3.82001e-04  3.52192e-04  3.22192e-04  2.92018e-04  2.61687e-04  2.31215e-04
  2.00622e-04  1.69920e-04  1.39123e-04  1.08249e-04  7.73238e-05  4.63746e-05
  1.54257e-05 -1.55074e-05 -4.64129e-05 -7.72714e-05 -1.08056e-04 -1.38734e-04
 -1.69281e-04 -1.99677e-04 -2.29903e-04 -2.59938e-04 -2.89748e-04 -3.19302e-04
 -3.48569e-04 -3.77530e-04 -4.06166e-04 -4.34455e-04 -4.62368e-04 -4.89871e-04
 -5.16931e-04 -5.43517e-04 -5.69602e-04 -5.95164e-04 -6.20182e-04 -6.44627e-04
 -6.68464e-04 -6.91661e-04 -7.14193e-04 -7.36041e-04 -7.57184e-04 -7.77595e-04
 -7.97240e-04 -8.16091e-04 -8.34128e-04 -8.51333e-04 -8.67686e-04 -8.83158e-04
 -8.97724e-04 -9.11365e-04 -9.24066e-04 -9.35809e-04 -9.46569e-04 -9.56321e-04
 -9.65045e-04 -9.72727e-04 -9.79356e-04 -9.84921e-04 -9.89412e-04 -9.92819e-04
 -9.95128e-04 -9.96329e-04 -9.96412e-04 -9.95373e-04 -9.93208e-04 -9.89911e-04
 -9.85473e-04 -9.79889e-04 -9.73162e-04 -9.65301e-04 -9.56314e-04 -9.46206e-04
 -9.34975e-04 -9.22623e-04 -9.09151e-04 -8.94574e-04 -8.78907e-04 -8.62173e-04
 -8.44387e-04 -8.25560e-04 -8.05701e-04 -7.84824e-04 -7.62949e-04 -7.40104e-04
 -7.16313e-04 -6.91600e-04 -6.65988e-04 -6.39502e-04 -6.12171e-04 -5.84025e-04
 -5.55101e-04 -5.25435e-04 -4.95059e-04 -4.63997e-04 -4.32277e-04 -3.99932e-04
 -3.67004e-04 -3.33537e-04 -2.99577e-04 -2.65165e-04 -2.30348e-04 -1.95169e-04
 -1.59668e-04 -1.23880e-04 -8.78420e-05 -5.15982e-05 -1.51975e-05  2.13118e-05
  5.78814e-05  9.44661e-05  1.31018e-04  1.67489e-04  2.03828e-04  2.39986e-04
  2.75916e-04  3.11574e-04  3.46915e-04  3.81894e-04  4.16465e-04  4.50584e-04
  4.84210e-04  5.17293e-04  5.49777e-04  5.81608e-04  6.12739e-04  6.43136e-04
  6.72770e-04  7.01603e-04  7.29588e-04  7.56672e-04  7.82814e-04  8.07977e-04
  8.32132e-04  8.55246e-04  8.77282e-04  8.98207e-04  9.17985e-04  9.36582e-04
  9.53972e-04  9.70130e-04  9.85036e-04  9.98662e-04  1.01098e-03  1.02196e-03
  1.03158e-03  1.03983e-03  1.04670e-03  1.05216e-03  1.05620e-03  1.05881e-03
  1.05999e-03  1.05974e-03  1.05805e-03  1.05491e-03  1.05031e-03  1.04425e-03
  1.03675e-03  1.02779e-03  1.01739e-03  1.00555e-03  9.92287e-04  9.77606e-04
  9.61528e-04  9.44065e-04  9.25226e-04  9.05026e-04  8.83487e-04  8.60639e-04
  8.36509e-04  8.11120e-04  7.84493e-04  7.56653e-04  7.27631e-04  6.97465e-04
  6.66189e-04  6.33836e-04  6.00439e-04  5.66032e-04  5.30655e-04  4.94352e-04
  4.57164e-04  4.19134e-04  3.80303e-04  3.40714e-04  3.00412e-04  2.59443e-04
  2.17858e-04  1.75700e-04  1.33013e-04  8.98402e-05  4.62336e-05  2.25133e-06
 -4.20528e-05 -8.66334e-05 -1.31450e-04 -1.76454e-04 -2.21586e-04 -2.66783e-04
 -3.11991e-04 -3.57166e-04 -4.02269e-04 -4.47252e-04 -4.92063e-04 -5.36649e-04
 -5.80964e-04 -6.24968e-04 -6.68614e-04 -7.11848e-04 -7.54616e-04 -7.96869e-04
 -8.38569e-04 -8.79677e-04 -9.20154e-04 -9.59955e-04 -9.99033e-04 -1.03735e-03
 -1.07487e-03 -1.11157e-03 -1.14739e-03 -1.18232e-03 -1.21631e-03 -1.24932e-03
 -1.28133e-03 -1.31234e-03 -1.34229e-03 -1.37116e-03 -1.39892e-03 -1.42554e-03
 -1.45103e-03 -1.47536e-03 -1.49851e-03 -1.52045e-03 -1.54117e-03 -1.56065e-03
 -1.57889e-03 -1.59589e-03 -1.61163e-03 -1.62609e-03 -1.63928e-03 -1.65119e-03
 -1.66182e-03 -1.67115e-03 -1.67921e-03 -1.68598e-03 -1.69147e-03 -1.69568e-03
 -1.69862e-03 -1.70030e-03 -1.70072e-03 -1.69989e-03 -1.69782e-03 -1.69453e-03
 -1.69003e-03 -1.68434e-03 -1.67747e-03 -1.66944e-03 -1.66026e-03 -1.64994e-03
 -1.63852e-03 -1.62601e-03 -1.61244e-03 -1.59781e-03 -1.58216e-03 -1.56551e-03
 -1.54788e-03 -1.52931e-03 -1.50982e-03 -1.48943e-03 -1.46816e-03 -1.44604e-03
 -1.42310e-03 -1.39937e-03 -1.37489e-03 -1.34967e-03 -1.32376e-03 -1.29716e-03
 -1.26993e-03 -1.24207e-03 -1.21364e-03 -1.18465e-03 -1.15513e-03 -1.12512e-03
 -1.09464e-03 -1.06372e-03 -1.03241e-03 -1.00072e-03 -9.68692e-04 -9.36352e-04
 -9.03734e-04 -8.70863e-04 -8.37766e-04 -8.04469e-04 -7.71003e-04 -7.37401e-04
 -7.03686e-04 -6.69883e-04 -6.36019e-04 -6.02129e-04 -5.68245e-04 -5.34389e-04
 -5.00583e-04 -4.66850e-04 -4.33222e-04 -3.99726e-04 -3.66385e-04 -3.33212e-04
 -3.00228e-04 -2.67461e-04 -2.34938e-04 -2.02680e-04 -1.70702e-04 -1.39018e-04
 -1.07649e-04 -7.66146e-05 -4.59373e-05 -1.56358e-05  1.42727e-05  4.37747e-05
  7.28603e-05  1.01519e-04  1.29737e-04  1.57493e-04  1.84773e-04  2.11567e-04
  2.37870e-04  2.63673e-04  2.88964e-04  3.13729e-04  3.37961e-04  3.61658e-04
  3.84821e-04  4.07451e-04  4.29539e-04  4.51075e-04  4.72050e-04  4.92458e-04
  5.12301e-04  5.31587e-04  5.50320e-04  5.68499e-04  5.86121e-04  6.03186e-04
  6.19698e-04  6.35666e-04  6.51096e-04  6.65994e-04  6.80363e-04  6.94205e-04
  7.07521e-04  7.20319e-04  7.32617e-04  7.44440e-04  7.55797e-04  7.66687e-04
  7.77105e-04  7.87062e-04  7.96585e-04  8.05696e-04  8.14407e-04  8.22722e-04
  8.30648e-04  8.38203e-04  8.45405e-04  8.52269e-04  8.58807e-04  8.65038e-04
  8.70982e-04  8.76654e-04  8.82064e-04  8.87224e-04  8.92153e-04  8.96874e-04
  9.01409e-04  9.05770e-04  9.09973e-04  9.14036e-04  9.17977e-04  9.21807e-04
  9.25536e-04  9.29179e-04  9.32758e-04  9.36292e-04  9.39798e-04  9.43285e-04
  9.46766e-04  9.50257e-04  9.53777e-04  9.57342e-04  9.60965e-04  9.64656e-04
  9.68420e-04  9.72266e-04  9.76207e-04  9.80259e-04  9.84433e-04  9.88733e-04
  9.93160e-04  9.97721e-04  1.00243e-03  1.00730e-03  1.01233e-03  1.01753e-03
  1.02289e-03  1.02842e-03  1.03413e-03  1.04001e-03  1.04607e-03  1.05231e-03
  1.05872e-03  1.06531e-03  1.07206e-03  1.07899e-03  1.08609e-03  1.09335e-03
  1.10077e-03  1.10833e-03  1.11603e-03  1.12386e-03  1.13183e-03  1.13992e-03
  1.14812e-03  1.15642e-03  1.16480e-03  1.17326e-03  1.18179e-03  1.19037e-03
  1.19900e-03  1.20766e-03  1.21634e-03  1.22500e-03  1.23365e-03  1.24226e-03
  1.25085e-03  1.25939e-03  1.26785e-03  1.27621e-03  1.28444e-03  1.29256e-03
  1.30054e-03  1.30837e-03  1.31602e-03  1.32348e-03  1.33073e-03  1.33775e-03
  1.34453e-03  1.35105e-03  1.35730e-03  1.36324e-03  1.36887e-03  1.37417e-03
  1.37911e-03  1.38369e-03  1.38789e-03  1.39169e-03  1.39508e-03  1.39805e-03
  1.40056e-03  1.40261e-03  1.40419e-03  1.40527e-03  1.40585e-03  1.40592e-03
  1.40546e-03  1.40445e-03  1.40288e-03  1.40073e-03  1.39800e-03  1.39468e-03
  1.39076e-03  1.38622e-03  1.38104e-03  1.37523e-03  1.36878e-03  1.36167e-03
  1.35390e-03  1.34545e-03  1.33634e-03  1.32655e-03  1.31609e-03  1.30493e-03
  1.29307e-03  1.28050e-03  1.26723e-03  1.25326e-03  1.23858e-03  1.22318e-03
  1.20708e-03  1.19028e-03  1.17278e-03  1.15458e-03  1.13567e-03  1.11605e-03
  1.09573e-03  1.07471e-03  1.05300e-03  1.03062e-03  1.00756e-03  9.83840e-04
  9.59456e-04  9.34422e-04  9.08742e-04  8.82422e-04  8.55470e-04  8.27900e-04
  7.99733e-04  7.70983e-04  7.41659e-04  7.11765e-04  6.81311e-04  6.50317e-04
  6.18806e-04  5.86793e-04  5.54289e-04  5.21308e-04  4.87870e-04  4.53997e-04
  4.19712e-04  3.85034e-04  3.49977e-04  3.14560e-04  2.78799e-04  2.42717e-04
  2.06336e-04  1.69686e-04  1.32795e-04  9.56885e-05  5.83841e-05  2.08991e-05
 -1.67447e-05 -5.45202e-05 -9.23996e-05 -1.30356e-04 -1.68362e-04 -2.06387e-04
 -2.44402e-04 -2.82382e-04 -3.20305e-04 -3.58147e-04 -3.95872e-04 -4.33445e-04
 -4.70839e-04 -5.08034e-04 -5.45008e-04 -5.81727e-04 -6.18152e-04 -6.54248e-04
 -6.89991e-04 -7.25360e-04 -7.60323e-04 -7.94845e-04 -8.28894e-04 -8.62445e-04
 -8.95475e-04 -9.27953e-04 -9.59845e-04 -9.91115e-04 -1.02174e-03 -1.05169e-03
 -1.08095e-03 -1.10949e-03 -1.13726e-03 -1.16425e-03 -1.19042e-03 -1.21575e-03
 -1.24022e-03 -1.26380e-03 -1.28647e-03 -1.30820e-03 -1.32896e-03 -1.34873e-03
 -1.36749e-03 -1.38522e-03 -1.40190e-03 -1.41752e-03 -1.43204e-03 -1.44545e-03
 -1.45772e-03 -1.46886e-03 -1.47883e-03 -1.48762e-03 -1.49522e-03 -1.50161e-03
 -1.50679e-03 -1.51075e-03 -1.51348e-03 -1.51498e-03 -1.51522e-03 -1.51419e-03
 -1.51190e-03 -1.50834e-03 -1.50353e-03 -1.49745e-03 -1.49010e-03 -1.48147e-03
 -1.47158e-03 -1.46044e-03 -1.44805e-03 -1.43442e-03 -1.41955e-03 -1.40343e-03
 -1.38609e-03 -1.36754e-03 -1.34782e-03 -1.32692e-03 -1.30485e-03 -1.28162e-03
 -1.25725e-03 -1.23179e-03 -1.20524e-03 -1.17763e-03 -1.14897e-03 -1.11930e-03
 -1.08863e-03 -1.05700e-03 -1.02443e-03 -9.90958e-04 -9.56593e-04 -9.21369e-04
 -8.85325e-04 -8.48499e-04 -8.10925e-04 -7.72632e-04 -7.33654e-04 -6.94028e-04
 -6.53794e-04 -6.12984e-04 -5.71625e-04 -5.29749e-04 -4.87402e-04 -4.44633e-04
 -4.01487e-04 -3.57990e-04 -3.14171e-04 -2.70068e-04 -2.25730e-04 -1.81206e-04
 -1.36533e-04 -9.17395e-05 -4.68582e-05 -1.93261e-06  4.29903e-05  8.78707e-05
  1.32676e-04  1.77374e-04  2.21926e-04  2.66291e-04  3.10433e-04  3.54320e-04
  3.97923e-04  4.41200e-04  4.84111e-04  5.26619e-04  5.68701e-04  6.10335e-04
  6.51491e-04  6.92132e-04  7.32223e-04  7.71738e-04  8.10659e-04  8.48960e-04
  8.86610e-04  9.23581e-04  9.59851e-04  9.95403e-04  1.03022e-03  1.06426e-03
  1.09752e-03  1.12998e-03  1.16164e-03  1.19247e-03  1.22246e-03  1.25157e-03
  1.27979e-03  1.30713e-03  1.33357e-03  1.35910e-03  1.38372e-03  1.40741e-03
  1.43016e-03  1.45197e-03  1.47284e-03  1.49276e-03  1.51173e-03  1.52975e-03
  1.54680e-03  1.56288e-03  1.57800e-03  1.59216e-03  1.60537e-03  1.61762e-03
  1.62892e-03  1.63926e-03  1.64865e-03  1.65711e-03  1.66463e-03  1.67122e-03
  1.67688e-03  1.68162e-03  1.68545e-03  1.68839e-03  1.69043e-03  1.69158e-03
  1.69186e-03  1.69127e-03  1.68983e-03  1.68756e-03  1.68446e-03  1.68054e-03
  1.67580e-03  1.67026e-03  1.66394e-03  1.65687e-03  1.64904e-03  1.64046e-03
  1.63115e-03  1.62114e-03  1.61043e-03  1.59905e-03  1.58699e-03  1.57428e-03
  1.56093e-03  1.54696e-03  1.53238e-03  1.51721e-03  1.50147e-03  1.48517e-03
  1.46833e-03  1.45096e-03  1.43308e-03  1.41470e-03  1.39584e-03  1.37652e-03
  1.35676e-03  1.33659e-03  1.31599e-03  1.29500e-03  1.27363e-03  1.25190e-03
  1.22983e-03  1.20743e-03  1.18471e-03  1.16169e-03  1.13838e-03  1.11481e-03
  1.09100e-03  1.06695e-03  1.04268e-03  1.01821e-03  9.93543e-04  9.68712e-04
  9.43736e-04  9.18625e-04  8.93384e-04  8.68018e-04  8.42547e-04  8.16994e-04
  7.91382e-04  7.65720e-04  7.40012e-04  7.14265e-04  6.88495e-04  6.62722e-04
  6.36963e-04  6.11227e-04  5.85520e-04  5.59850e-04  5.34230e-04  5.08675e-04
  4.83197e-04  4.57806e-04  4.32506e-04  4.07306e-04  3.82217e-04  3.57250e-04
  3.32417e-04  3.07721e-04  2.83164e-04  2.58751e-04  2.34491e-04  2.10398e-04
  1.86479e-04  1.62738e-04  1.39176e-04  1.15797e-04  9.26076e-05  6.96114e-05
  4.68090e-05  2.42016e-05  1.79547e-06 -2.04018e-05 -4.23880e-05 -6.41663e-05
 -8.57405e-05 -1.07107e-04 -1.28258e-04 -1.49188e-04 -1.69901e-04 -1.90404e-04
 -2.10696e-04 -2.30771e-04 -2.50624e-04 -2.70265e-04 -2.89704e-04 -3.08945e-04
 -3.27979e-04 -3.46801e-04 -3.65411e-04 -3.83822e-04 -4.02039e-04 -4.20057e-04
 -4.37871e-04 -4.55481e-04 -4.72902e-04 -4.90141e-04 -5.07199e-04 -5.24070e-04
 -5.40754e-04 -5.57257e-04 -5.73587e-04 -5.89744e-04 -6.05724e-04 -6.21528e-04
 -6.37163e-04 -6.52633e-04 -6.67937e-04 -6.83073e-04 -6.98041e-04 -7.12846e-04
 -7.27494e-04 -7.41984e-04 -7.56311e-04 -7.70474e-04 -7.84475e-04 -7.98316e-04
 -8.11994e-04 -8.25503e-04 -8.38843e-04 -8.52021e-04 -8.65041e-04 -8.77901e-04
 -8.90588e-04 -9.03093e-04 -9.15414e-04 -9.27558e-04 -9.39526e-04 -9.51308e-04
 -9.62895e-04 -9.74282e-04 -9.85469e-04 -9.96459e-04 -1.00725e-03 -1.01782e-03
 -1.02817e-03 -1.03830e-03 -1.04820e-03 -1.05787e-03 -1.06730e-03 -1.07647e-03
 -1.08539e-03 -1.09406e-03 -1.10246e-03 -1.11059e-03 -1.11844e-03 -1.12599e-03
 -1.13325e-03 -1.14022e-03 -1.14689e-03 -1.15324e-03 -1.15927e-03 -1.16497e-03
 -1.17034e-03 -1.17538e-03 -1.18007e-03 -1.18441e-03 -1.18839e-03 -1.19202e-03
 -1.19528e-03 -1.19817e-03 -1.20068e-03 -1.20281e-03 -1.20455e-03 -1.20591e-03
 -1.20688e-03 -1.20744e-03 -1.20761e-03 -1.20738e-03 -1.20673e-03 -1.20569e-03
 -1.20424e-03 -1.20239e-03 -1.20014e-03 -1.19749e-03 -1.19444e-03 -1.19098e-03
 -1.18713e-03 -1.18288e-03 -1.17824e-03 -1.17321e-03 -1.16779e-03 -1.16200e-03
 -1.15585e-03 -1.14932e-03 -1.14244e-03 -1.13521e-03 -1.12764e-03 -1.11974e-03
 -1.11152e-03 -1.10298e-03 -1.09414e-03 -1.08501e-03 -1.07560e-03 -1.06593e-03
 -1.05601e-03 -1.04585e-03 -1.03546e-03 -1.02488e-03 -1.01410e-03 -1.00314e-03
 -9.92022e-04 -9.80763e-04 -9.69386e-04 -9.57908e-04 -9.46345e-04 -9.34709e-04
 -9.23018e-04 -9.11296e-04 -8.99568e-04 -8.87853e-04 -8.76169e-04 -8.64534e-04
 -8.52970e-04 -8.41498e-04 -8.30142e-04 -8.18918e-04 -8.07848e-04 -7.96952e-04
 -7.86252e-04 -7.75770e-04 -7.65529e-04 -7.55549e-04 -7.45848e-04 -7.36444e-04
 -7.27359e-04 -7.18617e-04 -7.10238e-04 -7.02235e-04 -6.94622e-04 -6.87421e-04
 -6.80655e-04 -6.74348e-04 -6.68514e-04 -6.63163e-04 -6.58305e-04 -6.53955e-04
 -6.50135e-04 -6.46860e-04 -6.44145e-04 -6.41996e-04 -6.40423e-04 -6.39436e-04
 -6.39052e-04 -6.39283e-04 -6.40139e-04 -6.41620e-04 -6.43728e-04 -6.46471e-04
 -6.49861e-04 -6.53904e-04 -6.58597e-04 -6.63937e-04 -6.69925e-04 -6.76568e-04
 -6.83869e-04 -6.91823e-04 -7.00422e-04 -7.09663e-04 -7.19545e-04 -7.30066e-04
 -7.41217e-04 -7.52984e-04 -7.65358e-04 -7.78334e-04 -7.91904e-04 -8.06053e-04
 -8.20761e-04 -8.36014e-04 -8.51802e-04 -8.68113e-04 -8.84933e-04 -9.02241e-04
 -9.20016e-04 -9.38240e-04 -9.56891e-04 -9.75945e-04 -9.95381e-04 -1.01517e-03
 -1.03530e-03 -1.05573e-03 -1.07646e-03 -1.09744e-03 -1.11865e-03 -1.14007e-03
 -1.16166e-03 -1.18341e-03 -1.20527e-03 -1.22722e-03 -1.24922e-03 -1.27124e-03
 -1.29326e-03 -1.31524e-03 -1.33714e-03 -1.35892e-03 -1.38057e-03 -1.40204e-03
 -1.42330e-03 -1.44431e-03 -1.46504e-03 -1.48546e-03 -1.50552e-03 -1.52520e-03
 -1.54445e-03 -1.56325e-03 -1.58156e-03 -1.59933e-03 -1.61653e-03 -1.63313e-03
 -1.64910e-03 -1.66439e-03 -1.67898e-03 -1.69282e-03 -1.70589e-03 -1.71816e-03
 -1.72959e-03 -1.74015e-03 -1.74980e-03 -1.75850e-03 -1.76623e-03 -1.77297e-03
 -1.77868e-03 -1.78333e-03 -1.78690e-03 -1.78935e-03 -1.79066e-03 -1.79081e-03
 -1.78977e-03 -1.78752e-03 -1.78404e-03 -1.77930e-03 -1.77329e-03 -1.76598e-03
 -1.75736e-03 -1.74741e-03 -1.73613e-03 -1.72349e-03 -1.70947e-03 -1.69407e-03
 -1.67728e-03 -1.65909e-03 -1.63950e-03 -1.61850e-03 -1.59608e-03 -1.57225e-03
 -1.54700e-03 -1.52033e-03 -1.49225e-03 -1.46276e-03 -1.43186e-03 -1.39957e-03
 -1.36589e-03 -1.33083e-03 -1.29440e-03 -1.25661e-03 -1.21748e-03 -1.17703e-03
 -1.13529e-03 -1.09225e-03 -1.04795e-03 -1.00240e-03 -9.55633e-04 -9.07680e-04
 -8.58568e-04 -8.08319e-04 -7.56959e-04 -7.04524e-04 -6.51050e-04 -5.96575e-04
 -5.41132e-04 -4.84751e-04 -4.27468e-04 -3.69323e-04 -3.10360e-04 -2.50625e-04
 -1.90154e-04 -1.28987e-04 -6.71688e-05 -4.74713e-06  5.82284e-05  1.21712e-04
  1.85660e-04  2.50027e-04  3.14764e-04  3.79821e-04  4.45152e-04  5.10709e-04
  5.76445e-04  6.42307e-04  7.08240e-04  7.74192e-04  8.40116e-04  9.05967e-04
  9.71694e-04  1.03725e-03  1.10257e-03  1.16763e-03  1.23237e-03  1.29674e-03
  1.36069e-03  1.42417e-03  1.48713e-03  1.54952e-03  1.61132e-03  1.67247e-03
  1.73293e-03  1.79265e-03  1.85160e-03  1.90973e-03  1.96701e-03  2.02339e-03
  2.07883e-03  2.13329e-03  2.18674e-03  2.23915e-03  2.29049e-03  2.34072e-03
  2.38981e-03  2.43773e-03  2.48444e-03  2.52994e-03  2.57419e-03  2.61716e-03
  2.65883e-03  2.69918e-03  2.73818e-03  2.77583e-03  2.81210e-03  2.84697e-03
  2.88043e-03  2.91247e-03  2.94307e-03  2.97221e-03  2.99989e-03  3.02611e-03
  3.05085e-03  3.07411e-03  3.09588e-03  3.11615e-03  3.13494e-03  3.15222e-03
  3.16801e-03  3.18229e-03  3.19508e-03  3.20637e-03  3.21618e-03  3.22449e-03
  3.23132e-03  3.23667e-03  3.24056e-03  3.24298e-03  3.24396e-03  3.24348e-03
  3.24157e-03  3.23823e-03  3.23349e-03  3.22735e-03  3.21983e-03  3.21093e-03
  3.20067e-03  3.18908e-03  3.17616e-03  3.16193e-03  3.14641e-03  3.12961e-03
  3.11155e-03  3.09225e-03  3.07172e-03  3.05000e-03  3.02708e-03  3.00300e-03
  2.97777e-03  2.95141e-03  2.92395e-03  2.89541e-03  2.86581e-03  2.83516e-03
  2.80350e-03  2.77084e-03  2.73720e-03  2.70262e-03  2.66710e-03  2.63068e-03
  2.59338e-03  2.55522e-03  2.51623e-03  2.47643e-03  2.43584e-03  2.39450e-03
  2.35242e-03  2.30963e-03  2.26617e-03  2.22204e-03  2.17729e-03  2.13192e-03
  2.08597e-03  2.03946e-03  1.99242e-03  1.94489e-03  1.89688e-03  1.84843e-03
  1.79955e-03  1.75029e-03  1.70066e-03  1.65069e-03  1.60041e-03  1.54985e-03
  1.49905e-03  1.44801e-03  1.39678e-03  1.34538e-03  1.29385e-03  1.24220e-03
  1.19048e-03  1.13870e-03  1.08689e-03  1.03509e-03  9.83334e-04  9.31640e-04
  8.80037e-04  8.28552e-04  7.77214e-04  7.26057e-04  6.75109e-04  6.24397e-04
  5.73946e-04  5.23782e-04  4.73936e-04  4.24440e-04  3.75322e-04  3.26607e-04
  2.78320e-04  2.30486e-04  1.83131e-04  1.36285e-04  8.99719e-05  4.42176e-05
 -9.54664e-07 -4.55210e-05 -8.94542e-05 -1.32727e-04 -1.75317e-04 -2.17205e-04
 -2.58373e-04 -2.98800e-04 -3.38458e-04 -3.77325e-04 -4.15382e-04 -4.52616e-04
 -4.89014e-04 -5.24552e-04 -5.59209e-04 -5.92965e-04 -6.25809e-04 -6.57729e-04
 -6.88711e-04 -7.18737e-04 -7.47791e-04 -7.75864e-04 -8.02946e-04 -8.29028e-04
 -8.54097e-04 -8.78146e-04 -9.01167e-04 -9.23155e-04 -9.44103e-04 -9.64000e-04
 -9.82840e-04 -1.00062e-03 -1.01733e-03 -1.03298e-03 -1.04757e-03 -1.06108e-03
 -1.07352e-03 -1.08488e-03 -1.09518e-03 -1.10441e-03 -1.11257e-03 -1.11967e-03
 -1.12572e-03 -1.13070e-03 -1.13463e-03 -1.13751e-03 -1.13935e-03 -1.14017e-03
 -1.13996e-03 -1.13873e-03 -1.13649e-03 -1.13325e-03 -1.12902e-03 -1.12382e-03
 -1.11765e-03 -1.11051e-03 -1.10243e-03 -1.09342e-03 -1.08348e-03 -1.07264e-03
 -1.06090e-03 -1.04827e-03 -1.03477e-03 -1.02043e-03 -1.00525e-03 -9.89253e-04
 -9.72451e-04 -9.54858e-04 -9.36494e-04 -9.17375e-04 -8.97520e-04 -8.76942e-04
 -8.55657e-04 -8.33683e-04 -8.11038e-04 -7.87745e-04 -7.63822e-04 -7.39287e-04
 -7.14159e-04 -6.88459e-04 -6.62207e-04 -6.35421e-04 -6.08120e-04 -5.80323e-04
 -5.52053e-04 -5.23328e-04 -4.94167e-04 -4.64589e-04 -4.34617e-04 -4.04275e-04
 -3.73585e-04 -3.42566e-04 -3.11238e-04 -2.79622e-04 -2.47744e-04 -2.15625e-04
 -1.83284e-04 -1.50742e-04 -1.18020e-04 -8.51403e-05 -5.21265e-05 -1.90030e-05
  1.42053e-05  4.74755e-05  8.07872e-05  1.14121e-04  1.47456e-04  1.80766e-04
  2.14025e-04  2.47210e-04  2.80301e-04  3.13275e-04  3.46108e-04  3.78777e-04
  4.11258e-04  4.43532e-04  4.75574e-04  5.07361e-04  5.38868e-04  5.70074e-04
  6.00959e-04  6.31501e-04  6.61673e-04  6.91449e-04  7.20805e-04  7.49722e-04
  7.78181e-04  8.06161e-04  8.33639e-04  8.60589e-04  8.86991e-04  9.12826e-04
  9.38079e-04  9.62728e-04  9.86748e-04  1.01012e-03  1.03281e-03  1.05481e-03
  1.07611e-03  1.09670e-03  1.11655e-03  1.13563e-03  1.15394e-03  1.17145e-03
  1.18816e-03  1.20405e-03  1.21910e-03  1.23330e-03  1.24663e-03  1.25908e-03
  1.27066e-03  1.28133e-03  1.29110e-03  1.29995e-03  1.30788e-03  1.31487e-03
  1.32092e-03  1.32604e-03  1.33020e-03  1.33341e-03  1.33566e-03  1.33694e-03
  1.33727e-03  1.33663e-03  1.33503e-03  1.33247e-03  1.32894e-03  1.32445e-03
  1.31901e-03  1.31262e-03  1.30530e-03  1.29705e-03  1.28786e-03  1.27776e-03
  1.26675e-03  1.25484e-03  1.24204e-03  1.22837e-03  1.21384e-03  1.19845e-03
  1.18224e-03  1.16521e-03  1.14738e-03  1.12876e-03  1.10938e-03  1.08924e-03
  1.06838e-03  1.04680e-03  1.02454e-03  1.00160e-03  9.78020e-04  9.53811e-04
  9.28998e-04  9.03605e-04  8.77658e-04  8.51177e-04  8.24187e-04  7.96711e-04
  7.68772e-04  7.40396e-04  7.11608e-04  6.82434e-04  6.52898e-04  6.23025e-04
  5.92839e-04  5.62367e-04  5.31635e-04  5.00670e-04  4.69494e-04  4.38130e-04
  4.06600e-04  3.74927e-04  3.43141e-04  3.11268e-04  2.79330e-04  2.47344e-04
  2.15333e-04  1.83320e-04  1.51333e-04  1.19392e-04  8.75159e-05  5.57217e-05
  2.40305e-05 -7.53568e-06 -3.89572e-05 -7.02185e-05 -1.01306e-04 -1.32206e-04
 -1.62897e-04 -1.93361e-04 -2.23581e-04 -2.53547e-04 -2.83248e-04 -3.12673e-04
 -3.41807e-04 -3.70637e-04 -3.99152e-04 -4.27347e-04 -4.55215e-04 -4.82745e-04
 -5.09927e-04 -5.36750e-04 -5.63212e-04 -5.89309e-04 -6.15040e-04 -6.40398e-04
 -6.65377e-04 -6.89971e-04 -7.14176e-04 -7.37993e-04 -7.61422e-04 -7.84462e-04
 -8.07115e-04 -8.29380e-04 -8.51257e-04 -8.72750e-04 -8.93860e-04 -9.14589e-04
 -9.34937e-04 -9.54905e-04 -9.74500e-04 -9.93727e-04 -1.01259e-03 -1.03109e-03
 -1.04923e-03 -1.06701e-03 -1.08444e-03 -1.10152e-03 -1.11827e-03 -1.13469e-03
 -1.15079e-03 -1.16656e-03 -1.18201e-03 -1.19715e-03 -1.21198e-03 -1.22651e-03
 -1.24074e-03 -1.25468e-03 -1.26834e-03 -1.28172e-03 -1.29483e-03 -1.30767e-03
 -1.32024e-03 -1.33255e-03 -1.34461e-03 -1.35642e-03 -1.36799e-03 -1.37931e-03
 -1.39039e-03 -1.40124e-03 -1.41186e-03 -1.42225e-03 -1.43241e-03 -1.44235e-03
 -1.45207e-03 -1.46158e-03 -1.47088e-03 -1.47997e-03 -1.48884e-03 -1.49750e-03
 -1.50596e-03 -1.51421e-03 -1.52226e-03 -1.53009e-03 -1.53773e-03 -1.54517e-03
 -1.55241e-03 -1.55944e-03 -1.56627e-03 -1.57289e-03 -1.57930e-03 -1.58552e-03
 -1.59152e-03 -1.59731e-03 -1.60290e-03 -1.60827e-03 -1.61344e-03 -1.61840e-03
 -1.62314e-03 -1.62767e-03 -1.63198e-03 -1.63607e-03 -1.63994e-03 -1.64360e-03
 -1.64703e-03 -1.65023e-03 -1.65321e-03 -1.65596e-03 -1.65848e-03 -1.66077e-03
 -1.66283e-03 -1.66465e-03 -1.66623e-03 -1.66757e-03 -1.66867e-03 -1.66954e-03
 -1.67017e-03 -1.67055e-03 -1.67069e-03 -1.67059e-03 -1.67024e-03 -1.66964e-03
 -1.66880e-03 -1.66771e-03 -1.66637e-03 -1.66479e-03 -1.66295e-03 -1.66087e-03
 -1.65853e-03 -1.65595e-03 -1.65311e-03 -1.65001e-03 -1.64667e-03 -1.64307e-03
 -1.63922e-03 -1.63513e-03 -1.63078e-03 -1.62618e-03 -1.62133e-03 -1.61622e-03
 -1.61086e-03 -1.60525e-03 -1.59939e-03 -1.59327e-03 -1.58691e-03 -1.58028e-03
 -1.57341e-03 -1.56628e-03 -1.55889e-03 -1.55126e-03 -1.54336e-03 -1.53522e-03
 -1.52682e-03 -1.51816e-03 -1.50925e-03 -1.50008e-03 -1.49066e-03 -1.48097e-03
 -1.47101e-03 -1.46080e-03 -1.45032e-03 -1.43958e-03 -1.42857e-03 -1.41730e-03
 -1.40577e-03 -1.39396e-03 -1.38187e-03 -1.36952e-03 -1.35689e-03 -1.34398e-03
 -1.33080e-03 -1.31733e-03 -1.30358e-03 -1.28954e-03 -1.27522e-03 -1.26061e-03
 -1.24570e-03 -1.23051e-03 -1.21501e-03 -1.19923e-03 -1.18314e-03 -1.16675e-03
 -1.15007e-03 -1.13308e-03 -1.11579e-03 -1.09819e-03 -1.08027e-03 -1.06206e-03
 -1.04354e-03 -1.02471e-03 -1.00556e-03 -9.86109e-04 -9.66347e-04 -9.46277e-04
 -9.25897e-04 -9.05203e-04 -8.84198e-04 -8.62890e-04 -8.41281e-04 -8.19369e-04
 -7.97148e-04 -7.74621e-04 -7.51795e-04 -7.28677e-04 -7.05270e-04 -6.81573e-04
 -6.57588e-04 -6.33319e-04 -6.08774e-04 -5.83957e-04 -5.58869e-04 -5.33516e-04
 -5.07906e-04 -4.82046e-04 -4.55942e-04 -4.29601e-04 -4.03027e-04 -3.76228e-04
 -3.49210e-04 -3.21979e-04 -2.94544e-04 -2.66915e-04 -2.39100e-04 -2.11107e-04
 -1.82943e-04 -1.54618e-04 -1.26143e-04 -9.75284e-05 -6.87825e-05 -3.99133e-05
 -1.09297e-05  1.81566e-05  4.73332e-05  7.65899e-05  1.05918e-04  1.35308e-04
  1.64749e-04  1.94227e-04  2.23730e-04  2.53249e-04  2.82773e-04  3.12293e-04
  3.41796e-04  3.71270e-04  4.00704e-04  4.30088e-04  4.59413e-04  4.88668e-04
  5.17840e-04  5.46915e-04  5.75884e-04  6.04737e-04  6.33465e-04  6.62056e-04
  6.90499e-04  7.18781e-04  7.46893e-04  7.74827e-04  8.02574e-04  8.30124e-04
  8.57464e-04  8.84583e-04  9.11473e-04  9.38126e-04  9.64532e-04  9.90681e-04
  1.01656e-03  1.04217e-03  1.06750e-03  1.09253e-03  1.11726e-03  1.14169e-03
  1.16580e-03  1.18958e-03  1.21303e-03  1.23614e-03  1.25890e-03  1.28130e-03
  1.30335e-03  1.32502e-03  1.34632e-03  1.36724e-03  1.38776e-03  1.40789e-03
  1.42762e-03  1.44694e-03  1.46584e-03  1.48432e-03  1.50237e-03  1.51999e-03
  1.53717e-03  1.55391e-03  1.57019e-03  1.58602e-03  1.60140e-03  1.61630e-03
  1.63074e-03  1.64471e-03  1.65820e-03  1.67121e-03  1.68373e-03  1.69576e-03
  1.70729e-03  1.71832e-03  1.72886e-03  1.73889e-03  1.74841e-03  1.75741e-03
  1.76590e-03  1.77387e-03  1.78132e-03  1.78825e-03  1.79465e-03  1.80052e-03
  1.80586e-03  1.81067e-03  1.81495e-03  1.81869e-03  1.82190e-03  1.82456e-03
  1.82669e-03  1.82828e-03  1.82933e-03  1.82983e-03  1.82980e-03  1.82923e-03
  1.82812e-03  1.82647e-03  1.82429e-03  1.82156e-03  1.81830e-03  1.81450e-03
  1.81018e-03  1.80532e-03  1.79992e-03  1.79400e-03  1.78756e-03  1.78059e-03
  1.77311e-03  1.76512e-03  1.75661e-03  1.74759e-03  1.73807e-03  1.72805e-03
  1.71754e-03  1.70653e-03  1.69504e-03  1.68306e-03  1.67060e-03  1.65767e-03
  1.64429e-03  1.63044e-03  1.61615e-03  1.60140e-03  1.58621e-03  1.57058e-03
  1.55452e-03  1.53805e-03  1.52116e-03  1.50387e-03  1.48618e-03  1.46810e-03
  1.44964e-03  1.43081e-03  1.41161e-03  1.39204e-03  1.37213e-03  1.35187e-03
  1.33128e-03  1.31036e-03  1.28913e-03  1.26759e-03  1.24575e-03  1.22363e-03
  1.20123e-03  1.17855e-03  1.15561e-03  1.13242e-03  1.10899e-03  1.08533e-03
  1.06144e-03  1.03733e-03  1.01302e-03  9.88514e-04  9.63823e-04  9.38956e-04
  9.13921e-04  8.88727e-04  8.63385e-04  8.37906e-04  8.12301e-04  7.86579e-04
  7.60747e-04  7.34815e-04  7.08790e-04  6.82683e-04  6.56505e-04  6.30263e-04
  6.03966e-04  5.77622e-04  5.51240e-04  5.24832e-04  4.98408e-04  4.71976e-04
  4.45542e-04  4.19115e-04  3.92705e-04  3.66320e-04  3.39967e-04  3.13652e-04
  2.87380e-04  2.61163e-04  2.35009e-04  2.08927e-04  1.82924e-04  1.57008e-04
  1.31186e-04  1.05464e-04  7.98469e-05  5.43424e-05  2.89579e-05  3.70090e-06
 -2.14232e-05 -4.64100e-05 -7.12544e-05 -9.59483e-05 -1.20483e-04 -1.44852e-04
 -1.69051e-04 -1.93075e-04 -2.16922e-04 -2.40585e-04 -2.64058e-04 -2.87336e-04
 -3.10414e-04 -3.33287e-04 -3.55948e-04 -3.78390e-04 -4.00611e-04 -4.22606e-04
 -4.44370e-04 -4.65899e-04 -4.87187e-04 -5.08228e-04 -5.29021e-04 -5.49562e-04
 -5.69844e-04 -5.89863e-04 -6.09611e-04 -6.29085e-04 -6.48282e-04 -6.67195e-04
 -6.85821e-04 -7.04154e-04 -7.22190e-04 -7.39924e-04 -7.57350e-04 -7.74462e-04
 -7.91257e-04 -8.07733e-04 -8.23883e-04 -8.39699e-04 -8.55175e-04 -8.70305e-04
 -8.85085e-04 -8.99512e-04 -9.13580e-04 -9.27281e-04 -9.40609e-04 -9.53556e-04
 -9.66119e-04 -9.78294e-04 -9.90076e-04 -1.00146e-03 -1.01243e-03 -1.02300e-03
 -1.03314e-03 -1.04285e-03 -1.05214e-03 -1.06098e-03 -1.06939e-03 -1.07734e-03
 -1.08484e-03 -1.09188e-03 -1.09845e-03 -1.10455e-03 -1.11017e-03 -1.11531e-03
 -1.11996e-03 -1.12412e-03 -1.12778e-03 -1.13093e-03 -1.13358e-03 -1.13572e-03
 -1.13733e-03 -1.13843e-03 -1.13900e-03 -1.13904e-03 -1.13856e-03 -1.13753e-03
 -1.13598e-03 -1.13388e-03 -1.13124e-03 -1.12806e-03 -1.12434e-03 -1.12008e-03
 -1.11527e-03 -1.10992e-03 -1.10402e-03 -1.09759e-03 -1.09062e-03 -1.08310e-03
 -1.07505e-03 -1.06647e-03 -1.05736e-03 -1.04772e-03 -1.03756e-03 -1.02688e-03
 -1.01569e-03 -1.00400e-03 -9.91809e-04 -9.79133e-04 -9.65974e-04 -9.52341e-04
 -9.38243e-04 -9.23690e-04 -9.08692e-04 -8.93259e-04 -8.77401e-04 -8.61130e-04
 -8.44457e-04 -8.27398e-04 -8.09967e-04 -7.92178e-04 -7.74042e-04 -7.55574e-04
 -7.36789e-04 -7.17705e-04 -6.98339e-04 -6.78706e-04 -6.58821e-04 -6.38702e-04
 -6.18368e-04 -5.97837e-04 -5.77128e-04 -5.56256e-04 -5.35241e-04 -5.14105e-04
 -4.92868e-04 -4.71549e-04 -4.50166e-04 -4.28737e-04 -4.07285e-04 -3.85831e-04
 -3.64395e-04 -3.42998e-04 -3.21658e-04 -3.00394e-04 -2.79227e-04 -2.58179e-04
 -2.37270e-04 -2.16522e-04 -1.95953e-04 -1.75583e-04 -1.55429e-04 -1.35510e-04
 -1.15846e-04 -9.64569e-05 -7.73620e-05 -5.85769e-05 -4.01177e-05 -2.20022e-05
 -4.24887e-06  1.31254e-05  3.01065e-05  4.66819e-05  6.28376e-05  7.85584e-05
  9.38292e-05  1.08637e-04  1.22970e-04  1.36818e-04  1.50172e-04  1.63019e-04
  1.75352e-04  1.87160e-04  1.98433e-04  2.09166e-04  2.19352e-04  2.28989e-04
  2.38072e-04  2.46597e-04  2.54560e-04  2.61957e-04  2.68788e-04  2.75051e-04
  2.80747e-04  2.85876e-04  2.90441e-04  2.94445e-04  2.97890e-04  3.00781e-04
  3.03121e-04  3.04916e-04  3.06172e-04  3.06899e-04  3.07103e-04  3.06795e-04
  3.05982e-04  3.04673e-04  3.02880e-04  3.00616e-04  2.97892e-04  2.94719e-04
  2.91109e-04  2.87076e-04  2.82638e-04  2.77809e-04  2.72605e-04  2.67044e-04
  2.61143e-04  2.54919e-04  2.48387e-04  2.41561e-04  2.34461e-04  2.27108e-04
  2.19522e-04  2.11720e-04  2.03717e-04  1.95534e-04  1.87191e-04  1.78711e-04
  1.70114e-04  1.61419e-04  1.52646e-04  1.43813e-04  1.34938e-04  1.26042e-04
  1.17145e-04  1.08270e-04  9.94391e-05  9.06658e-05  8.19655e-05  7.33572e-05
  6.48643e-05  5.65092e-05  4.83088e-05  4.02760e-05  3.24246e-05  2.47721e-05
  1.73376e-05  1.01393e-05  3.19221e-06 -3.49055e-06 -9.89648e-06 -1.60126e-05
 -2.18253e-05 -2.73208e-05 -3.24870e-05 -3.73137e-05 -4.17915e-05 -4.59102e-05
 -4.96587e-05 -5.30281e-05 -5.60135e-05 -5.86118e-05 -6.08177e-05 -6.26225e-05
 -6.40192e-05 -6.50054e-05 -6.55827e-05 -6.57519e-05 -6.55097e-05 -6.48505e-05
 -6.37725e-05 -6.22794e-05 -6.03779e-05 -5.80734e-05 -5.53675e-05 -5.22613e-05
 -4.87590e-05 -4.48692e-05 -4.06027e-05 -3.59688e-05 -3.09741e-05 -2.56246e-05
 -1.99298e-05 -1.39026e-05 -7.55655e-06 -9.02590e-07  6.05000e-06  1.32900e-05
  2.08019e-05  2.85686e-05  3.65729e-05  4.47993e-05  5.32323e-05  6.18551e-05
  7.06503e-05  7.96010e-05  8.86902e-05  9.79009e-05  1.07215e-04  1.16613e-04
  1.26076e-04  1.35585e-04  1.45119e-04  1.54658e-04  1.64182e-04  1.73674e-04
  1.83114e-04  1.92479e-04  2.01750e-04  2.10907e-04  2.19932e-04  2.28806e-04
  2.37510e-04  2.46022e-04  2.54326e-04  2.62405e-04  2.70242e-04  2.77816e-04
  2.85109e-04  2.92103e-04  2.98781e-04  3.05130e-04  3.11131e-04  3.16769e-04
  3.22029e-04  3.26897e-04  3.31361e-04  3.35408e-04  3.39029e-04  3.42210e-04
  3.44941e-04  3.47210e-04  3.49007e-04  3.50325e-04  3.51156e-04  3.51491e-04
  3.51322e-04  3.50645e-04  3.49459e-04  3.47761e-04  3.45546e-04  3.42809e-04
  3.39548e-04  3.35762e-04  3.31456e-04  3.26630e-04  3.21284e-04  3.15420e-04
  3.09043e-04  3.02157e-04  2.94767e-04  2.86878e-04  2.78495e-04  2.69629e-04
  2.60287e-04  2.50478e-04  2.40209e-04  2.29490e-04  2.18336e-04  2.06757e-04
  1.94766e-04  1.82373e-04  1.69591e-04  1.56435e-04  1.42921e-04  1.29066e-04
  1.14882e-04  1.00387e-04  8.55974e-05  7.05322e-05  5.52086e-05  3.96428e-05
  2.38513e-05  7.85230e-06 -8.33429e-06 -2.46884e-05 -4.11914e-05 -5.78250e-05
 -7.45707e-05 -9.14081e-05 -1.08316e-04 -1.25275e-04 -1.42265e-04 -1.59267e-04
 -1.76261e-04 -1.93227e-04 -2.10142e-04 -2.26988e-04 -2.43746e-04 -2.60396e-04
 -2.76921e-04 -2.93300e-04 -3.09515e-04 -3.25546e-04 -3.41375e-04 -3.56983e-04
 -3.72352e-04 -3.87465e-04 -4.02306e-04 -4.16858e-04 -4.31105e-04 -4.45030e-04
 -4.58617e-04 -4.71851e-04 -4.84719e-04 -4.97207e-04 -5.09302e-04 -5.20992e-04
 -5.32264e-04 -5.43105e-04 -5.53501e-04 -5.63444e-04 -5.72924e-04 -5.81933e-04
 -5.90464e-04 -5.98504e-04 -6.06043e-04 -6.13075e-04 -6.19597e-04 -6.25605e-04
 -6.31094e-04 -6.36058e-04 -6.40490e-04 -6.44387e-04 -6.47749e-04 -6.50573e-04
 -6.52860e-04 -6.54608e-04 -6.55815e-04 -6.56481e-04 -6.56609e-04 -6.56203e-04
 -6.55265e-04 -6.53799e-04 -6.51807e-04 -6.49293e-04 -6.46263e-04 -6.42722e-04
 -6.38674e-04 -6.34125e-04 -6.29083e-04 -6.23557e-04 -6.17557e-04 -6.11091e-04
 -6.04165e-04 -5.96788e-04 -5.88972e-04 -5.80728e-04 -5.72066e-04 -5.62997e-04
 -5.53529e-04 -5.43676e-04 -5.33450e-04 -5.22864e-04 -5.11930e-04 -5.00660e-04
 -4.89067e-04 -4.77163e-04 -4.64961e-04 -4.52476e-04 -4.39725e-04 -4.26721e-04
 -4.13476e-04 -4.00001e-04 -3.86311e-04 -3.72419e-04 -3.58342e-04 -3.44094e-04
 -3.29686e-04 -3.15131e-04 -3.00441e-04 -2.85634e-04 -2.70722e-04 -2.55722e-04
 -2.40643e-04 -2.25500e-04 -2.10306e-04 -1.95074e-04 -1.79817e-04 -1.64544e-04
 -1.49265e-04 -1.33993e-04 -1.18742e-04 -1.03526e-04 -8.83521e-05 -7.32299e-05
 -5.81672e-05 -4.31753e-05 -2.82666e-05 -1.34516e-05  1.26156e-06  1.58658e-05
  3.03535e-05  4.47159e-05  5.89448e-05  7.30333e-05  8.69750e-05  1.00763e-04
  1.14391e-04  1.27853e-04  1.41145e-04  1.54260e-04  1.67195e-04  1.79944e-04
  1.92502e-04  2.04869e-04  2.17043e-04  2.29019e-04  2.40792e-04  2.52360e-04
  2.63720e-04  2.74874e-04  2.85820e-04  2.96555e-04  3.07077e-04  3.17384e-04
  3.27476e-04  3.37355e-04  3.47020e-04  3.56472e-04  3.65713e-04  3.74742e-04
  3.83560e-04  3.92170e-04  4.00569e-04  4.08762e-04  4.16748e-04  4.24529e-04
  4.32107e-04  4.39483e-04  4.46662e-04  4.53647e-04  4.60443e-04  4.67049e-04
  4.73467e-04  4.79700e-04  4.85752e-04  4.91627e-04  4.97327e-04  5.02855e-04
  5.08213e-04  5.13406e-04  5.18439e-04  5.23312e-04  5.28030e-04  5.32596e-04
  5.37018e-04  5.41301e-04  5.45447e-04  5.49457e-04  5.53335e-04  5.57086e-04
  5.60715e-04  5.64227e-04  5.67625e-04  5.70913e-04  5.74094e-04  5.77176e-04
  5.80162e-04  5.83058e-04  5.85867e-04  5.88592e-04  5.91238e-04  5.93811e-04
  5.96315e-04  5.98755e-04  6.01134e-04  6.03457e-04  6.05729e-04  6.07956e-04
  6.10142e-04  6.12294e-04  6.14414e-04  6.16507e-04  6.18578e-04  6.20630e-04
  6.22667e-04  6.24696e-04  6.26719e-04  6.28742e-04  6.30769e-04  6.32804e-04
  6.34854e-04  6.36923e-04  6.39013e-04  6.41127e-04  6.43269e-04  6.45444e-04
  6.47656e-04  6.49908e-04  6.52204e-04  6.54543e-04  6.56931e-04  6.59371e-04
  6.61866e-04  6.64419e-04  6.67028e-04  6.69697e-04  6.72429e-04  6.75226e-04
  6.78090e-04  6.81020e-04  6.84016e-04  6.87081e-04  6.90218e-04  6.93428e-04
  6.96706e-04  7.00048e-04  7.03452e-04  7.06920e-04  7.10453e-04  7.14049e-04
  7.17702e-04  7.21410e-04  7.25170e-04  7.28981e-04  7.32841e-04  7.36744e-04
  7.40683e-04  7.44655e-04  7.48654e-04  7.52678e-04  7.56720e-04  7.60774e-04
  7.64830e-04  7.68883e-04  7.72927e-04  7.76957e-04  7.80963e-04  7.84937e-04
  7.88870e-04  7.92754e-04  7.96581e-04  8.00342e-04  8.04026e-04  8.07622e-04
  8.11123e-04  8.14520e-04  8.17803e-04  8.20960e-04  8.23979e-04  8.26851e-04
  8.29568e-04  8.32118e-04  8.34487e-04  8.36662e-04  8.38632e-04  8.40391e-04
  8.41929e-04  8.43235e-04  8.44294e-04  8.45093e-04  8.45623e-04  8.45875e-04
  8.45839e-04  8.45504e-04  8.44858e-04  8.43889e-04  8.42587e-04  8.40942e-04
  8.38946e-04  8.36590e-04  8.33863e-04  8.30757e-04  8.27264e-04  8.23376e-04
  8.19086e-04  8.14384e-04  8.09261e-04  8.03713e-04  7.97731e-04  7.91311e-04
  7.84445e-04  7.77128e-04  7.69356e-04  7.61124e-04  7.52432e-04  7.43276e-04
  7.33650e-04  7.23551e-04  7.12978e-04  7.01930e-04  6.90407e-04  6.78408e-04
  6.65931e-04  6.52976e-04  6.39545e-04  6.25641e-04  6.11268e-04  5.96429e-04
  5.81126e-04  5.65362e-04  5.49141e-04  5.32468e-04  5.15350e-04  4.97791e-04
  4.79795e-04  4.61371e-04  4.42528e-04  4.23276e-04  4.03621e-04  3.83569e-04
  3.63129e-04  3.42312e-04  3.21130e-04  2.99594e-04  2.77712e-04  2.55494e-04
  2.32952e-04  2.10100e-04  1.86951e-04  1.63518e-04  1.39815e-04  1.15853e-04
  9.16438e-05  6.72016e-05  4.25408e-05  1.76782e-05 -7.37008e-06 -3.25904e-05
 -5.79704e-05 -8.34963e-05 -1.09151e-04 -1.34917e-04 -1.60777e-04 -1.86717e-04
 -2.12724e-04 -2.38784e-04 -2.64878e-04 -2.90989e-04 -3.17100e-04 -3.43196e-04
 -3.69264e-04 -3.95286e-04 -4.21246e-04 -4.47124e-04 -4.72905e-04 -4.98574e-04
 -5.24120e-04 -5.49526e-04 -5.74777e-04 -5.99855e-04 -6.24745e-04 -6.49433e-04
 -6.73907e-04 -6.98150e-04 -7.22147e-04 -7.45882e-04 -7.69342e-04 -7.92513e-04
 -8.15386e-04 -8.37945e-04 -8.60177e-04 -8.82066e-04 -9.03600e-04 -9.24769e-04
 -9.45562e-04 -9.65970e-04 -9.85978e-04 -1.00557e-03 -1.02474e-03 -1.04348e-03
 -1.06178e-03 -1.07963e-03 -1.09702e-03 -1.11394e-03 -1.13039e-03 -1.14635e-03
 -1.16182e-03 -1.17679e-03 -1.19125e-03 -1.20520e-03 -1.21863e-03 -1.23154e-03
 -1.24392e-03 -1.25576e-03 -1.26706e-03 -1.27782e-03 -1.28804e-03 -1.29770e-03
 -1.30681e-03 -1.31537e-03 -1.32337e-03 -1.33081e-03 -1.33769e-03 -1.34402e-03
 -1.34978e-03 -1.35499e-03 -1.35963e-03 -1.36371e-03 -1.36724e-03 -1.37021e-03
 -1.37263e-03 -1.37450e-03 -1.37581e-03 -1.37659e-03 -1.37682e-03 -1.37651e-03
 -1.37567e-03 -1.37430e-03 -1.37240e-03 -1.36999e-03 -1.36706e-03 -1.36363e-03
 -1.35969e-03 -1.35526e-03 -1.35034e-03 -1.34494e-03 -1.33906e-03 -1.33272e-03
 -1.32592e-03 -1.31866e-03 -1.31096e-03 -1.30283e-03 -1.29428e-03 -1.28530e-03
 -1.27592e-03 -1.26613e-03 -1.25596e-03 -1.24540e-03 -1.23447e-03 -1.22318e-03
 -1.21153e-03 -1.19955e-03 -1.18722e-03 -1.17458e-03 -1.16162e-03 -1.14835e-03
 -1.13479e-03 -1.12095e-03 -1.10683e-03 -1.09244e-03 -1.07780e-03 -1.06292e-03
 -1.04780e-03 -1.03246e-03 -1.01690e-03 -1.00113e-03 -9.85159e-04 -9.69005e-04
 -9.52674e-04 -9.36175e-04 -9.19514e-04 -9.02700e-04 -8.85744e-04 -8.68656e-04
 -8.51445e-04 -8.34117e-04 -8.16680e-04 -7.99143e-04 -7.81513e-04 -7.63799e-04
 -7.46009e-04 -7.28148e-04 -7.10225e-04 -6.92249e-04 -6.74227e-04 -6.56164e-04
 -6.38067e-04 -6.19943e-04 -6.01796e-04 -5.83634e-04 -5.65463e-04 -5.47291e-04
 -5.29122e-04 -5.10962e-04 -4.92815e-04 -4.74687e-04 -4.56583e-04 -4.38509e-04
 -4.20469e-04 -4.02468e-04 -3.84512e-04 -3.66604e-04 -3.48750e-04 -3.30952e-04
 -3.13214e-04 -2.95540e-04 -2.77933e-04 -2.60399e-04 -2.42943e-04 -2.25568e-04
 -2.08275e-04 -1.91068e-04 -1.73951e-04 -1.56929e-04 -1.40007e-04 -1.23187e-04
 -1.06468e-04 -8.98501e-05 -7.33387e-05 -5.69416e-05 -4.06651e-05 -2.45104e-05
 -8.47600e-06  7.43835e-06  2.32288e-05  3.88893e-05  5.44154e-05  6.98052e-05
  8.50581e-05  1.00173e-04  1.15146e-04  1.29975e-04  1.44657e-04  1.59189e-04
  1.73569e-04  1.87793e-04  2.01861e-04  2.15770e-04  2.29519e-04  2.43104e-04
  2.56523e-04  2.69773e-04  2.82853e-04  2.95762e-04  3.08499e-04  3.21061e-04
  3.33447e-04  3.45654e-04  3.57679e-04  3.69522e-04  3.81183e-04  3.92660e-04
  4.03952e-04  4.15057e-04  4.25972e-04  4.36697e-04  4.47231e-04  4.57576e-04
  4.67730e-04  4.77691e-04  4.87457e-04  4.97029e-04  5.06407e-04  5.15589e-04
  5.24577e-04  5.33369e-04  5.41966e-04  5.50367e-04  5.58574e-04  5.66585e-04
  5.74401e-04  5.82024e-04  5.89456e-04  5.96698e-04  6.03747e-04  6.10603e-04
  6.17269e-04  6.23748e-04  6.30042e-04  6.36148e-04  6.42069e-04  6.47804e-04
  6.53357e-04  6.58730e-04  6.63925e-04  6.68941e-04  6.73780e-04  6.78442e-04
  6.82932e-04  6.87253e-04  6.91407e-04  6.95395e-04  6.99218e-04  7.02877e-04
  7.06374e-04  7.09713e-04  7.12896e-04  7.15924e-04  7.18800e-04  7.21525e-04
  7.24101e-04  7.26531e-04  7.28817e-04  7.30962e-04  7.32969e-04  7.34839e-04
  7.36571e-04  7.38167e-04  7.39630e-04  7.40964e-04  7.42170e-04  7.43251e-04
  7.44207e-04  7.45039e-04  7.45749e-04  7.46340e-04  7.46813e-04  7.47170e-04
  7.47413e-04  7.47542e-04  7.47560e-04  7.47466e-04  7.47262e-04  7.46951e-04
  7.46535e-04  7.46013e-04  7.45385e-04  7.44651e-04  7.43815e-04  7.42876e-04
  7.41838e-04  7.40698e-04  7.39458e-04  7.38119e-04  7.36681e-04  7.35146e-04
  7.33512e-04  7.31782e-04  7.29958e-04  7.28040e-04  7.26027e-04  7.23918e-04
  7.21714e-04  7.19414e-04  7.17022e-04  7.14537e-04  7.11958e-04  7.09285e-04
  7.06519e-04  7.03661e-04  7.00712e-04  6.97672e-04  6.94539e-04  6.91315e-04
  6.88000e-04  6.84596e-04  6.81102e-04  6.77518e-04  6.73844e-04  6.70081e-04
  6.66231e-04  6.62294e-04  6.58272e-04  6.54164e-04  6.49971e-04  6.45692e-04
  6.41331e-04  6.36888e-04  6.32364e-04  6.27760e-04  6.23076e-04  6.18313e-04
  6.13473e-04  6.08558e-04  6.03568e-04  5.98505e-04  5.93372e-04  5.88170e-04
  5.82900e-04  5.77563e-04  5.72161e-04  5.66698e-04  5.61174e-04  5.55592e-04
  5.49955e-04  5.44265e-04  5.38523e-04  5.32734e-04  5.26896e-04  5.21014e-04
  5.15089e-04  5.09127e-04  5.03128e-04  4.97096e-04  4.91030e-04  4.84936e-04
  4.78817e-04  4.72678e-04  4.66519e-04  4.60339e-04  4.54141e-04  4.47932e-04
  4.41715e-04  4.35494e-04  4.29269e-04  4.23042e-04  4.16818e-04  4.10601e-04
  4.04395e-04  3.98201e-04  3.92019e-04  3.85854e-04  3.79710e-04  3.73590e-04
  3.67494e-04  3.61424e-04  3.55383e-04  3.49376e-04  3.43406e-04  3.37474e-04
  3.31581e-04  3.25729e-04  3.19919e-04  3.14155e-04  3.08438e-04  3.02770e-04
  2.97152e-04  2.91586e-04  2.86072e-04  2.80612e-04  2.75208e-04  2.69861e-04
  2.64572e-04  2.59341e-04  2.54167e-04  2.49051e-04  2.43994e-04  2.38999e-04
  2.34064e-04  2.29188e-04  2.24368e-04  2.19606e-04  2.14902e-04  2.10257e-04
  2.05671e-04  2.01140e-04  1.96662e-04  1.92236e-04  1.87862e-04  1.83539e-04
  1.79268e-04  1.75044e-04  1.70865e-04  1.66728e-04  1.62632e-04  1.58577e-04
  1.54562e-04  1.50583e-04  1.46635e-04  1.42715e-04  1.38822e-04  1.34954e-04
  1.31110e-04  1.27285e-04  1.23475e-04  1.19678e-04  1.15891e-04  1.12113e-04
  1.08341e-04  1.04569e-04  1.00795e-04  9.70163e-05  9.32301e-05  8.94339e-05
  8.56243e-05  8.17978e-05  7.79508e-05  7.40809e-05  7.01859e-05  6.62636e-05
  6.23107e-05  5.83234e-05  5.42984e-05  5.02333e-05  4.61267e-05  4.19771e-05
  3.77817e-05  3.35372e-05  2.92404e-05  2.48891e-05  2.04817e-05  1.60168e-05
  1.14933e-05  6.90886e-06  2.26049e-06 -2.45414e-06 -7.23603e-06 -1.20847e-05
 -1.70002e-05 -2.19847e-05 -2.70411e-05 -3.21719e-05 -3.73769e-05 -4.26543e-05
 -4.80035e-05 -5.34254e-05 -5.89216e-05 -6.44927e-05 -7.01381e-05 -7.58577e-05
 -8.16514e-05 -8.75193e-05 -9.34607e-05 -9.94742e-05 -1.05559e-04 -1.11714e-04
 -1.17940e-04 -1.24236e-04 -1.30601e-04 -1.37032e-04 -1.43527e-04 -1.50085e-04
 -1.56706e-04 -1.63389e-04 -1.70132e-04 -1.76931e-04 -1.83785e-04 -1.90693e-04
 -1.97652e-04 -2.04659e-04 -2.11710e-04 -2.18803e-04 -2.25937e-04 -2.33110e-04
 -2.40318e-04 -2.47559e-04 -2.54828e-04 -2.62124e-04 -2.69445e-04 -2.76788e-04
 -2.84150e-04 -2.91524e-04 -2.98910e-04 -3.06303e-04 -3.13702e-04 -3.21104e-04
 -3.28505e-04 -3.35901e-04 -3.43288e-04 -3.50661e-04 -3.58019e-04 -3.65357e-04
 -3.72673e-04 -3.79962e-04 -3.87218e-04 -3.94438e-04 -4.01621e-04 -4.08763e-04
 -4.15859e-04 -4.22905e-04 -4.29896e-04 -4.36830e-04 -4.43703e-04 -4.50510e-04
 -4.57246e-04 -4.63907e-04 -4.70490e-04 -4.76992e-04 -4.83410e-04 -4.89738e-04
 -4.95972e-04 -5.02106e-04 -5.08139e-04 -5.14066e-04 -5.19883e-04 -5.25587e-04
 -5.31173e-04 -5.36636e-04 -5.41973e-04 -5.47181e-04 -5.52257e-04 -5.57197e-04
 -5.61998e-04 -5.66655e-04 -5.71162e-04 -5.75515e-04 -5.79713e-04 -5.83754e-04
 -5.87635e-04 -5.91352e-04 -5.94898e-04 -5.98271e-04 -6.01470e-04 -6.04494e-04
 -6.07340e-04 -6.10003e-04 -6.12477e-04 -6.14761e-04 -6.16852e-04 -6.18752e-04
 -6.20457e-04 -6.21965e-04 -6.23272e-04 -6.24375e-04 -6.25275e-04 -6.25970e-04
 -6.26459e-04 -6.26740e-04 -6.26809e-04 -6.26667e-04 -6.26313e-04 -6.25745e-04
 -6.24964e-04 -6.23967e-04 -6.22755e-04 -6.21329e-04 -6.19689e-04 -6.17832e-04
 -6.15759e-04 -6.13472e-04 -6.10971e-04 -6.08258e-04 -6.05332e-04 -6.02193e-04
 -5.98842e-04 -5.95281e-04 -5.91511e-04 -5.87534e-04 -5.83351e-04 -5.78963e-04
 -5.74375e-04 -5.69590e-04 -5.64611e-04 -5.59436e-04 -5.54068e-04 -5.48508e-04
 -5.42761e-04 -5.36832e-04 -5.30723e-04 -5.24436e-04 -5.17974e-04 -5.11341e-04
 -5.04540e-04 -4.97578e-04 -4.90457e-04 -4.83180e-04 -4.75750e-04 -4.68172e-04
 -4.60449e-04 -4.52588e-04 -4.44591e-04 -4.36464e-04 -4.28209e-04 -4.19832e-04
 -4.11337e-04 -4.02730e-04 -3.94015e-04 -3.85197e-04 -3.76280e-04 -3.67268e-04
 -3.58167e-04 -3.48981e-04 -3.39715e-04 -3.30374e-04 -3.20963e-04 -3.11485e-04
 -3.01946e-04 -2.92350e-04 -2.82704e-04 -2.73012e-04 -2.63277e-04 -2.53505e-04
 -2.43700e-04 -2.33868e-04 -2.24013e-04 -2.14141e-04 -2.04254e-04 -1.94357e-04
 -1.84452e-04 -1.74546e-04 -1.64643e-04 -1.54748e-04 -1.44865e-04 -1.34999e-04
 -1.25153e-04 -1.15331e-04 -1.05537e-04 -9.57746e-05 -8.60477e-05 -7.63587e-05
 -6.67108e-05 -5.71080e-05 -4.75550e-05 -3.80558e-05 -2.86135e-05 -1.92303e-05
 -9.90883e-06 -6.52486e-07  8.53542e-06  1.76519e-05  2.66946e-05  3.56614e-05
  4.45499e-05  5.33573e-05  6.20812e-05  7.07189e-05  7.92683e-05  8.77266e-05
  9.60910e-05  1.04360e-04  1.12533e-04  1.20608e-04  1.28582e-04  1.36453e-04
  1.44216e-04  1.51873e-04  1.59423e-04  1.66865e-04  1.74196e-04  1.81414e-04
  1.88516e-04  1.95503e-04  2.02376e-04  2.09131e-04  2.15765e-04  2.22279e-04
  2.28671e-04  2.34940e-04  2.41086e-04  2.47106e-04  2.53000e-04  2.58767e-04
  2.64405e-04  2.69914e-04  2.75293e-04  2.80543e-04  2.85661e-04  2.90648e-04
  2.95500e-04  3.00216e-04  3.04798e-04  3.09245e-04  3.13557e-04  3.17731e-04
  3.21769e-04  3.25668e-04  3.29428e-04  3.33048e-04  3.36528e-04  3.39868e-04
  3.43068e-04  3.46129e-04  3.49046e-04  3.51821e-04  3.54451e-04  3.56940e-04
  3.59287e-04  3.61491e-04  3.63552e-04  3.65467e-04  3.67238e-04  3.68865e-04
  3.70349e-04  3.71689e-04  3.72886e-04  3.73938e-04  3.74848e-04  3.75615e-04
  3.76238e-04  3.76717e-04  3.77052e-04  3.77246e-04  3.77300e-04  3.77213e-04
  3.76986e-04  3.76618e-04  3.76111e-04  3.75466e-04  3.74685e-04  3.73768e-04
  3.72715e-04  3.71527e-04  3.70206e-04  3.68753e-04  3.67169e-04  3.65456e-04
  3.63615e-04  3.61649e-04  3.59557e-04  3.57341e-04  3.55002e-04  3.52544e-04
  3.49968e-04  3.47277e-04  3.44471e-04  3.41551e-04  3.38520e-04  3.35381e-04
  3.32137e-04  3.28790e-04  3.25340e-04  3.21790e-04  3.18141e-04  3.14398e-04
  3.10562e-04  3.06635e-04  3.02618e-04  2.98514e-04  2.94328e-04  2.90063e-04
  2.85721e-04  2.81305e-04  2.76815e-04  2.72254e-04  2.67625e-04  2.62931e-04
  2.58174e-04  2.53356e-04  2.48478e-04  2.43544e-04  2.38559e-04  2.33525e-04
  2.28443e-04  2.23313e-04  2.18140e-04  2.12925e-04  2.07673e-04  2.02386e-04
  1.97064e-04  1.91709e-04  1.86322e-04  1.80907e-04  1.75466e-04  1.70001e-04
  1.64512e-04  1.59003e-04  1.53477e-04  1.47933e-04  1.42374e-04  1.36799e-04
  1.31210e-04  1.25612e-04  1.20004e-04  1.14387e-04  1.08760e-04  1.03124e-04
  9.74812e-05  9.18343e-05  8.61836e-05  8.05290e-05  7.48702e-05  6.92080e-05
  6.35436e-05  5.78778e-05  5.22110e-05  4.65437e-05  4.08753e-05  3.52054e-05
  2.95334e-05  2.38595e-05  1.81843e-05  1.25087e-05  6.83208e-06  1.15390e-06
 -4.52679e-06 -1.02100e-05 -1.58958e-05 -2.15842e-05 -2.72755e-05 -3.29705e-05
 -3.86700e-05 -4.43747e-05 -5.00845e-05 -5.57996e-05 -6.15200e-05 -6.72467e-05
 -7.29805e-05 -7.87216e-05 -8.44691e-05 -9.02227e-05 -9.59829e-05 -1.01752e-04
 -1.07530e-04 -1.13317e-04 -1.19114e-04 -1.24918e-04 -1.30732e-04 -1.36554e-04
 -1.42384e-04 -1.48221e-04 -1.54064e-04 -1.59913e-04 -1.65768e-04 -1.71627e-04
 -1.77490e-04 -1.83355e-04 -1.89222e-04 -1.95090e-04 -2.00957e-04 -2.06822e-04
 -2.12682e-04 -2.18537e-04 -2.24384e-04 -2.30222e-04 -2.36045e-04 -2.41850e-04
 -2.47638e-04 -2.53407e-04 -2.59154e-04 -2.64874e-04 -2.70562e-04 -2.76216e-04
 -2.81834e-04 -2.87414e-04 -2.92952e-04 -2.98440e-04 -3.03875e-04 -3.09251e-04
 -3.14567e-04 -3.19817e-04 -3.24996e-04 -3.22021e-04 -3.03120e-04 -2.69969e-04
 -2.25743e-04 -1.74827e-04 -1.22408e-04 -7.39594e-05 -3.46888e-05 -8.99516e-06
  0.00000e+00  0.00000e+00  0.00000e+00  0.00000e+00  0.00000e+00  0.00000e+00
  0.00000e+00  0.00000e+00  0.00000e+00  0.00000e+00  0.00000e+00  0.00000e+00
  0.00000e+00  0.00000e+00  0.00000e+00  0.00000e+00  0.00000e+00  0.00000e+00
  0.00000e+00  0.00000e+00  0.00000e+00  0.00000e+00  0.00000e+00  0.00000e+00
  0.00000e+00  0.00000e+00  0.00000e+00  0.00000e+00  0.00000e+00  0.00000e+00
  0.00000e+00  0.00000e+00  0.00000e+00  0.00000e+00  0.00000e+00  0.00000e+00
  0.00000e+00  0.00000e+00  0.00000e+00  0.00000e+00  0.00000e+00  0.00000e+00
  0.00000e+00  0.00000e+00  0.00000e+00  0.00000e+00  0.00000e+00  0.00000e+00
  0.00000e+00  0.00000e+00  0.00000e+00  0.00000e+00  0.00000e+00  0.00000e+00
  0.00000e+00  0.00000e+00  0.00000e+00  0.00000e+00  0.00000e+00  0.00000e+00
  0.00000e+00  0.00000e+00  0.00000e+00  0.00000e+00  0.00000e+00  0.00000e+00
  0.00000e+00  0.00000e+00  0.00000e+00  0.00000e+00  0.00000e+00  0.00000e+00
  0.00000e+00  0.00000e+00  0.00000e+00  0.00000e+00  0.00000e+00  0.00000e+00
  0.00000e+00  0.00000e+00  0.00000e+00  0.00000e+00  0.00000e+00  0.00000e+00
  0.00000e+00  0.00000e+00  0.00000e+00  0.00000e+00  0.00000e+00  0.00000e+00
  0.00000e+00  0.00000e+00  0.00000e+00  0.00000e+00  0.00000e+00  0.00000e+00
  0.00000e+00  0.00000e+00  0.00000e+00  0.00000e+00  0.00000e+00  0.00000e+00
  0.00000e+00  0.00000e+00  0.00000e+00  0.00000e+00  0.00000e+00  0.00000e+00
  0.00000e+00  0.00000e+00  0.00000e+00  0.00000e+00  0.00000e+00  0.00000e+00
  0.00000e+00  0.00000e+00  0.00000e+00  0.00000e+00  0.00000e+00  0.00000e+00
  0.00000e+00  0.00000e+00  0.00000e+00  0.00000e+00  0.00000e+00  0.00000e+00
  0.00000e+00  0.00000e+00  0.00000e+00  0.00000e+00  0.00000e+00  0.00000e+00
  0.00000e+00  0.00000e+00  0.00000e+00  0.00000e+00  0.00000e+00  0.00000e+00
  0.00000e+00  0.00000e+00  0.00000e+00  0.00000e+00  0.00000e+00  0.00000e+00
  0.00000e+00  0.00000e+00  0.00000e+00  0.00000e+00  0.00000e+00  0.00000e+00
  0.00000e+00  0.00000e+00  0.00000e+00  0.00000e+00  0.00000e+00  0.00000e+00
  0.00000e+00  0.00000e+00  0.00000e+00  0.00000e+00  0.00000e+00  0.00000e+00
  0.00000e+00  0.00000e+00  0.00000e+00  0.00000e+00  0.00000e+00  0.00000e+00
  0.00000e+00  0.00000e+00  0.00000e+00  0.00000e+00  0.00000e+00  0.00000e+00
  0.00000e+00  0.00000e+00  0.00000e+00  0.00000e+00  0.00000e+00  0.00000e+00
  0.00000e+00  0.00000e+00  0.00000e+00  0.00000e+00  0.00000e+00  0.00000e+00
  0.00000e+00  0.00000e+00  0.00000e+00  0.00000e+00  0.00000e+00  0.00000e+00
  0.00000e+00  0.00000e+00  0.00000e+00  0.00000e+00  0.00000e+00  0.00000e+00
  0.00000e+00  0.00000e+00  0.00000e+00  0.00000e+00  0.00000e+00  0.00000e+00
  0.00000e+00  0.00000e+00  0.00000e+00  0.00000e+00  0.00000e+00  0.00000e+00
  0.00000e+00  0.00000e+00  0.00000e+00  0.00000e+00  0.00000e+00  0.00000e+00
  0.00000e+00  0.00000e+00  0.00000e+00  0.00000e+00  0.00000e+00  0.00000e+00
  0.00000e+00  0.00000e+00  0.00000e+00  0.00000e+00  0.00000e+00  0.00000e+00
  0.00000e+00  0.00000e+00  0.00000e+00  0.00000e+00  0.00000e+00  0.00000e+00
  0.00000e+00  0.00000e+00  0.00000e+00  0.00000e+00  0.00000e+00  0.00000e+00
  0.00000e+00  0.00000e+00  0.00000e+00  0.00000e+00  0.00000e+00  0.00000e+00
  0.00000e+00  0.00000e+00  0.00000e+00  0.00000e+00  0.00000e+00  0.00000e+00
  0.00000e+00  0.00000e+00  0.00000e+00  0.00000e+00  0.00000e+00  0.00000e+00
  0.00000e+00  0.00000e+00  0.00000e+00  0.00000e+00  0.00000e+00  0.00000e+00
  0.00000e+00  0.00000e+00  0.00000e+00  0.00000e+00  0.00000e+00  0.00000e+00
  0.00000e+00  0.00000e+00  0.00000e+00  0.00000e+00  0.00000e+00  0.00000e+00
  0.00000e+00  0.00000e+00  0.00000e+00  0.00000e+00  0.00000e+00  0.00000e+00
  0.00000e+00  0.00000e+00  0.00000e+00  0.00000e+00  0.00000e+00  0.00000e+00
  0.00000e+00  0.00000e+00  0.00000e+00  0.00000e+00  0.00000e+00  0.00000e+00
  0.00000e+00  0.00000e+00  0.00000e+00  0.00000e+00  0.00000e+00  0.00000e+00
  0.00000e+00  0.00000e+00  0.00000e+00  0.00000e+00  0.00000e+00  0.00000e+00
  0.00000e+00  0.00000e+00  0.00000e+00  0.00000e+00  0.00000e+00  0.00000e+00
  0.00000e+00  0.00000e+00  0.00000e+00  0.00000e+00  0.00000e+00  0.00000e+00
  0.00000e+00  0.00000e+00  0.00000e+00  0.00000e+00  0.00000e+00  0.00000e+00
  0.00000e+00  0.00000e+00  0.00000e+00  0.00000e+00  0.00000e+00  0.00000e+00
  0.00000e+00  0.00000e+00  0.00000e+00  0.00000e+00  0.00000e+00  0.00000e+00
  0.00000e+00  0.00000e+00  0.00000e+00  0.00000e+00  0.00000e+00  0.00000e+00
  0.00000e+00  0.00000e+00  0.00000e+00  0.00000e+00  0.00000e+00  0.00000e+00
  0.00000e+00  0.00000e+00  0.00000e+00  0.00000e+00  0.00000e+00  0.00000e+00
  0.00000e+00  0.00000e+00  0.00000e+00  0.00000e+00  0.00000e+00  0.00000e+00
  0.00000e+00  0.00000e+00  0.00000e+00  0.00000e+00  0.00000e+00  0.00000e+00
  0.00000e+00  0.00000e+00  0.00000e+00  0.00000e+00  0.00000e+00  0.00000e+00
  0.00000e+00  0.00000e+00  0.00000e+00  0.00000e+00  0.00000e+00  0.00000e+00
  0.00000e+00  0.00000e+00  0.00000e+00  0.00000e+00  0.00000e+00  0.00000e+00
  0.00000e+00  0.00000e+00  0.00000e+00  0.00000e+00  0.00000e+00  0.00000e+00
  0.00000e+00  0.00000e+00  0.00000e+00  0.00000e+00  0.00000e+00  0.00000e+00
  0.00000e+00  0.00000e+00  0.00000e+00  0.00000e+00  0.00000e+00  0.00000e+00
  0.00000e+00  0.00000e+00  0.00000e+00  0.00000e+00  0.00000e+00  0.00000e+00
  0.00000e+00  0.00000e+00  0.00000e+00  0.00000e+00  0.00000e+00  0.00000e+00
  0.00000e+00  0.00000e+00  0.00000e+00  0.00000e+00  0.00000e+00  0.00000e+00
  0.00000e+00  0.00000e+00  0.00000e+00  0.00000e+00  0.00000e+00  0.00000e+00
  0.00000e+00  0.00000e+00  0.00000e+00  0.00000e+00  0.00000e+00  0.00000e+00
  0.00000e+00  0.00000e+00  0.00000e+00  0.00000e+00  0.00000e+00  0.00000e+00
  0.00000e+00  0.00000e+00  0.00000e+00  0.00000e+00  0.00000e+00  0.00000e+00
  0.00000e+00  0.00000e+00  0.00000e+00  0.00000e+00  0.00000e+00  0.00000e+00
  0.00000e+00  0.00000e+00  0.00000e+00  0.00000e+00  0.00000e+00  0.00000e+00
  0.00000e+00  0.00000e+00  0.00000e+00  0.00000e+00  0.00000e+00  0.00000e+00
  0.00000e+00  0.00000e+00  0.00000e+00  0.00000e+00  0.00000e+00  0.00000e+00
  0.00000e+00  0.00000e+00  0.00000e+00  0.00000e+00  0.00000e+00  0.00000e+00
  0.00000e+00  0.00000e+00  0.00000e+00  0.00000e+00  0.00000e+00  0.00000e+00
  0.00000e+00  0.00000e+00  0.00000e+00  0.00000e+00  0.00000e+00  0.00000e+00
  0.00000e+00  0.00000e+00  0.00000e+00  0.00000e+00  0.00000e+00  0.00000e+00
  0.00000e+00  0.00000e+00  0.00000e+00  0.00000e+00  0.00000e+00  0.00000e+00
  0.00000e+00  0.00000e+00  0.00000e+00  0.00000e+00  0.00000e+00  0.00000e+00
  0.00000e+00  0.00000e+00  0.00000e+00  0.00000e+00  0.00000e+00  0.00000e+00
  0.00000e+00  0.00000e+00  0.00000e+00  0.00000e+00  0.00000e+00  0.00000e+00
  0.00000e+00  0.00000e+00  0.00000e+00  0.00000e+00  0.00000e+00  0.00000e+00
  0.00000e+00  0.00000e+00  0.00000e+00  0.00000e+00  0.00000e+00  0.00000e+00
  0.00000e+00  0.00000e+00  0.00000e+00  0.00000e+00  0.00000e+00  0.00000e+00
  0.00000e+00  0.00000e+00  0.00000e+00  0.00000e+00  0.00000e+00  0.00000e+00
  0.00000e+00  0.00000e+00  0.00000e+00  0.00000e+00  0.00000e+00  0.00000e+00
  0.00000e+00  0.00000e+00  0.00000e+00  0.00000e+00  0.00000e+00  0.00000e+00
  0.00000e+00  0.00000e+00  0.00000e+00  0.00000e+00  0.00000e+00  0.00000e+00
  0.00000e+00  0.00000e+00  0.00000e+00  0.00000e+00  0.00000e+00  0.00000e+00
  0.00000e+00  0.00000e+00  0.00000e+00  0.00000e+00  0.00000e+00  0.00000e+00
  0.00000e+00  0.00000e+00  0.00000e+00  0.00000e+00  0.00000e+00  0.00000e+00
  0.00000e+00  0.00000e+00  0.00000e+00  0.00000e+00  0.00000e+00  0.00000e+00
  0.00000e+00  0.00000e+00  0.00000e+00  0.00000e+00  0.00000e+00  0.00000e+00
  0.00000e+00  0.00000e+00  0.00000e+00  0.00000e+00  0.00000e+00  0.00000e+00
  0.00000e+00  0.00000e+00  0.00000e+00  0.00000e+00  0.00000e+00  0.00000e+00
