AZ_TRO     000 TITLE
6000  5.00000e-03 0 0  0.00000e+00  0.00000e+00  0.00000e+00  0.00000e+00
 -8.85434e-23 -1.19069e-22 -1.05194e-22  6.43525e-24  2.72860e-22  7.19277e-22
  1.27844e-21  1.71349e-21  1.55415e-21  1.05083e-22 -3.38863e-21 -9.32901e-21
 -1.70608e-20 -2.39550e-20 -2.45797e-20 -1.05568e-20  2.80110e-20  9.85471e-20
  1.98766e-19  3.06557e-19  3.69292e-19  2.97655e-19 -2.78519e-20 -7.27461e-19
 -1.86038e-18 -3.32763e-18 -4.75029e-18 -5.35633e-18 -3.93776e-18  1.03264e-18
  1.10215e-17  2.67059e-17  4.68774e-17  6.70993e-17  7.84417e-17  6.68775e-17
  1.41682e-17 -9.87887e-17 -2.85274e-16 -5.42331e-16 -8.37207e-16 -1.09282e-15
 -1.17636e-15 -8.97395e-16 -2.34574e-17  1.67819e-15  4.36561e-15  8.01154e-15
  1.22630e-14  1.62891e-14  1.86500e-14  1.72368e-14  9.34427e-15 -8.05091e-15
 -3.77421e-14 -8.14279e-14 -1.38526e-13 -2.04728e-13 -2.70433e-13 -3.19315e-13
 -3.27361e-13 -2.62827e-13 -8.76257e-14  2.39354e-13  7.56509e-13  1.49106e-12
  2.44778e-12  3.59516e-12  4.84967e-12  6.05933e-12  6.98822e-12  7.30408e-12
  6.57177e-12  4.25535e-12 -2.67790e-13 -7.67777e-12 -1.86650e-11 -3.38623e-11
 -5.37543e-11 -7.85637e-11 -1.08113e-10 -1.41665e-10 -1.77739e-10 -2.13916e-10
 -2.46624e-10 -2.70921e-10 -2.80271e-10 -2.66333e-10 -2.18751e-10 -1.24975e-10
  2.99019e-11  2.63269e-10  5.95086e-10  1.04793e-09  1.64698e-09  2.42001e-09
  3.39721e-09  4.61111e-09  6.09633e-09  7.88937e-09  1.00283e-08  1.25523e-08
  1.55016e-08  1.89168e-08  2.28387e-08  2.73075e-08  3.23629e-08  3.80433e-08
  4.43854e-08  5.14239e-08  5.91913e-08  6.77170e-08  7.70275e-08  8.71457e-08
  9.80910e-08  1.09878e-07  1.22519e-07  1.36019e-07  1.50381e-07  1.65602e-07
  1.81674e-07  1.98585e-07  2.16315e-07  2.34843e-07  2.54139e-07  2.74169e-07
  2.94896e-07  3.16273e-07  3.38251e-07  3.60773e-07  3.83780e-07  4.07204e-07
  4.30973e-07  4.55010e-07  4.79232e-07  5.03551e-07  5.27874e-07  5.52101e-07
  5.76130e-07  5.99851e-07  6.23152e-07  6.45915e-07  6.68017e-07  6.89331e-07
  7.09728e-07  7.29073e-07  7.47227e-07  7.64051e-07  7.79400e-07  7.93127e-07
  8.05083e-07  8.15117e-07  8.23076e-07  8.28806e-07  8.32151e-07  8.32956e-07
  8.31063e-07  8.26317e-07  8.18561e-07  8.07641e-07  7.93401e-07  7.75690e-07
  7.54354e-07  7.29247e-07  7.00221e-07  6.67132e-07  6.29840e-07  5.88207e-07
  5.42099e-07  4.91387e-07  4.35946e-07  3.75656e-07  3.10399e-07  2.40067e-07
  1.64554e-07  8.37616e-08 -2.40376e-09 -9.40285e-08 -1.91193e-07 -2.93969e-07
 -4.02424e-07 -5.16616e-07 -6.36595e-07 -7.62403e-07 -8.94076e-07 -1.03164e-06
 -1.17510e-06 -1.32448e-06 -1.47977e-06 -1.64096e-06 -1.80803e-06 -1.98093e-06
 -2.15964e-06 -2.34409e-06 -2.53422e-06 -2.72995e-06 -2.93120e-06 -3.13786e-06
 -3.34982e-06 -3.56696e-06 -3.78914e-06 -4.01621e-06 -4.24801e-06 -4.48436e-06
 -4.72508e-06 -4.96997e-06 -5.21882e-06 -5.47139e-06 -5.72746e-06 -5.98677e-06
 -6.24905e-06 -6.51403e-06 -6.78143e-06 -7.05093e-06 -7.32222e-06 -7.59499e-06
 -7.86888e-06 -8.14356e-06 -8.41866e-06 -8.69380e-06 -8.96861e-06 -9.24268e-06
 -9.51562e-06 -9.78701e-06 -1.00564e-05 -1.03234e-05 -1.05876e-05 -1.08484e-05
 -1.11055e-05 -1.13583e-05 -1.16065e-05 -1.18494e-05 -1.20867e-05 -1.23178e-05
 -1.25423e-05 -1.27596e-05 -1.29692e-05 -1.31707e-05 -1.33635e-05 -1.35471e-05
 -1.37209e-05 -1.38846e-05 -1.40376e-05 -1.41793e-05 -1.43093e-05 -1.44270e-05
 -1.45321e-05 -1.46238e-05 -1.47019e-05 -1.47657e-05 -1.48149e-05 -1.48489e-05
 -1.48673e-05 -1.48697e-05 -1.48556e-05 -1.48245e-05 -1.47762e-05 -1.47101e-05
 -1.46259e-05 -1.45233e-05 -1.44018e-05 -1.42611e-05 -1.41010e-05 -1.39211e-05
 -1.37212e-05 -1.35010e-05 -1.32602e-05 -1.29987e-05 -1.27162e-05 -1.24127e-05
 -1.20879e-05 -1.17417e-05 -1.13741e-05 -1.09849e-05 -1.05743e-05 -1.01421e-05
 -9.68833e-06 -9.21314e-06 -8.71657e-06 -8.19873e-06 -7.65977e-06 -7.09985e-06
 -6.51916e-06 -5.91793e-06 -5.29639e-06 -4.65481e-06 -3.99345e-06 -3.31263e-06
 -2.61263e-06 -1.89380e-06 -1.15647e-06 -4.00992e-07  3.72291e-07  1.16302e-06
  1.97086e-06  2.79543e-06  3.63639e-06  4.49339e-06  5.36608e-06  6.25411e-06
  7.15714e-06  8.07484e-06  9.00687e-06  9.95288e-06  1.09126e-05  1.18855e-05
  1.28715e-05  1.38701e-05  1.48809e-05  1.59037e-05  1.69379e-05  1.79831e-05
  1.90390e-05  2.01052e-05  2.11810e-05  2.22660e-05  2.33598e-05  2.44617e-05
  2.55711e-05  2.66874e-05  2.78099e-05  2.89379e-05  3.00707e-05  3.12074e-05
  3.23473e-05  3.34893e-05  3.46328e-05  3.57766e-05  3.69197e-05  3.80612e-05
  3.91999e-05  4.03346e-05  4.14643e-05  4.25875e-05  4.37032e-05  4.48099e-05
  4.59063e-05  4.69910e-05  4.80625e-05  4.91194e-05  5.01601e-05  5.11830e-05
  5.21866e-05  5.31691e-05  5.41290e-05  5.50645e-05  5.59738e-05  5.68552e-05
  5.77069e-05  5.85271e-05  5.93139e-05  6.00655e-05  6.07800e-05  6.14556e-05
  6.20903e-05  6.26822e-05  6.32294e-05  6.37300e-05  6.41822e-05  6.45839e-05
  6.49334e-05  6.52286e-05  6.54677e-05  6.56490e-05  6.57705e-05  6.58305e-05
  6.58271e-05  6.57587e-05  6.56234e-05  6.54198e-05  6.51459e-05  6.48004e-05
  6.43816e-05  6.38879e-05  6.33181e-05  6.26706e-05  6.19440e-05  6.11372e-05
  6.02487e-05  5.92774e-05  5.82221e-05  5.70819e-05  5.58556e-05  5.45424e-05
  5.31414e-05  5.16518e-05  5.00729e-05  4.84039e-05  4.66443e-05  4.47937e-05
  4.28515e-05  4.08176e-05  3.86917e-05  3.64737e-05  3.41634e-05  3.17609e-05
  2.92663e-05  2.66798e-05  2.40018e-05  2.12327e-05  1.83730e-05  1.54233e-05
  1.23845e-05  9.25729e-06  6.04268e-06  2.74169e-06 -6.44483e-07 -4.11453e-06
 -7.66701e-06 -1.13004e-05 -1.50130e-05 -1.88031e-05 -2.26688e-05 -2.66081e-05
 -3.06189e-05 -3.46990e-05 -3.88459e-05 -4.30572e-05 -4.73301e-05 -5.16620e-05
 -5.60499e-05 -6.04907e-05 -6.49814e-05 -6.95186e-05 -7.40991e-05 -7.87192e-05
 -8.33753e-05 -8.80637e-05 -9.27803e-05 -9.75213e-05 -1.02282e-04 -1.07060e-04
 -1.11848e-04 -1.16644e-04 -1.21441e-04 -1.26237e-04 -1.31025e-04 -1.35800e-04
 -1.40559e-04 -1.45294e-04 -1.50001e-04 -1.54675e-04 -1.59310e-04 -1.63899e-04
 -1.68439e-04 -1.72922e-04 -1.77342e-04 -1.81695e-04 -1.85973e-04 -1.90170e-04
 -1.94280e-04 -1.98296e-04 -2.02213e-04 -2.06023e-04 -2.09721e-04 -2.13299e-04
 -2.16751e-04 -2.20069e-04 -2.23249e-04 -2.26281e-04 -2.29161e-04 -2.31880e-04
 -2.34432e-04 -2.36810e-04 -2.39008e-04 -2.41019e-04 -2.42835e-04 -2.44450e-04
 -2.45857e-04 -2.47050e-04 -2.48021e-04 -2.48765e-04 -2.49275e-04 -2.49544e-04
 -2.49566e-04 -2.49335e-04 -2.48844e-04 -2.48088e-04 -2.47060e-04 -2.45755e-04
 -2.44167e-04 -2.42291e-04 -2.40122e-04 -2.37653e-04 -2.34881e-04 -2.31800e-04
 -2.28407e-04 -2.24695e-04 -2.20663e-04 -2.16305e-04 -2.11619e-04 -2.06600e-04
 -2.01245e-04 -1.95553e-04 -1.89520e-04 -1.83143e-04 -1.76422e-04 -1.69354e-04
 -1.61938e-04 -1.54173e-04 -1.46059e-04 -1.37595e-04 -1.28781e-04 -1.19617e-04
 -1.10106e-04 -1.00246e-04 -9.00415e-05 -7.94930e-05 -6.86034e-05 -5.73753e-05
 -4.58122e-05 -3.39175e-05 -2.16955e-05 -9.15081e-06  3.71165e-06  1.68863e-05
  3.03673e-05  4.41482e-05  5.82219e-05  7.25812e-05  8.72182e-05  1.02124e-04
  1.17291e-04  1.32709e-04  1.48368e-04  1.64258e-04  1.80368e-04  1.96687e-04
  2.13202e-04  2.29902e-04  2.46774e-04  2.63803e-04  2.80976e-04  2.98279e-04
  3.15697e-04  3.33214e-04  3.50815e-04  3.68483e-04  3.86201e-04  4.03951e-04
  4.21716e-04  4.39477e-04  4.57215e-04  4.74911e-04  4.92544e-04  5.10095e-04
  5.27543e-04  5.44866e-04  5.62043e-04  5.79052e-04  5.95870e-04  6.12474e-04
  6.28841e-04  6.44947e-04  6.60768e-04  6.76279e-04  6.91456e-04  7.06273e-04
  7.20705e-04  7.34726e-04  7.48311e-04  7.61433e-04  7.74064e-04  7.86179e-04
  7.97750e-04  8.08750e-04  8.19152e-04  8.28927e-04  8.38048e-04  8.46487e-04
  8.54217e-04  8.61208e-04  8.67434e-04  8.72866e-04  8.77475e-04  8.81235e-04
  8.84115e-04  8.86089e-04  8.87129e-04  8.87206e-04  8.86293e-04  8.84363e-04
  8.81389e-04  8.77342e-04  8.72198e-04  8.65929e-04  8.58509e-04  8.49912e-04
  8.40112e-04  8.29085e-04  8.16807e-04  8.03252e-04  7.88399e-04  7.72223e-04
  7.54702e-04  7.35814e-04  7.15537e-04  6.93851e-04  6.70734e-04  6.46169e-04
  6.20136e-04  5.92617e-04  5.63597e-04  5.33058e-04  5.00985e-04  4.67364e-04
  4.32182e-04  3.95425e-04  3.57082e-04  3.17142e-04  2.75595e-04  2.32434e-04
  1.87650e-04  1.41238e-04  9.31925e-05  4.35086e-05 -7.81638e-06 -6.07845e-05
 -1.15396e-04 -1.71651e-04 -2.29546e-04 -2.89079e-04 -3.50244e-04 -4.13035e-04
 -4.77446e-04 -5.43468e-04 -6.11090e-04 -6.80303e-04 -7.51092e-04 -8.23444e-04
 -8.97343e-04 -9.72772e-04 -1.04971e-03 -1.12815e-03 -1.20805e-03 -1.28940e-03
 -1.37218e-03 -1.45635e-03 -1.54189e-03 -1.62877e-03 -1.71697e-03 -1.80645e-03
 -1.89718e-03 -1.98912e-03 -2.08223e-03 -2.17649e-03 -2.27185e-03 -2.36827e-03
 -2.46572e-03 -2.56414e-03 -2.66350e-03 -2.76375e-03 -2.86484e-03 -2.96672e-03
 -3.06935e-03 -3.17268e-03 -3.27666e-03 -3.38123e-03 -3.48634e-03 -3.59194e-03
 -3.69797e-03 -3.80437e-03 -3.91109e-03 -4.01807e-03 -4.12525e-03 -4.23257e-03
 -4.33997e-03 -4.44739e-03 -4.55478e-03 -4.66206e-03 -4.76917e-03 -4.87605e-03
 -4.98264e-03 -5.08887e-03 -5.19469e-03 -5.30001e-03 -5.40478e-03 -5.50895e-03
 -5.61243e-03 -5.71516e-03 -5.81709e-03 -5.91815e-03 -6.01827e-03 -6.11739e-03
 -6.21545e-03 -6.31238e-03 -6.40813e-03 -6.50262e-03 -6.59581e-03 -6.68762e-03
 -6.77800e-03 -6.86689e-03 -6.95423e-03 -7.03996e-03 -7.12403e-03 -7.20638e-03
 -7.28695e-03 -7.36570e-03 -7.44257e-03 -7.51752e-03 -7.59049e-03 -7.66144e-03
 -7.73032e-03 -7.79708e-03 -7.86167e-03 -7.92407e-03 -7.98422e-03 -8.04208e-03
 -8.09763e-03 -8.15082e-03 -8.20162e-03 -8.24999e-03 -8.29591e-03 -8.33933e-03
 -8.38024e-03 -8.41861e-03 -8.45441e-03 -8.48762e-03 -8.51822e-03 -8.54618e-03
 -8.57149e-03 -8.59412e-03 -8.61406e-03 -8.63130e-03 -8.64582e-03 -8.65761e-03
 -8.66665e-03 -8.67294e-03 -8.67648e-03 -8.67725e-03 -8.67524e-03 -8.67046e-03
 -8.66289e-03 -8.65254e-03 -8.63940e-03 -8.62348e-03 -8.60477e-03 -8.58329e-03
 -8.55903e-03 -8.53200e-03 -8.50220e-03 -8.46965e-03 -8.43434e-03 -8.39628e-03
 -8.35549e-03 -8.31198e-03 -8.26575e-03 -8.21684e-03 -8.16524e-03 -8.11097e-03
 -8.05406e-03 -7.99452e-03 -7.93237e-03 -7.86763e-03 -7.80032e-03 -7.73048e-03
 -7.65811e-03 -7.58325e-03 -7.50593e-03 -7.42617e-03 -7.34401e-03 -7.25947e-03
 -7.17259e-03 -7.08342e-03 -6.99198e-03 -6.89831e-03 -6.80246e-03 -6.70446e-03
 -6.60435e-03 -6.50219e-03 -6.39801e-03 -6.29186e-03 -6.18380e-03 -6.07389e-03
 -5.96218e-03 -5.84871e-03 -5.73355e-03 -5.61675e-03 -5.49836e-03 -5.37845e-03
 -5.25709e-03 -5.13433e-03 -5.01027e-03 -4.88495e-03 -4.75845e-03 -4.63084e-03
 -4.50218e-03 -4.37255e-03 -4.24202e-03 -4.11068e-03 -3.97860e-03 -3.84586e-03
 -3.71255e-03 -3.57874e-03 -3.44451e-03 -3.30994e-03 -3.17513e-03 -3.04015e-03
 -2.90508e-03 -2.77002e-03 -2.63504e-03 -2.50025e-03 -2.36571e-03 -2.23153e-03
 -2.09779e-03 -1.96457e-03 -1.83195e-03 -1.70003e-03 -1.56889e-03 -1.43864e-03
 -1.30934e-03 -1.18110e-03 -1.05397e-03 -9.28057e-04 -8.03432e-04 -6.80188e-04
 -5.58410e-04 -4.38181e-04 -3.19578e-04 -2.02675e-04 -8.75471e-05  2.57290e-05
  1.37074e-04  2.46410e-04  3.53662e-04  4.58760e-04  5.61636e-04  6.62227e-04
  7.60470e-04  8.56304e-04  9.49667e-04  1.04050e-03  1.12873e-03  1.21432e-03
  1.29721e-03  1.37734e-03  1.45468e-03  1.52917e-03  1.60077e-03  1.66944e-03
  1.73514e-03  1.79784e-03  1.85750e-03  1.91409e-03  1.96757e-03  2.01792e-03
  2.06512e-03  2.10915e-03  2.15000e-03  2.18763e-03  2.22204e-03  2.25321e-03
  2.28115e-03  2.30586e-03  2.32732e-03  2.34555e-03  2.36053e-03  2.37226e-03
  2.38077e-03  2.38605e-03  2.38814e-03  2.38706e-03  2.38281e-03  2.37542e-03
  2.36490e-03  2.35129e-03  2.33462e-03  2.31491e-03  2.29221e-03  2.26655e-03
  2.23796e-03  2.20649e-03  2.17219e-03  2.13510e-03  2.09527e-03  2.05276e-03
  2.00760e-03  1.95986e-03  1.90960e-03  1.85687e-03  1.80172e-03  1.74424e-03
  1.68447e-03  1.62250e-03  1.55838e-03  1.49218e-03  1.42398e-03  1.35384e-03
  1.28184e-03  1.20806e-03  1.13256e-03  1.05542e-03  9.76727e-04  8.96561e-04
  8.15004e-04  7.32135e-04  6.48035e-04  5.62785e-04  4.76470e-04  3.89170e-04
  3.00968e-04  2.11948e-04  1.22199e-04  3.18094e-05 -5.91319e-05 -1.50544e-04
 -2.42350e-04 -3.34472e-04 -4.26825e-04 -5.19317e-04 -6.11856e-04 -7.04351e-04
 -7.96725e-04 -8.88904e-04 -9.80816e-04 -1.07239e-03 -1.16353e-03 -1.25416e-03
 -1.34419e-03 -1.43354e-03 -1.52214e-03 -1.60993e-03 -1.69685e-03 -1.78281e-03
 -1.86776e-03 -1.95160e-03 -2.03428e-03 -2.11572e-03 -2.19586e-03 -2.27466e-03
 -2.35205e-03 -2.42799e-03 -2.50241e-03 -2.57524e-03 -2.64644e-03 -2.71596e-03
 -2.78375e-03 -2.84977e-03 -2.91398e-03 -2.97632e-03 -3.03676e-03 -3.09526e-03
 -3.15180e-03 -3.20635e-03 -3.25887e-03 -3.30932e-03 -3.35767e-03 -3.40390e-03
 -3.44799e-03 -3.48993e-03 -3.52970e-03 -3.56727e-03 -3.60262e-03 -3.63575e-03
 -3.66664e-03 -3.69530e-03 -3.72171e-03 -3.74589e-03 -3.76781e-03 -3.78746e-03
 -3.80485e-03 -3.81999e-03 -3.83288e-03 -3.84353e-03 -3.85195e-03 -3.85815e-03
 -3.86212e-03 -3.86387e-03 -3.86343e-03 -3.86080e-03 -3.85602e-03 -3.84910e-03
 -3.84006e-03 -3.82891e-03 -3.81566e-03 -3.80034e-03 -3.78295e-03 -3.76354e-03
 -3.74214e-03 -3.71875e-03 -3.69343e-03 -3.66618e-03 -3.63703e-03 -3.60600e-03
 -3.57313e-03 -3.53844e-03 -3.50195e-03 -3.46369e-03 -3.42370e-03 -3.38200e-03
 -3.33864e-03 -3.29364e-03 -3.24703e-03 -3.19883e-03 -3.14906e-03 -3.09776e-03
 -3.04496e-03 -2.99070e-03 -2.93500e-03 -2.87788e-03 -2.81938e-03 -2.75952e-03
 -2.69834e-03 -2.63586e-03 -2.57211e-03 -2.50712e-03 -2.44091e-03 -2.37351e-03
 -2.30495e-03 -2.23526e-03 -2.16446e-03 -2.09257e-03 -2.01961e-03 -1.94562e-03
 -1.87062e-03 -1.79464e-03 -1.71768e-03 -1.63978e-03 -1.56094e-03 -1.48120e-03
 -1.40058e-03 -1.31912e-03 -1.23683e-03 -1.15373e-03 -1.06984e-03 -9.85168e-04
 -8.99736e-04 -8.13572e-04 -7.26702e-04 -6.39143e-04 -5.50914e-04 -4.62029e-04
 -3.72511e-04 -2.82380e-04 -1.91654e-04 -1.00346e-04 -8.47963e-06  8.39162e-05
  1.76809e-04  2.70175e-04  3.63998e-04  4.58269e-04  5.52975e-04  6.48092e-04
  7.43591e-04  8.39441e-04  9.35611e-04  1.03207e-03  1.12880e-03  1.22576e-03
  1.32293e-03  1.42030e-03  1.51783e-03  1.61549e-03  1.71324e-03  1.81103e-03
  1.90884e-03  2.00662e-03  2.10437e-03  2.20205e-03  2.29961e-03  2.39699e-03
  2.49413e-03  2.59098e-03  2.68751e-03  2.78370e-03  2.87951e-03  2.97489e-03
  3.06977e-03  3.16407e-03  3.25774e-03  3.35073e-03  3.44299e-03  3.53447e-03
  3.62511e-03  3.71484e-03  3.80358e-03  3.89125e-03  3.97780e-03  4.06318e-03
  4.14731e-03  4.23014e-03  4.31157e-03  4.39151e-03  4.46988e-03  4.54662e-03
  4.62164e-03  4.69489e-03  4.76628e-03  4.83572e-03  4.90311e-03  4.96836e-03
  5.03140e-03  5.09216e-03  5.15054e-03  5.20647e-03  5.25984e-03  5.31056e-03
  5.35853e-03  5.40367e-03  5.44592e-03  5.48517e-03  5.52132e-03  5.55428e-03
  5.58396e-03  5.61028e-03  5.63316e-03  5.65252e-03  5.66826e-03  5.68027e-03
  5.68847e-03  5.69277e-03  5.69312e-03  5.68944e-03  5.68164e-03  5.66964e-03
  5.65335e-03  5.63270e-03  5.60761e-03  5.57803e-03  5.54388e-03  5.50511e-03
  5.46164e-03  5.41341e-03  5.36036e-03  5.30244e-03  5.23961e-03  5.17182e-03
  5.09901e-03  5.02116e-03  4.93822e-03  4.85016e-03  4.75694e-03  4.65855e-03
  4.55495e-03  4.44615e-03  4.33214e-03  4.21292e-03  4.08847e-03  3.95878e-03
  3.82387e-03  3.68375e-03  3.53844e-03  3.38798e-03  3.23239e-03  3.07172e-03
  2.90600e-03  2.73527e-03  2.55958e-03  2.37898e-03  2.19354e-03  2.00336e-03
  1.80850e-03  1.60906e-03  1.40511e-03  1.19675e-03  9.84062e-04  7.67179e-04
  5.46218e-04  3.21298e-04  9.25424e-05 -1.39913e-04 -3.75921e-04 -6.15327e-04
 -8.57981e-04 -1.10373e-03 -1.35240e-03 -1.60384e-03 -1.85784e-03 -2.11420e-03
 -2.37273e-03 -2.63323e-03 -2.89551e-03 -3.15936e-03 -3.42456e-03 -3.69088e-03
 -3.95810e-03 -4.22596e-03 -4.49423e-03 -4.76265e-03 -5.03097e-03 -5.29896e-03
 -5.56635e-03 -5.83288e-03 -6.09827e-03 -6.36224e-03 -6.62450e-03 -6.88477e-03
 -7.14277e-03 -7.39821e-03 -7.65080e-03 -7.90027e-03 -8.14631e-03 -8.38862e-03
 -8.62689e-03 -8.86081e-03 -9.09008e-03 -9.31438e-03 -9.53343e-03 -9.74692e-03
 -9.95456e-03 -1.01560e-02 -1.03510e-02 -1.05393e-02 -1.07205e-02 -1.08943e-02
 -1.10604e-02 -1.12186e-02 -1.13686e-02 -1.15100e-02 -1.16427e-02 -1.17663e-02
 -1.18805e-02 -1.19851e-02 -1.20798e-02 -1.21645e-02 -1.22387e-02 -1.23024e-02
 -1.23553e-02 -1.23971e-02 -1.24277e-02 -1.24468e-02 -1.24542e-02 -1.24498e-02
 -1.24335e-02 -1.24049e-02 -1.23640e-02 -1.23106e-02 -1.22446e-02 -1.21660e-02
 -1.20745e-02 -1.19702e-02 -1.18529e-02 -1.17225e-02 -1.15791e-02 -1.14225e-02
 -1.12528e-02 -1.10700e-02 -1.08741e-02 -1.06650e-02 -1.04429e-02 -1.02078e-02
 -9.95970e-03 -9.69878e-03 -9.42512e-03 -9.13885e-03 -8.84011e-03 -8.52905e-03
 -8.20583e-03 -7.87064e-03 -7.52367e-03 -7.16515e-03 -6.79532e-03 -6.41444e-03
 -6.02275e-03 -5.62052e-03 -5.20806e-03 -4.78570e-03 -4.35380e-03 -3.91267e-03
 -3.46265e-03 -3.00410e-03 -2.53741e-03 -2.06299e-03 -1.58126e-03 -1.09264e-03
 -5.97556e-04 -9.64385e-05  4.10253e-04  9.22055e-04  1.43849e-03  1.95907e-03
  2.48331e-03  3.01071e-03  3.54077e-03  4.07298e-03  4.60681e-03  5.14176e-03
  5.67730e-03  6.21292e-03  6.74808e-03  7.28222e-03  7.81485e-03  8.34541e-03
  8.87341e-03  9.39831e-03  9.91956e-03  1.04366e-02  1.09490e-02  1.14563e-02
  1.19578e-02  1.24532e-02  1.29418e-02  1.34234e-02  1.38973e-02  1.43630e-02
  1.48202e-02  1.52684e-02  1.57072e-02  1.61361e-02  1.65548e-02  1.69628e-02
  1.73598e-02  1.77454e-02  1.81192e-02  1.84810e-02  1.88303e-02  1.91669e-02
  1.94905e-02  1.98009e-02  2.00978e-02  2.03808e-02  2.06500e-02  2.09049e-02
  2.11455e-02  2.13716e-02  2.15830e-02  2.17797e-02  2.19615e-02  2.21283e-02
  2.22800e-02  2.24166e-02  2.25381e-02  2.26444e-02  2.27356e-02  2.28116e-02
  2.28724e-02  2.29182e-02  2.29491e-02  2.29650e-02  2.29661e-02  2.29525e-02
  2.29243e-02  2.28818e-02  2.28249e-02  2.27540e-02  2.26692e-02  2.25707e-02
  2.24586e-02  2.23334e-02  2.21950e-02  2.20439e-02  2.18802e-02  2.17043e-02
  2.15163e-02  2.13167e-02  2.11056e-02  2.08834e-02  2.06504e-02  2.04069e-02
  2.01532e-02  1.98896e-02  1.96165e-02  1.93341e-02  1.90429e-02  1.87432e-02
  1.84353e-02  1.81195e-02  1.77962e-02  1.74657e-02  1.71283e-02  1.67846e-02
  1.64347e-02  1.60790e-02  1.57179e-02  1.53517e-02  1.49807e-02  1.46053e-02
  1.42259e-02  1.38427e-02  1.34562e-02  1.30665e-02  1.26741e-02  1.22792e-02
  1.18823e-02  1.14836e-02  1.10833e-02  1.06819e-02  1.02796e-02  9.87667e-03
  9.47347e-03  9.07027e-03  8.66734e-03  8.26495e-03  7.86336e-03  7.46282e-03
  7.06362e-03  6.66599e-03  6.27018e-03  5.87643e-03  5.48500e-03  5.09613e-03
  4.71002e-03  4.32689e-03  3.94695e-03  3.57040e-03  3.19745e-03  2.82829e-03
  2.46311e-03  2.10210e-03  1.74544e-03  1.39332e-03  1.04590e-03  7.03316e-04
  3.65730e-04  3.32905e-05 -2.93845e-04 -6.15522e-04 -9.31592e-04 -1.24193e-03
 -1.54641e-03 -1.84494e-03 -2.13741e-03 -2.42370e-03 -2.70371e-03 -2.97731e-03
 -3.24443e-03 -3.50497e-03 -3.75885e-03 -4.00599e-03 -4.24632e-03 -4.47979e-03
 -4.70632e-03 -4.92586e-03 -5.13833e-03 -5.34370e-03 -5.54193e-03 -5.73297e-03
 -5.91679e-03 -6.09334e-03 -6.26263e-03 -6.42463e-03 -6.57935e-03 -6.72675e-03
 -6.86682e-03 -6.99957e-03 -7.12504e-03 -7.24323e-03 -7.35416e-03 -7.45782e-03
 -7.55422e-03 -7.64341e-03 -7.72544e-03 -7.80034e-03 -7.86816e-03 -7.92894e-03
 -7.98275e-03 -8.02965e-03 -8.06971e-03 -8.10299e-03 -8.12956e-03 -8.14948e-03
 -8.16284e-03 -8.16972e-03 -8.17020e-03 -8.16438e-03 -8.15236e-03 -8.13427e-03
 -8.11018e-03 -8.08021e-03 -8.04446e-03 -8.00305e-03 -7.95609e-03 -7.90370e-03
 -7.84602e-03 -7.78318e-03 -7.71531e-03 -7.64254e-03 -7.56497e-03 -7.48276e-03
 -7.39604e-03 -7.30496e-03 -7.20967e-03 -7.11030e-03 -7.00701e-03 -6.89995e-03
 -6.78928e-03 -6.67516e-03 -6.55772e-03 -6.43711e-03 -6.31347e-03 -6.18695e-03
 -6.05773e-03 -5.92596e-03 -5.79179e-03 -5.65538e-03 -5.51689e-03 -5.37648e-03
 -5.23432e-03 -5.09054e-03 -4.94529e-03 -4.79872e-03 -4.65100e-03 -4.50228e-03
 -4.35272e-03 -4.20247e-03 -4.05168e-03 -3.90049e-03 -3.74903e-03 -3.59743e-03
 -3.44585e-03 -3.29444e-03 -3.14337e-03 -2.99274e-03 -2.84268e-03 -2.69332e-03
 -2.54480e-03 -2.39728e-03 -2.25088e-03 -2.10572e-03 -1.96190e-03 -1.81954e-03
 -1.67875e-03 -1.53964e-03 -1.40234e-03 -1.26695e-03 -1.13359e-03 -1.00237e-03
 -8.73379e-04 -7.46706e-04 -6.22446e-04 -5.00705e-04 -3.81580e-04 -2.65152e-04
 -1.51492e-04 -4.06760e-05  6.72151e-05  1.72095e-04  2.73886e-04  3.72523e-04
  4.67948e-04  5.60104e-04  6.48928e-04  7.34355e-04  8.16325e-04  8.94788e-04
  9.69706e-04  1.04104e-03  1.10874e-03  1.17276e-03  1.23307e-03  1.28963e-03
  1.34244e-03  1.39144e-03  1.43662e-03  1.47795e-03  1.51541e-03  1.54899e-03
  1.57871e-03  1.60455e-03  1.62651e-03  1.64456e-03  1.65871e-03  1.66895e-03
  1.67531e-03  1.67780e-03  1.67646e-03  1.67128e-03  1.66227e-03  1.64946e-03
  1.63288e-03  1.61259e-03  1.58862e-03  1.56100e-03  1.52977e-03  1.49496e-03
  1.45662e-03  1.41479e-03  1.36953e-03  1.32090e-03  1.26898e-03  1.21382e-03
  1.15547e-03  1.09400e-03  1.02950e-03  9.62032e-04  8.91684e-04  8.18532e-04
  7.42659e-04  6.64150e-04  5.83089e-04  4.99561e-04  4.13649e-04  3.25450e-04
  2.35066e-04  1.42603e-04  4.81575e-05 -4.81826e-05 -1.46320e-04 -2.46139e-04
 -3.47522e-04 -4.50359e-04 -5.54558e-04 -6.60022e-04 -7.66639e-04 -8.74282e-04
 -9.82828e-04 -1.09217e-03 -1.20222e-03 -1.31287e-03 -1.42399e-03 -1.53546e-03
 -1.64716e-03 -1.75901e-03 -1.87090e-03 -1.98271e-03 -2.09433e-03 -2.20563e-03
 -2.31651e-03 -2.42686e-03 -2.53659e-03 -2.64559e-03 -2.75378e-03 -2.86103e-03
 -2.96726e-03 -3.07234e-03 -3.17620e-03 -3.27874e-03 -3.37986e-03 -3.47949e-03
 -3.57751e-03 -3.67386e-03 -3.76845e-03 -3.86119e-03 -3.95200e-03 -4.04081e-03
 -4.12755e-03 -4.21214e-03 -4.29450e-03 -4.37458e-03 -4.45232e-03 -4.52765e-03
 -4.60054e-03 -4.67092e-03 -4.73872e-03 -4.80388e-03 -4.86635e-03 -4.92611e-03
 -4.98313e-03 -5.03734e-03 -5.08873e-03 -5.13724e-03 -5.18285e-03 -5.22554e-03
 -5.26528e-03 -5.30204e-03 -5.33580e-03 -5.36655e-03 -5.39427e-03 -5.41894e-03
 -5.44056e-03 -5.45913e-03 -5.47464e-03 -5.48712e-03 -5.49654e-03 -5.50290e-03
 -5.50620e-03 -5.50644e-03 -5.50366e-03 -5.49786e-03 -5.48905e-03 -5.47726e-03
 -5.46250e-03 -5.44481e-03 -5.42420e-03 -5.40069e-03 -5.37430e-03 -5.34508e-03
 -5.31306e-03 -5.27830e-03 -5.24082e-03 -5.20066e-03 -5.15786e-03 -5.11247e-03
 -5.06451e-03 -5.01404e-03 -4.96110e-03 -4.90575e-03 -4.84804e-03 -4.78805e-03
 -4.72584e-03 -4.66144e-03 -4.59491e-03 -4.52632e-03 -4.45573e-03 -4.38321e-03
 -4.30882e-03 -4.23263e-03 -4.15470e-03 -4.07511e-03 -3.99394e-03 -3.91125e-03
 -3.82711e-03 -3.74160e-03 -3.65480e-03 -3.56681e-03 -3.47767e-03 -3.38747e-03
 -3.29627e-03 -3.20418e-03 -3.11127e-03 -3.01764e-03 -2.92335e-03 -2.82848e-03
 -2.73311e-03 -2.63732e-03 -2.54122e-03 -2.44488e-03 -2.34838e-03 -2.25181e-03
 -2.15526e-03 -2.05878e-03 -1.96245e-03 -1.86636e-03 -1.77059e-03 -1.67525e-03
 -1.58040e-03 -1.48610e-03 -1.39244e-03 -1.29950e-03 -1.20735e-03 -1.11608e-03
 -1.02575e-03 -9.36428e-04 -8.48180e-04 -7.61069e-04 -6.75157e-04 -5.90511e-04
 -5.07200e-04 -4.25293e-04 -3.44847e-04 -2.65905e-04 -1.88515e-04 -1.12730e-04
 -3.86061e-05  3.38091e-05  1.04473e-04  1.73343e-04  2.40384e-04  3.05555e-04
  3.68829e-04  4.30173e-04  4.89560e-04  5.46959e-04  6.02350e-04  6.55714e-04
  7.07029e-04  7.56274e-04  8.03434e-04  8.48509e-04  8.91501e-04  9.32406e-04
  9.71210e-04  1.00790e-03  1.04250e-03  1.07500e-03  1.10542e-03  1.13377e-03
  1.16004e-03  1.18427e-03  1.20648e-03  1.22670e-03  1.24494e-03  1.26121e-03
  1.27555e-03  1.28799e-03  1.29855e-03  1.30727e-03  1.31417e-03  1.31928e-03
  1.32266e-03  1.32434e-03  1.32438e-03  1.32281e-03  1.31965e-03  1.31496e-03
  1.30877e-03  1.30113e-03  1.29210e-03  1.28173e-03  1.27006e-03  1.25715e-03
  1.24303e-03  1.22777e-03  1.21142e-03  1.19403e-03  1.17565e-03  1.15632e-03
  1.13610e-03  1.11505e-03  1.09322e-03  1.07066e-03  1.04742e-03  1.02356e-03
  9.99137e-04  9.74213e-04  9.48834e-04  9.23034e-04  8.96858e-04  8.70360e-04
  8.43602e-04  8.16638e-04  7.89514e-04  7.62270e-04  7.34952e-04  7.07613e-04
  6.80303e-04  6.53071e-04  6.25962e-04  5.99022e-04  5.72293e-04  5.45814e-04
  5.19618e-04  4.93742e-04  4.68226e-04  4.43108e-04  4.18424e-04  3.94208e-04
  3.70501e-04  3.47342e-04  3.24766e-04  3.02798e-04  2.81459e-04  2.60769e-04
  2.40756e-04  2.21451e-04  2.02881e-04  1.85074e-04  1.68053e-04  1.51838e-04
  1.36442e-04  1.21879e-04  1.08163e-04  9.53133e-05  8.33530e-05  7.22978e-05
  6.21551e-05  5.29276e-05  4.46185e-05  3.72370e-05  3.07958e-05  2.53057e-05
  2.07732e-05  1.71975e-05  1.45741e-05  1.29003e-05  1.21787e-05  1.24138e-05
  1.36063e-05  1.57490e-05  1.88296e-05  2.28381e-05  2.77693e-05  3.36188e-05
  4.03780e-05  4.80333e-05  5.65730e-05  6.59872e-05  7.62661e-05  8.73961e-05
  9.93595e-05  1.12138e-04  1.25715e-04  1.40071e-04  1.55184e-04  1.71031e-04
  1.87592e-04  2.04849e-04  2.22785e-04  2.41373e-04  2.60585e-04  2.80391e-04
  3.00770e-04  3.21702e-04  3.43161e-04  3.65111e-04  3.87519e-04  4.10357e-04
  4.33600e-04  4.57220e-04  4.81182e-04  5.05449e-04  5.29987e-04  5.54768e-04
  5.79764e-04  6.04941e-04  6.30260e-04  6.55684e-04  6.81176e-04  7.06694e-04
  7.32203e-04  7.57672e-04  7.83073e-04  8.08376e-04  8.33539e-04  8.58516e-04
  8.83265e-04  9.07752e-04  9.31948e-04  9.55814e-04  9.79307e-04  1.00239e-03
  1.02503e-03  1.04719e-03  1.06885e-03  1.08996e-03  1.11049e-03  1.13040e-03
  1.14966e-03  1.16824e-03  1.18611e-03  1.20322e-03  1.21954e-03  1.23504e-03
  1.24971e-03  1.26350e-03  1.27640e-03  1.28838e-03  1.29941e-03  1.30946e-03
  1.31852e-03  1.32657e-03  1.33358e-03  1.33952e-03  1.34438e-03  1.34813e-03
  1.35078e-03  1.35230e-03  1.35266e-03  1.35186e-03  1.34990e-03  1.34678e-03
  1.34250e-03  1.33704e-03  1.33038e-03  1.32253e-03  1.31348e-03  1.30326e-03
  1.29186e-03  1.27927e-03  1.26550e-03  1.25053e-03  1.23441e-03  1.21715e-03
  1.19876e-03  1.17926e-03  1.15864e-03  1.13692e-03  1.11412e-03  1.09027e-03
  1.06539e-03  1.03949e-03  1.01260e-03  9.84757e-04  9.55991e-04  9.26328e-04
  8.95787e-04  8.64389e-04  8.32167e-04  7.99163e-04  7.65415e-04  7.30958e-04
  6.95818e-04  6.60027e-04  6.23620e-04  5.86637e-04  5.49117e-04  5.11094e-04
  4.72603e-04  4.33681e-04  3.94370e-04  3.54709e-04  3.14742e-04  2.74510e-04
  2.34053e-04  1.93408e-04  1.52609e-04  1.11689e-04  7.06832e-05  2.96277e-05
 -1.14407e-05 -5.24871e-05 -9.34755e-05 -1.34369e-04 -1.75134e-04 -2.15741e-04
 -2.56165e-04 -2.96377e-04 -3.36338e-04 -3.76011e-04 -4.15368e-04 -4.54390e-04
 -4.93060e-04 -5.31359e-04 -5.69262e-04 -6.06742e-04 -6.43777e-04 -6.80346e-04
 -7.16430e-04 -7.52015e-04 -7.87090e-04 -8.21644e-04 -8.55663e-04 -8.89134e-04
 -9.22047e-04 -9.54397e-04 -9.86178e-04 -1.01738e-03 -1.04799e-03 -1.07801e-03
 -1.10743e-03 -1.13626e-03 -1.16450e-03 -1.19215e-03 -1.21918e-03 -1.24560e-03
 -1.27142e-03 -1.29663e-03 -1.32125e-03 -1.34528e-03 -1.36873e-03 -1.39160e-03
 -1.41388e-03 -1.43558e-03 -1.45669e-03 -1.47724e-03 -1.49722e-03 -1.51663e-03
 -1.53548e-03 -1.55376e-03 -1.57148e-03 -1.58864e-03 -1.60525e-03 -1.62130e-03
 -1.63680e-03 -1.65177e-03 -1.66618e-03 -1.68004e-03 -1.69333e-03 -1.70608e-03
 -1.71828e-03 -1.72992e-03 -1.74099e-03 -1.75147e-03 -1.76137e-03 -1.77069e-03
 -1.77944e-03 -1.78761e-03 -1.79516e-03 -1.80210e-03 -1.80840e-03 -1.81407e-03
 -1.81910e-03 -1.82349e-03 -1.82721e-03 -1.83024e-03 -1.83256e-03 -1.83417e-03
 -1.83507e-03 -1.83525e-03 -1.83469e-03 -1.83337e-03 -1.83127e-03 -1.82838e-03
 -1.82470e-03 -1.82020e-03 -1.81487e-03 -1.80871e-03 -1.80169e-03 -1.79382e-03
 -1.78506e-03 -1.77542e-03 -1.76488e-03 -1.75345e-03 -1.74110e-03 -1.72784e-03
 -1.71365e-03 -1.69853e-03 -1.68247e-03 -1.66548e-03 -1.64757e-03 -1.62870e-03
 -1.60889e-03 -1.58813e-03 -1.56644e-03 -1.54383e-03 -1.52030e-03 -1.49586e-03
 -1.47050e-03 -1.44425e-03 -1.41712e-03 -1.38913e-03 -1.36028e-03 -1.33059e-03
 -1.30008e-03 -1.26878e-03 -1.23671e-03 -1.20389e-03 -1.17035e-03 -1.13610e-03
 -1.10118e-03 -1.06562e-03 -1.02945e-03 -9.92685e-04 -9.55365e-04 -9.17525e-04
 -8.79203e-04 -8.40435e-04 -8.01254e-04 -7.61698e-04 -7.21803e-04 -6.81606e-04
 -6.41143e-04 -6.00453e-04 -5.59578e-04 -5.18565e-04 -4.77462e-04 -4.36308e-04
 -3.95136e-04 -3.53975e-04 -3.12861e-04 -2.71837e-04 -2.30949e-04 -1.90242e-04
 -1.49757e-04 -1.09529e-04 -6.95978e-05 -3.00011e-05  9.22519e-06  4.80497e-05
  8.64436e-05  1.24377e-04  1.61818e-04  1.98729e-04  2.35076e-04  2.70829e-04
  3.05964e-04  3.40464e-04  3.74305e-04  4.07462e-04  4.39907e-04  4.71617e-04
  5.02578e-04  5.32779e-04  5.62206e-04  5.90840e-04  6.18666e-04  6.45673e-04
  6.71856e-04  6.97209e-04  7.21722e-04  7.45391e-04  7.68213e-04  7.90191e-04
  8.11324e-04  8.31611e-04  8.51054e-04  8.69659e-04  8.87439e-04  9.04400e-04
  9.20545e-04  9.35871e-04  9.50385e-04  9.64106e-04  9.77054e-04  9.89246e-04
  1.00069e-03  1.01138e-03  1.02133e-03  1.03058e-03  1.03915e-03  1.04706e-03
  1.05431e-03  1.06091e-03  1.06689e-03  1.07226e-03  1.07705e-03  1.08127e-03
  1.08493e-03  1.08805e-03  1.09067e-03  1.09279e-03  1.09444e-03  1.09564e-03
  1.09639e-03  1.09672e-03  1.09663e-03  1.09615e-03  1.09529e-03  1.09408e-03
  1.09252e-03  1.09063e-03  1.08842e-03  1.08591e-03  1.08310e-03  1.08002e-03
  1.07668e-03  1.07307e-03  1.06923e-03  1.06516e-03  1.06086e-03  1.05635e-03
  1.05162e-03  1.04669e-03  1.04157e-03  1.03628e-03  1.03080e-03  1.02514e-03
  1.01930e-03  1.01328e-03  1.00710e-03  1.00076e-03  9.94275e-04  9.87625e-04
  9.80815e-04  9.73850e-04  9.66737e-04  9.59473e-04  9.52050e-04  9.44467e-04
  9.36730e-04  9.28846e-04  9.20819e-04  9.12645e-04  9.04319e-04  8.95840e-04
  8.87210e-04  8.78424e-04  8.69477e-04  8.60368e-04  8.51102e-04  8.41687e-04
  8.32123e-04  8.22407e-04  8.12533e-04  8.02503e-04  7.92319e-04  7.81983e-04
  7.71499e-04  7.60871e-04  7.50108e-04  7.39215e-04  7.28192e-04  7.17037e-04
  7.05755e-04  6.94357e-04  6.82851e-04  6.71240e-04  6.59519e-04  6.47692e-04
  6.35773e-04  6.23781e-04  6.11728e-04  5.99618e-04  5.87454e-04  5.75241e-04
  5.62990e-04  5.50717e-04  5.38436e-04  5.26157e-04  5.13892e-04  5.01656e-04
  4.89460e-04  4.77316e-04  4.65229e-04  4.53206e-04  4.41262e-04  4.29418e-04
  4.17695e-04  4.06109e-04  3.94671e-04  3.83390e-04  3.72277e-04  3.61343e-04
  3.50603e-04  3.40073e-04  3.29769e-04  3.19708e-04  3.09902e-04  3.00360e-04
  2.91093e-04  2.82116e-04  2.73445e-04  2.65094e-04  2.57070e-04  2.49380e-04
  2.42035e-04  2.35047e-04  2.28430e-04  2.22194e-04  2.16347e-04  2.10896e-04
  2.05843e-04  2.01194e-04  1.96953e-04  1.93128e-04  1.89726e-04  1.86752e-04
  1.84212e-04  1.82111e-04  1.80452e-04  1.79235e-04  1.78455e-04  1.78110e-04
  1.78200e-04  1.78726e-04  1.79684e-04  1.81069e-04  1.82873e-04  1.85095e-04
  1.87734e-04  1.90790e-04  1.94259e-04  1.98132e-04  2.02388e-04  2.07010e-04
  2.11982e-04  2.17303e-04  2.22974e-04  2.28990e-04  2.35334e-04  2.41982e-04
  2.48917e-04  2.56133e-04  2.63624e-04  2.71374e-04  2.79356e-04  2.87545e-04
  2.95922e-04  3.04483e-04  3.13219e-04  3.22114e-04  3.31141e-04  3.40271e-04
  3.49486e-04  3.58774e-04  3.68127e-04  3.77529e-04  3.86950e-04  3.96366e-04
  4.05758e-04  4.15114e-04  4.24421e-04  4.33654e-04  4.42789e-04  4.51801e-04
  4.60679e-04  4.69409e-04  4.77974e-04  4.86353e-04  4.94525e-04  5.02471e-04
  5.10174e-04  5.17618e-04  5.24791e-04  5.31680e-04  5.38273e-04  5.44551e-04
  5.50494e-04  5.56085e-04  5.61311e-04  5.66163e-04  5.70628e-04  5.74697e-04
  5.78362e-04  5.81613e-04  5.84441e-04  5.86834e-04  5.88784e-04  5.90284e-04
  5.91332e-04  5.91918e-04  5.92033e-04  5.91670e-04  5.90831e-04  5.89516e-04
  5.87726e-04  5.85459e-04  5.82711e-04  5.79478e-04  5.75758e-04  5.71554e-04
  5.66872e-04  5.61719e-04  5.56102e-04  5.50023e-04  5.43484e-04  5.36492e-04
  5.29057e-04  5.21190e-04  5.12900e-04  5.04191e-04  4.95069e-04  4.85544e-04
  4.75631e-04  4.65345e-04  4.54698e-04  4.43698e-04  4.32359e-04  4.20697e-04
  4.08733e-04  3.96478e-04  3.83945e-04  3.71146e-04  3.58105e-04  3.44847e-04
  3.31392e-04  3.17748e-04  3.03921e-04  2.89927e-04  2.75798e-04  2.61565e-04
  2.47250e-04  2.32859e-04  2.18403e-04  2.03901e-04  1.89383e-04  1.74877e-04
  1.60400e-04  1.45968e-04  1.31599e-04  1.17316e-04  1.03143e-04  8.90974e-05
  7.51924e-05  6.14444e-05  4.78754e-05  3.45118e-05  2.13782e-05  8.49308e-06
 -4.12940e-06 -1.64753e-05 -2.85274e-05 -4.02653e-05 -5.16702e-05 -6.27260e-05
 -7.34196e-05 -8.37368e-05 -9.36610e-05 -1.03175e-04 -1.12264e-04 -1.20916e-04
 -1.29121e-04 -1.36868e-04 -1.44147e-04 -1.50949e-04 -1.57264e-04 -1.63082e-04
 -1.68388e-04 -1.73174e-04 -1.77439e-04 -1.81184e-04 -1.84407e-04 -1.87101e-04
 -1.89256e-04 -1.90872e-04 -1.91957e-04 -1.92520e-04 -1.92558e-04 -1.92063e-04
 -1.91032e-04 -1.89470e-04 -1.87388e-04 -1.84800e-04 -1.81714e-04 -1.78135e-04
 -1.74070e-04 -1.69526e-04 -1.64520e-04 -1.59069e-04 -1.53187e-04 -1.46884e-04
 -1.40171e-04 -1.33060e-04 -1.25575e-04 -1.17743e-04 -1.09588e-04 -1.01124e-04
 -9.23661e-05 -8.33312e-05 -7.40413e-05 -6.45209e-05 -5.47963e-05 -4.48964e-05
 -3.48496e-05 -2.46804e-05 -1.44097e-05 -4.06080e-06  6.33753e-06  1.67540e-05
  2.71613e-05  3.75366e-05  4.78540e-05  5.80802e-05  6.81784e-05  7.81163e-05
  8.78673e-05  9.74059e-05  1.06703e-04  1.15729e-04  1.24455e-04  1.32856e-04
  1.40903e-04  1.48565e-04  1.55813e-04  1.62624e-04  1.68972e-04  1.74824e-04
  1.80149e-04  1.84918e-04  1.89111e-04  1.92708e-04  1.95687e-04  1.98022e-04
  1.99693e-04  2.00679e-04  2.00961e-04  2.00519e-04  1.99335e-04  1.97392e-04
  1.94678e-04  1.91174e-04  1.86864e-04  1.81733e-04  1.75772e-04  1.68977e-04
  1.61339e-04  1.52853e-04  1.43512e-04  1.33312e-04  1.22246e-04  1.10308e-04
  9.74940e-05  8.38110e-05  6.92699e-05  5.38792e-05  3.76419e-05  2.05605e-05
  2.64242e-06 -1.60982e-05 -3.56443e-05 -5.59824e-05 -7.71038e-05 -9.90009e-05
 -1.21660e-04 -1.45056e-04 -1.69159e-04 -1.93938e-04 -2.19372e-04 -2.45444e-04
 -2.72137e-04 -2.99424e-04 -3.27270e-04 -3.55641e-04 -3.84508e-04 -4.13841e-04
 -4.43611e-04 -4.73779e-04 -5.04308e-04 -5.35157e-04 -5.66289e-04 -5.97670e-04
 -6.29266e-04 -6.61040e-04 -6.92952e-04 -7.24959e-04 -7.57017e-04 -7.89084e-04
 -8.21124e-04 -8.53095e-04 -8.84953e-04 -9.16649e-04 -9.48137e-04 -9.79376e-04
 -1.01033e-03 -1.04095e-03 -1.07121e-03 -1.10104e-03 -1.13040e-03 -1.15924e-03
 -1.18755e-03 -1.21527e-03 -1.24238e-03 -1.26881e-03 -1.29453e-03 -1.31950e-03
 -1.34368e-03 -1.36704e-03 -1.38953e-03 -1.41113e-03 -1.43179e-03 -1.45148e-03
 -1.47017e-03 -1.48782e-03 -1.50440e-03 -1.51990e-03 -1.53428e-03 -1.54752e-03
 -1.55958e-03 -1.57044e-03 -1.58007e-03 -1.58848e-03 -1.59562e-03 -1.60149e-03
 -1.60606e-03 -1.60933e-03 -1.61127e-03 -1.61187e-03 -1.61112e-03 -1.60901e-03
 -1.60556e-03 -1.60075e-03 -1.59458e-03 -1.58704e-03 -1.57814e-03 -1.56787e-03
 -1.55624e-03 -1.54327e-03 -1.52895e-03 -1.51329e-03 -1.49629e-03 -1.47799e-03
 -1.45840e-03 -1.43753e-03 -1.41540e-03 -1.39202e-03 -1.36741e-03 -1.34160e-03
 -1.31461e-03 -1.28646e-03 -1.25718e-03 -1.22679e-03 -1.19533e-03 -1.16284e-03
 -1.12935e-03 -1.09488e-03 -1.05946e-03 -1.02313e-03 -9.85922e-04 -9.47878e-04
 -9.09035e-04 -8.69429e-04 -8.29097e-04 -7.88080e-04 -7.46418e-04 -7.04154e-04
 -6.61325e-04 -6.17969e-04 -5.74130e-04 -5.29853e-04 -4.85183e-04 -4.40165e-04
 -3.94839e-04 -3.49245e-04 -3.03423e-04 -2.57413e-04 -2.11256e-04 -1.64994e-04
 -1.18672e-04 -7.23350e-05 -2.60246e-05  2.02227e-05  6.63721e-05  1.12386e-04
  1.58221e-04  2.03833e-04  2.49184e-04  2.94243e-04  3.38984e-04  3.83371e-04
  4.27366e-04  4.70928e-04  5.14027e-04  5.56635e-04  5.98729e-04  6.40280e-04
  6.81254e-04  7.21622e-04  7.61358e-04  8.00444e-04  8.38858e-04  8.76577e-04
  9.13580e-04  9.49843e-04  9.85351e-04  1.02009e-03  1.05404e-03  1.08719e-03
  1.11952e-03  1.15100e-03  1.18165e-03  1.21144e-03  1.24037e-03  1.26844e-03
  1.29562e-03  1.32192e-03  1.34732e-03  1.37182e-03  1.39543e-03  1.41815e-03
  1.43995e-03  1.46085e-03  1.48085e-03  1.49995e-03  1.51815e-03  1.53546e-03
  1.55188e-03  1.56739e-03  1.58202e-03  1.59577e-03  1.60865e-03  1.62066e-03
  1.63181e-03  1.64211e-03  1.65156e-03  1.66017e-03  1.66794e-03  1.67489e-03
  1.68103e-03  1.68638e-03  1.69094e-03  1.69472e-03  1.69772e-03  1.69996e-03
  1.70144e-03  1.70219e-03  1.70220e-03  1.70148e-03  1.70006e-03  1.69794e-03
  1.69515e-03  1.69168e-03  1.68754e-03  1.68276e-03  1.67734e-03  1.67129e-03
  1.66462e-03  1.65734e-03  1.64945e-03  1.64097e-03  1.63192e-03  1.62231e-03
  1.61214e-03  1.60143e-03  1.59018e-03  1.57842e-03  1.56615e-03  1.55337e-03
  1.54011e-03  1.52635e-03  1.51212e-03  1.49743e-03  1.48229e-03  1.46670e-03
  1.45068e-03  1.43424e-03  1.41739e-03  1.40013e-03  1.38248e-03  1.36445e-03
  1.34605e-03  1.32728e-03  1.30816e-03  1.28870e-03  1.26891e-03  1.24879e-03
  1.22835e-03  1.20761e-03  1.18657e-03  1.16525e-03  1.14366e-03  1.12180e-03
  1.09968e-03  1.07734e-03  1.05475e-03  1.03194e-03  1.00891e-03  9.85681e-04
  9.62265e-04  9.38680e-04  9.14927e-04  8.91004e-04  8.66923e-04  8.42704e-04
  8.18367e-04  7.93925e-04  7.69381e-04  7.44739e-04  7.20011e-04  6.95214e-04
  6.70363e-04  6.45467e-04  6.20530e-04  5.95559e-04  5.70568e-04  5.45570e-04
  5.20581e-04  4.95611e-04  4.70666e-04  4.45753e-04  4.20885e-04  3.96075e-04
  3.71333e-04  3.46668e-04  3.22088e-04  2.97602e-04  2.73222e-04  2.48961e-04
  2.24826e-04  2.00823e-04  1.76957e-04  1.53235e-04  1.29671e-04  1.06275e-04
  8.30534e-05  6.00097e-05  3.71480e-05  1.44787e-05 -7.98673e-06 -3.02406e-05
 -5.22822e-05 -7.41121e-05 -9.57256e-05 -1.17111e-04 -1.38258e-04 -1.59161e-04
 -1.79820e-04 -2.00238e-04 -2.20415e-04 -2.40345e-04 -2.60020e-04 -2.79437e-04
 -2.98592e-04 -3.17487e-04 -3.36123e-04 -3.54498e-04 -3.72606e-04 -3.90444e-04
 -4.08012e-04 -4.25315e-04 -4.42355e-04 -4.59133e-04 -4.75647e-04 -4.91896e-04
 -5.07881e-04 -5.23604e-04 -5.39066e-04 -5.54271e-04 -5.69221e-04 -5.83916e-04
 -5.98358e-04 -6.12549e-04 -6.26496e-04 -6.40203e-04 -6.53673e-04 -6.66903e-04
 -6.79893e-04 -6.92649e-04 -7.05179e-04 -7.17488e-04 -7.29580e-04 -7.41458e-04
 -7.53126e-04 -7.64591e-04 -7.75853e-04 -7.86915e-04 -7.97779e-04 -8.08455e-04
 -8.18951e-04 -8.29269e-04 -8.39405e-04 -8.49365e-04 -8.59155e-04 -8.68784e-04
 -8.78259e-04 -8.87579e-04 -8.96750e-04 -9.05777e-04 -9.14668e-04 -9.23423e-04
 -9.32048e-04 -9.40546e-04 -9.48928e-04 -9.57198e-04 -9.65358e-04 -9.73406e-04
 -9.81350e-04 -9.89198e-04 -9.96953e-04 -1.00462e-03 -1.01220e-03 -1.01970e-03
 -1.02712e-03 -1.03448e-03 -1.04177e-03 -1.04898e-03 -1.05613e-03 -1.06324e-03
 -1.07029e-03 -1.07730e-03 -1.08426e-03 -1.09118e-03 -1.09806e-03 -1.10490e-03
 -1.11172e-03 -1.11850e-03 -1.12527e-03 -1.13201e-03 -1.13872e-03 -1.14543e-03
 -1.15212e-03 -1.15881e-03 -1.16548e-03 -1.17215e-03 -1.17881e-03 -1.18548e-03
 -1.19214e-03 -1.19881e-03 -1.20547e-03 -1.21214e-03 -1.21883e-03 -1.22553e-03
 -1.23223e-03 -1.23894e-03 -1.24566e-03 -1.25239e-03 -1.25912e-03 -1.26587e-03
 -1.27262e-03 -1.27939e-03 -1.28616e-03 -1.29294e-03 -1.29973e-03 -1.30652e-03
 -1.31332e-03 -1.32011e-03 -1.32690e-03 -1.33368e-03 -1.34045e-03 -1.34722e-03
 -1.35397e-03 -1.36072e-03 -1.36744e-03 -1.37415e-03 -1.38082e-03 -1.38746e-03
 -1.39407e-03 -1.40063e-03 -1.40714e-03 -1.41361e-03 -1.42002e-03 -1.42636e-03
 -1.43263e-03 -1.43882e-03 -1.44493e-03 -1.45094e-03 -1.45686e-03 -1.46268e-03
 -1.46838e-03 -1.47396e-03 -1.47940e-03 -1.48472e-03 -1.48989e-03 -1.49492e-03
 -1.49978e-03 -1.50448e-03 -1.50898e-03 -1.51331e-03 -1.51743e-03 -1.52136e-03
 -1.52507e-03 -1.52855e-03 -1.53180e-03 -1.53482e-03 -1.53758e-03 -1.54008e-03
 -1.54231e-03 -1.54427e-03 -1.54595e-03 -1.54732e-03 -1.54839e-03 -1.54914e-03
 -1.54956e-03 -1.54966e-03 -1.54942e-03 -1.54884e-03 -1.54789e-03 -1.54658e-03
 -1.54489e-03 -1.54283e-03 -1.54037e-03 -1.53753e-03 -1.53427e-03 -1.53061e-03
 -1.52652e-03 -1.52202e-03 -1.51708e-03 -1.51170e-03 -1.50588e-03 -1.49960e-03
 -1.49288e-03 -1.48570e-03 -1.47805e-03 -1.46993e-03 -1.46133e-03 -1.45226e-03
 -1.44271e-03 -1.43267e-03 -1.42213e-03 -1.41109e-03 -1.39957e-03 -1.38756e-03
 -1.37505e-03 -1.36204e-03 -1.34852e-03 -1.33450e-03 -1.31997e-03 -1.30493e-03
 -1.28939e-03 -1.27334e-03 -1.25678e-03 -1.23973e-03 -1.22216e-03 -1.20409e-03
 -1.18552e-03 -1.16645e-03 -1.14688e-03 -1.12681e-03 -1.10626e-03 -1.08521e-03
 -1.06368e-03 -1.04167e-03 -1.01918e-03 -9.96223e-04 -9.72796e-04 -9.48908e-04
 -9.24562e-04 -8.99764e-04 -8.74515e-04 -8.48824e-04 -8.22701e-04 -7.96153e-04
 -7.69189e-04 -7.41812e-04 -7.14031e-04 -6.85854e-04 -6.57291e-04 -6.28353e-04
 -5.99046e-04 -5.69380e-04 -5.39364e-04 -5.09007e-04 -4.78320e-04 -4.47311e-04
 -4.15994e-04 -3.84382e-04 -3.52485e-04 -3.20312e-04 -2.87875e-04 -2.55189e-04
 -2.22268e-04 -1.89124e-04 -1.55767e-04 -1.22206e-04 -8.84535e-05 -5.45263e-05
 -2.04401e-05  1.37896e-05  4.81484e-05  8.26246e-05  1.17206e-04  1.51877e-04
  1.86619e-04  2.21416e-04  2.56254e-04  2.91122e-04  3.26009e-04  3.60896e-04
  3.95763e-04  4.30591e-04  4.65368e-04  5.00084e-04  5.34724e-04  5.69270e-04
  6.03703e-04  6.38005e-04  6.72163e-04  7.06161e-04  7.39985e-04  7.73622e-04
  8.07056e-04  8.40271e-04  8.73246e-04  9.05967e-04  9.38417e-04  9.70583e-04
  1.00245e-03  1.03400e-03  1.06523e-03  1.09611e-03  1.12664e-03  1.15679e-03
  1.18655e-03  1.21592e-03  1.24487e-03  1.27340e-03  1.30149e-03  1.32912e-03
  1.35627e-03  1.38294e-03  1.40912e-03  1.43480e-03  1.45996e-03  1.48459e-03
  1.50868e-03  1.53220e-03  1.55517e-03  1.57756e-03  1.59936e-03  1.62058e-03
  1.64118e-03  1.66117e-03  1.68055e-03  1.69929e-03  1.71739e-03  1.73484e-03
  1.75163e-03  1.76776e-03  1.78322e-03  1.79800e-03  1.81209e-03  1.82550e-03
  1.83821e-03  1.85023e-03  1.86155e-03  1.87215e-03  1.88204e-03  1.89121e-03
  1.89967e-03  1.90740e-03  1.91441e-03  1.92069e-03  1.92624e-03  1.93107e-03
  1.93516e-03  1.93853e-03  1.94117e-03  1.94308e-03  1.94426e-03  1.94472e-03
  1.94445e-03  1.94346e-03  1.94176e-03  1.93934e-03  1.93620e-03  1.93236e-03
  1.92782e-03  1.92258e-03  1.91665e-03  1.91004e-03  1.90274e-03  1.89478e-03
  1.88615e-03  1.87687e-03  1.86693e-03  1.85636e-03  1.84515e-03  1.83333e-03
  1.82091e-03  1.80788e-03  1.79426e-03  1.78007e-03  1.76531e-03  1.75001e-03
  1.73418e-03  1.71782e-03  1.70094e-03  1.68357e-03  1.66571e-03  1.64740e-03
  1.62863e-03  1.60941e-03  1.58978e-03  1.56974e-03  1.54933e-03  1.52854e-03
  1.50741e-03  1.48594e-03  1.46416e-03  1.44208e-03  1.41973e-03  1.39711e-03
  1.37426e-03  1.35119e-03  1.32792e-03  1.30447e-03  1.28085e-03  1.25710e-03
  1.23324e-03  1.20928e-03  1.18524e-03  1.16114e-03  1.13701e-03  1.11286e-03
  1.08873e-03  1.06463e-03  1.04058e-03  1.01660e-03  9.92711e-04  9.68936e-04
  9.45296e-04  9.21810e-04  8.98500e-04  8.75387e-04  8.52491e-04  8.29833e-04
  8.07433e-04  7.85312e-04  7.63488e-04  7.41981e-04  7.20808e-04  6.99991e-04
  6.79547e-04  6.59496e-04  6.39852e-04  6.20631e-04  6.01850e-04  5.83525e-04
  5.65672e-04  5.48307e-04  5.31445e-04  5.15102e-04  4.99292e-04  4.84024e-04
  4.69306e-04  4.55151e-04  4.41572e-04  4.28584e-04  4.16199e-04  4.04424e-04
  3.93264e-04  3.82726e-04  3.72815e-04  3.63539e-04  3.54904e-04  3.46915e-04
  3.39576e-04  3.32890e-04  3.26856e-04  3.21478e-04  3.16757e-04  3.12693e-04
  3.09285e-04  3.06530e-04  3.04426e-04  3.02973e-04  3.02166e-04  3.01998e-04
  3.02459e-04  3.03545e-04  3.05251e-04  3.07571e-04  3.10496e-04  3.14011e-04
  3.18103e-04  3.22760e-04  3.27970e-04  3.33723e-04  3.40008e-04  3.46812e-04
  3.54116e-04  3.61901e-04  3.70149e-04  3.78846e-04  3.87975e-04  3.97518e-04
  4.07451e-04  4.17752e-04  4.28404e-04  4.39388e-04  4.50682e-04  4.62262e-04
  4.74104e-04  4.86186e-04  4.98485e-04  5.10978e-04  5.23638e-04  5.36438e-04
  5.49352e-04  5.62356e-04  5.75424e-04  5.88530e-04  6.01650e-04  6.14757e-04
  6.27821e-04  6.40812e-04  6.53703e-04  6.66469e-04  6.79084e-04  6.91520e-04
  7.03746e-04  7.15734e-04  7.27457e-04  7.38892e-04  7.50016e-04  7.60800e-04
  7.71215e-04  7.81228e-04  7.90812e-04  7.99945e-04  8.08605e-04  8.16768e-04
  8.24406e-04  8.31491e-04  8.37997e-04  8.43904e-04  8.49191e-04  8.53832e-04
  8.57800e-04  8.61075e-04  8.63642e-04  8.65482e-04  8.66575e-04  8.66895e-04
  8.66422e-04  8.65140e-04  8.63038e-04  8.60102e-04  8.56315e-04  8.51662e-04
  8.46127e-04  8.39698e-04  8.32361e-04  8.24106e-04  8.14921e-04  8.04797e-04
  7.93727e-04  7.81705e-04  7.68727e-04  7.54789e-04  7.39887e-04  7.24014e-04
  7.07163e-04  6.89332e-04  6.70524e-04  6.50740e-04  6.29982e-04  6.08254e-04
  5.85559e-04  5.61905e-04  5.37296e-04  5.11738e-04  4.85235e-04  4.57799e-04
  4.29441e-04  4.00170e-04  3.69997e-04  3.38933e-04  3.06993e-04  2.74193e-04
  2.40548e-04  2.06075e-04  1.70793e-04  1.34722e-04  9.78800e-05  6.02819e-05
  2.19463e-05 -1.71005e-05 -5.68292e-05 -9.72152e-05 -1.38241e-04 -1.79890e-04
 -2.22133e-04 -2.64935e-04 -3.08265e-04 -3.52101e-04 -3.96421e-04 -4.41196e-04
 -4.86389e-04 -5.31966e-04 -5.77896e-04 -6.24156e-04 -6.70715e-04 -7.17541e-04
 -7.64598e-04 -8.11856e-04 -8.59284e-04 -9.06846e-04 -9.54503e-04 -1.00222e-03
 -1.04995e-03 -1.09769e-03 -1.14539e-03 -1.19301e-03 -1.24052e-03 -1.28788e-03
 -1.33505e-03 -1.38200e-03 -1.42871e-03 -1.47513e-03 -1.52122e-03 -1.56695e-03
 -1.61228e-03 -1.65718e-03 -1.70161e-03 -1.74554e-03 -1.78894e-03 -1.83176e-03
 -1.87398e-03 -1.91556e-03 -1.95647e-03 -1.99668e-03 -2.03616e-03 -2.07487e-03
 -2.11278e-03 -2.14987e-03 -2.18609e-03 -2.22142e-03 -2.25583e-03 -2.28930e-03
 -2.32179e-03 -2.35328e-03 -2.38374e-03 -2.41314e-03 -2.44146e-03 -2.46868e-03
 -2.49477e-03 -2.51972e-03 -2.54350e-03 -2.56608e-03 -2.58746e-03 -2.60760e-03
 -2.62650e-03 -2.64414e-03 -2.66049e-03 -2.67555e-03 -2.68931e-03 -2.70174e-03
 -2.71284e-03 -2.72260e-03 -2.73100e-03 -2.73805e-03 -2.74373e-03 -2.74803e-03
 -2.75096e-03 -2.75250e-03 -2.75267e-03 -2.75145e-03 -2.74884e-03 -2.74484e-03
 -2.73946e-03 -2.73270e-03 -2.72457e-03 -2.71506e-03 -2.70419e-03 -2.69196e-03
 -2.67838e-03 -2.66347e-03 -2.64724e-03 -2.62969e-03 -2.61085e-03 -2.59072e-03
 -2.56932e-03 -2.54667e-03 -2.52278e-03 -2.49767e-03 -2.47136e-03 -2.44388e-03
 -2.41523e-03 -2.38545e-03 -2.35456e-03 -2.32257e-03 -2.28951e-03 -2.25542e-03
 -2.22030e-03 -2.18420e-03 -2.14714e-03 -2.10914e-03 -2.07024e-03 -2.03046e-03
 -1.98983e-03 -1.94838e-03 -1.90614e-03 -1.86314e-03 -1.81942e-03 -1.77499e-03
 -1.72989e-03 -1.68416e-03 -1.63782e-03 -1.59092e-03 -1.54347e-03 -1.49551e-03
 -1.44707e-03 -1.39820e-03 -1.34890e-03 -1.29923e-03 -1.24920e-03 -1.19885e-03
 -1.14822e-03 -1.09733e-03 -1.04622e-03 -9.94895e-04 -9.43405e-04 -8.91780e-04
 -8.40054e-04 -7.88250e-04 -7.36392e-04 -6.84507e-04 -6.32627e-04 -5.80785e-04
 -5.29010e-04 -4.77324e-04 -4.25748e-04 -3.74305e-04 -3.23021e-04 -2.71927e-04
 -2.21048e-04 -1.70406e-04 -1.20020e-04 -6.99115e-05 -2.01040e-05  2.93782e-05
  7.85115e-05  1.27276e-04  1.75652e-04  2.23625e-04  2.71176e-04  3.18288e-04
  3.64940e-04  4.11115e-04  4.56796e-04  5.01965e-04  5.46606e-04  5.90704e-04
  6.34242e-04  6.77204e-04  7.19577e-04  7.61350e-04  8.02509e-04  8.43040e-04
  8.82925e-04  9.22151e-04  9.60707e-04  9.98582e-04  1.03576e-03  1.07224e-03
  1.10800e-03  1.14303e-03  1.17732e-03  1.21085e-03  1.24362e-03  1.27562e-03
  1.30683e-03  1.33725e-03  1.36686e-03  1.39565e-03  1.42362e-03  1.45075e-03
  1.47705e-03  1.50248e-03  1.52705e-03  1.55075e-03  1.57356e-03  1.59549e-03
  1.61653e-03  1.63665e-03  1.65585e-03  1.67413e-03  1.69148e-03  1.70789e-03
  1.72336e-03  1.73787e-03  1.75142e-03  1.76400e-03  1.77562e-03  1.78627e-03
  1.79593e-03  1.80460e-03  1.81227e-03  1.81895e-03  1.82463e-03  1.82931e-03
  1.83299e-03  1.83565e-03  1.83730e-03  1.83795e-03  1.83758e-03  1.83621e-03
  1.83383e-03  1.83043e-03  1.82602e-03  1.82060e-03  1.81417e-03  1.80675e-03
  1.79833e-03  1.78892e-03  1.77853e-03  1.76715e-03  1.75480e-03  1.74148e-03
  1.72721e-03  1.71199e-03  1.69584e-03  1.67876e-03  1.66076e-03  1.64186e-03
  1.62207e-03  1.60140e-03  1.57986e-03  1.55748e-03  1.53427e-03  1.51024e-03
  1.48542e-03  1.45983e-03  1.43346e-03  1.40635e-03  1.37852e-03  1.34999e-03
  1.32078e-03  1.29091e-03  1.26040e-03  1.22928e-03  1.19757e-03  1.16529e-03
  1.13247e-03  1.09913e-03  1.06530e-03  1.03100e-03  9.96264e-04  9.61112e-04
  9.25576e-04  8.89686e-04  8.53469e-04  8.16948e-04  7.80146e-04  7.43092e-04
  7.05818e-04  6.68358e-04  6.30738e-04  5.92983e-04  5.55119e-04  5.17173e-04
  4.79176e-04  4.41158e-04  4.03149e-04  3.65178e-04  3.27272e-04  2.89458e-04
  2.51764e-04  2.14218e-04  1.76849e-04  1.39687e-04  1.02757e-04  6.60818e-05
  2.96868e-05 -6.40060e-06 -4.21514e-05 -7.75385e-05 -1.12539e-04 -1.47134e-04
 -1.81300e-04 -2.15011e-04 -2.48242e-04 -2.80967e-04 -3.13169e-04 -3.44829e-04
 -3.75927e-04 -4.06440e-04 -4.36349e-04 -4.65633e-04 -4.94275e-04 -5.22253e-04
 -5.49549e-04 -5.76147e-04 -6.02032e-04 -6.27190e-04 -6.51605e-04 -6.75260e-04
 -6.98143e-04 -7.20240e-04 -7.41540e-04 -7.62032e-04 -7.81703e-04 -8.00540e-04
 -8.18533e-04 -8.35675e-04 -8.51960e-04 -8.67383e-04 -8.81933e-04 -8.95602e-04
 -9.08379e-04 -9.20260e-04 -9.31244e-04 -9.41330e-04 -9.50512e-04 -9.58788e-04
 -9.66155e-04 -9.72613e-04 -9.78162e-04 -9.82802e-04 -9.86530e-04 -9.89347e-04
 -9.91258e-04 -9.92269e-04 -9.92385e-04 -9.91609e-04 -9.89939e-04 -9.87379e-04
 -9.83939e-04 -9.79631e-04 -9.74465e-04 -9.68444e-04 -9.61574e-04 -9.53862e-04
 -9.45321e-04 -9.35967e-04 -9.25809e-04 -9.14858e-04 -9.03124e-04 -8.90623e-04
 -8.77371e-04 -8.63382e-04 -8.48670e-04 -8.33249e-04 -8.17140e-04 -8.00362e-04
 -7.82929e-04 -7.64860e-04 -7.46173e-04 -7.26888e-04 -7.07027e-04 -6.86607e-04
 -6.65647e-04 -6.44169e-04 -6.22196e-04 -5.99750e-04 -5.76854e-04 -5.53532e-04
 -5.29807e-04 -5.05702e-04 -4.81242e-04 -4.56448e-04 -4.31349e-04 -4.05970e-04
 -3.80335e-04 -3.54466e-04 -3.28389e-04 -3.02135e-04 -2.75734e-04 -2.49212e-04
 -2.22592e-04 -1.95897e-04 -1.69153e-04 -1.42392e-04 -1.15640e-04 -8.89238e-05
 -6.22679e-05 -3.56995e-05 -9.24582e-06  1.70656e-05  4.32079e-05  6.91555e-05
  9.48845e-05  1.20370e-04  1.45587e-04  1.70509e-04  1.95111e-04  2.19368e-04
  2.43258e-04  2.66756e-04  2.89838e-04  3.12478e-04  3.34657e-04  3.56356e-04
  3.77557e-04  3.98235e-04  4.18367e-04  4.37935e-04  4.56921e-04  4.75309e-04
  4.93083e-04  5.10226e-04  5.26722e-04  5.42556e-04  5.57712e-04  5.72176e-04
  5.85938e-04  5.98990e-04  6.11317e-04  6.22908e-04  6.33752e-04  6.43845e-04
  6.53180e-04  6.61752e-04  6.69554e-04  6.76579e-04  6.82827e-04  6.88297e-04
  6.92989e-04  6.96899e-04  7.00027e-04  7.02376e-04  7.03950e-04  7.04753e-04
  7.04788e-04  7.04057e-04  7.02567e-04  7.00323e-04  6.97335e-04  6.93614e-04
  6.89169e-04  6.84013e-04  6.78156e-04  6.71609e-04  6.64386e-04  6.56500e-04
  6.47966e-04  6.38798e-04  6.29014e-04  6.18630e-04  6.07666e-04  5.96137e-04
  5.84062e-04  5.71458e-04  5.58350e-04  5.44760e-04  5.30708e-04  5.16213e-04
  5.01294e-04  4.85975e-04  4.70281e-04  4.54237e-04  4.37863e-04  4.21180e-04
  4.04210e-04  3.86982e-04  3.69521e-04  3.51854e-04  3.34001e-04  3.15984e-04
  2.97829e-04  2.79560e-04  2.61205e-04  2.42787e-04  2.24328e-04  2.05852e-04
  1.87383e-04  1.68947e-04  1.50568e-04  1.32267e-04  1.14067e-04  9.59903e-05
  7.80597e-05  6.02967e-05  4.27213e-05  2.53536e-05  8.21523e-06 -8.67149e-06
 -2.52849e-05 -4.16051e-05 -5.76150e-05 -7.32980e-05 -8.86376e-05 -1.03616e-04
 -1.18217e-04 -1.32421e-04 -1.46216e-04 -1.59589e-04 -1.72527e-04 -1.85014e-04
 -1.97036e-04 -2.08581e-04 -2.19639e-04 -2.30203e-04 -2.40260e-04 -2.49799e-04
 -2.58811e-04 -2.67291e-04 -2.75234e-04 -2.82633e-04 -2.89477e-04 -2.95762e-04
 -3.01485e-04 -3.06646e-04 -3.11240e-04 -3.15262e-04 -3.18711e-04 -3.21588e-04
 -3.23895e-04 -3.25632e-04 -3.26797e-04 -3.27393e-04 -3.27423e-04 -3.26891e-04
 -3.25799e-04 -3.24149e-04 -3.21947e-04 -3.19201e-04 -3.15918e-04 -3.12103e-04
 -3.07760e-04 -3.02895e-04 -2.97518e-04 -2.91637e-04 -2.85264e-04 -2.78407e-04
 -2.71075e-04 -2.63280e-04 -2.55032e-04 -2.46343e-04 -2.37226e-04 -2.27692e-04
 -2.17751e-04 -2.07415e-04 -1.96697e-04 -1.85612e-04 -1.74173e-04 -1.62394e-04
 -1.50287e-04 -1.37868e-04 -1.25155e-04 -1.12160e-04 -9.88974e-05 -8.53800e-05
 -7.16241e-05 -5.76472e-05 -4.34653e-05 -2.90916e-05 -1.45400e-05  1.73342e-07
  1.50309e-05  3.00159e-05  4.51138e-05  6.03102e-05  7.55906e-05  9.09397e-05
  1.06343e-04  1.21782e-04  1.37241e-04  1.52702e-04  1.68152e-04  1.83579e-04
  1.98969e-04  2.14305e-04  2.29571e-04  2.44752e-04  2.59836e-04  2.74813e-04
  2.89666e-04  3.04381e-04  3.18944e-04  3.33343e-04  3.47567e-04  3.61601e-04
  3.75433e-04  3.89052e-04  4.02447e-04  4.15609e-04  4.28524e-04  4.41182e-04
  4.53576e-04  4.65695e-04  4.77529e-04  4.89065e-04  5.00293e-04  5.11204e-04
  5.21792e-04  5.32051e-04  5.41971e-04  5.51547e-04  5.60773e-04  5.69644e-04
  5.78153e-04  5.86293e-04  5.94058e-04  6.01446e-04  6.08454e-04  6.15078e-04
  6.21310e-04  6.27144e-04  6.32578e-04  6.37613e-04  6.42247e-04  6.46477e-04
  6.50300e-04  6.53715e-04  6.56724e-04  6.59328e-04  6.61527e-04  6.63318e-04
  6.64698e-04  6.65669e-04  6.66234e-04  6.66397e-04  6.66161e-04  6.65524e-04
  6.64490e-04  6.63062e-04  6.61244e-04  6.59038e-04  6.56448e-04  6.53478e-04
  6.50133e-04  6.46418e-04  6.42338e-04  6.37896e-04  6.33098e-04  6.27951e-04
  6.22463e-04  6.16638e-04  6.10480e-04  6.03996e-04  5.97193e-04  5.90080e-04
  5.82664e-04  5.74953e-04  5.66955e-04  5.58676e-04  5.50126e-04  5.41314e-04
  5.32250e-04  5.22943e-04  5.13400e-04  5.03627e-04  4.93632e-04  4.83426e-04
  4.73021e-04  4.62427e-04  4.51651e-04  4.40701e-04  4.29591e-04  4.18331e-04
  4.06933e-04  3.95404e-04  3.83753e-04  3.71993e-04  3.60135e-04  3.48187e-04
  3.36159e-04  3.24061e-04  3.11906e-04  2.99706e-04  2.87468e-04  2.75202e-04
  2.62919e-04  2.50632e-04  2.38352e-04  2.26087e-04  2.13844e-04  2.01633e-04
  1.89467e-04  1.77357e-04  1.65315e-04  1.53348e-04  1.41463e-04  1.29668e-04
  1.17973e-04  1.06389e-04  9.49258e-05  8.35933e-05  7.23986e-05  6.13471e-05
  5.04455e-05  3.97025e-05  2.91274e-05  1.87278e-05  8.51018e-06 -1.51979e-06
 -1.13557e-05 -2.09915e-05 -3.04220e-05 -3.96431e-05 -4.86504e-05 -5.74397e-05
 -6.60068e-05 -7.43479e-05 -8.24594e-05 -9.03374e-05 -9.79795e-05 -1.05384e-04
 -1.12551e-04 -1.19478e-04 -1.26163e-04 -1.32608e-04 -1.38815e-04 -1.44787e-04
 -1.50524e-04 -1.56022e-04 -1.61281e-04 -1.66309e-04 -1.71110e-04 -1.75689e-04
 -1.80048e-04 -1.84186e-04 -1.88111e-04 -1.91830e-04 -1.95348e-04 -1.98671e-04
 -2.01803e-04 -2.04752e-04 -2.07528e-04 -2.10141e-04 -2.12597e-04 -2.14901e-04
 -2.17060e-04 -2.19086e-04 -2.20991e-04 -2.22783e-04 -2.24471e-04 -2.26063e-04
 -2.27571e-04 -2.29006e-04 -2.30380e-04 -2.31703e-04 -2.32986e-04 -2.34239e-04
 -2.35476e-04 -2.36708e-04 -2.37948e-04 -2.39206e-04 -2.40492e-04 -2.41817e-04
 -2.43192e-04 -2.44629e-04 -2.46142e-04 -2.47740e-04 -2.49433e-04 -2.51233e-04
 -2.53149e-04 -2.55194e-04 -2.57376e-04 -2.59704e-04 -2.62187e-04 -2.64836e-04
 -2.67659e-04 -2.70665e-04 -2.73860e-04 -2.77250e-04 -2.80845e-04 -2.84652e-04
 -2.88676e-04 -2.92923e-04 -2.97395e-04 -3.02100e-04 -3.07040e-04 -3.12219e-04
 -3.17639e-04 -3.23300e-04 -3.29205e-04 -3.35356e-04 -3.41753e-04 -3.48398e-04
 -3.55287e-04 -3.62417e-04 -3.69784e-04 -3.77386e-04 -3.85222e-04 -3.93287e-04
 -4.01575e-04 -4.10076e-04 -4.18784e-04 -4.27698e-04 -4.36812e-04 -4.46116e-04
 -4.55598e-04 -4.65243e-04 -4.75045e-04 -4.84997e-04 -4.95088e-04 -5.05303e-04
 -5.15627e-04 -5.26049e-04 -5.36560e-04 -5.47145e-04 -5.57788e-04 -5.68472e-04
 -5.79181e-04 -5.89902e-04 -6.00622e-04 -6.11323e-04 -6.21987e-04 -6.32595e-04
 -6.43134e-04 -6.53588e-04 -6.63941e-04 -6.74173e-04 -6.84263e-04 -6.94195e-04
 -7.03955e-04 -7.13527e-04 -7.22892e-04 -7.32028e-04 -7.40917e-04 -7.49544e-04
 -7.57895e-04 -7.65953e-04 -7.73698e-04 -7.81114e-04 -7.88186e-04 -7.94899e-04
 -8.01238e-04 -8.07184e-04 -8.12721e-04 -8.17838e-04 -8.22523e-04 -8.26762e-04
 -8.30540e-04 -8.33843e-04 -8.36661e-04 -8.38983e-04 -8.40799e-04 -8.42098e-04
 -8.42871e-04 -8.43110e-04 -8.42809e-04 -8.41957e-04 -8.40545e-04 -8.38569e-04
 -8.36024e-04 -8.32906e-04 -8.29212e-04 -8.24937e-04 -8.20080e-04 -8.14641e-04
 -8.08621e-04 -8.02019e-04 -7.94832e-04 -7.87062e-04 -7.78712e-04 -7.69788e-04
 -7.60295e-04 -7.50238e-04 -7.39620e-04 -7.28450e-04 -7.16735e-04 -7.04485e-04
 -6.91705e-04 -6.78405e-04 -6.64594e-04 -6.50285e-04 -6.35490e-04 -6.20223e-04
 -6.04499e-04 -5.88327e-04 -5.71721e-04 -5.54696e-04 -5.37270e-04 -5.19463e-04
 -5.01293e-04 -4.82774e-04 -4.63922e-04 -4.44754e-04 -4.25292e-04 -4.05559e-04
 -3.85573e-04 -3.65355e-04 -3.44924e-04 -3.24301e-04 -3.03508e-04 -2.82565e-04
 -2.61496e-04 -2.40325e-04 -2.19075e-04 -1.97768e-04 -1.76425e-04 -1.55068e-04
 -1.33720e-04 -1.12407e-04 -9.11530e-05 -6.99799e-05 -4.89109e-05 -2.79687e-05
 -7.17479e-06  1.34508e-05  3.38863e-05  5.41066e-05  7.40850e-05  9.37991e-05
  1.13231e-04  1.32363e-04  1.51173e-04  1.69637e-04  1.87731e-04  2.05437e-04
  2.22739e-04  2.39619e-04  2.56059e-04  2.72039e-04  2.87543e-04  3.02556e-04
  3.17063e-04  3.31046e-04  3.44489e-04  3.57377e-04  3.69700e-04  3.81445e-04
  3.92601e-04  4.03156e-04  4.13099e-04  4.22420e-04  4.31112e-04  4.39168e-04
  4.46582e-04  4.53347e-04  4.59456e-04  4.64903e-04  4.69683e-04  4.73795e-04
  4.77237e-04  4.80009e-04  4.82107e-04  4.83532e-04  4.84284e-04  4.84367e-04
  4.83787e-04  4.82547e-04  4.80650e-04  4.78102e-04  4.74908e-04  4.71076e-04
  4.66613e-04  4.61526e-04  4.55826e-04  4.49520e-04  4.42622e-04  4.35141e-04
  4.27088e-04  4.18476e-04  4.09319e-04  3.99632e-04  3.89432e-04  3.78732e-04
  3.67545e-04  3.55887e-04  3.43774e-04  3.31229e-04  3.18269e-04  3.04910e-04
  2.91167e-04  2.77056e-04  2.62602e-04  2.47827e-04  2.32752e-04  2.17395e-04
  2.01772e-04  1.85904e-04  1.69812e-04  1.53520e-04  1.37049e-04  1.20419e-04
  1.03650e-04  8.67659e-05  6.97882e-05  5.27395e-05  3.56412e-05  1.85142e-05
  1.37958e-06 -1.57416e-05 -3.28280e-05 -4.98574e-05 -6.68078e-05 -8.36577e-05
 -1.00387e-04 -1.16975e-04 -1.33403e-04 -1.49650e-04 -1.65696e-04 -1.81521e-04
 -1.97106e-04 -2.12432e-04 -2.27481e-04 -2.42236e-04 -2.56676e-04 -2.70783e-04
 -2.84541e-04 -2.97933e-04 -3.10945e-04 -3.23558e-04 -3.35758e-04 -3.47530e-04
 -3.58861e-04 -3.69740e-04 -3.80149e-04 -3.90073e-04 -3.99500e-04 -4.08422e-04
 -4.16829e-04 -4.24712e-04 -4.32058e-04 -4.38855e-04 -4.45094e-04 -4.50768e-04
 -4.55871e-04 -4.60397e-04 -4.64338e-04 -4.67688e-04 -4.70441e-04 -4.72593e-04
 -4.74141e-04 -4.75082e-04 -4.75415e-04 -4.75137e-04 -4.74245e-04 -4.72738e-04
 -4.70617e-04 -4.67886e-04 -4.64548e-04 -4.60602e-04 -4.56047e-04 -4.50888e-04
 -4.45129e-04 -4.38777e-04 -4.31836e-04 -4.24312e-04 -4.16209e-04 -4.07535e-04
 -3.98301e-04 -3.88515e-04 -3.78188e-04 -3.67327e-04 -3.55939e-04 -3.44038e-04
 -3.31634e-04 -3.18740e-04 -3.05367e-04 -2.91526e-04 -2.77230e-04 -2.62494e-04
 -2.47333e-04 -2.31765e-04 -2.15804e-04 -1.99464e-04 -1.82760e-04 -1.65710e-04
 -1.48329e-04 -1.30637e-04 -1.12649e-04 -9.43821e-05 -7.58544e-05 -5.70866e-05
 -3.80986e-05 -1.89094e-05  4.64235e-07  2.00054e-05  3.96950e-05  5.95112e-05
  7.94328e-05  9.94408e-05  1.19518e-04  1.39648e-04  1.59810e-04  1.79980e-04
  2.00139e-04  2.20265e-04  2.40343e-04  2.60354e-04  2.80276e-04  3.00089e-04
  3.19772e-04  3.39310e-04  3.58684e-04  3.77877e-04  3.96869e-04  4.15642e-04
  4.34179e-04  4.52462e-04  4.70473e-04  4.88197e-04  5.05618e-04  5.22722e-04
  5.39494e-04  5.55918e-04  5.71977e-04  5.87658e-04  6.02947e-04  6.17831e-04
  6.32298e-04  6.46336e-04  6.59933e-04  6.73076e-04  6.85755e-04  6.97962e-04
  7.09690e-04  7.20931e-04  7.31672e-04  7.41904e-04  7.51619e-04  7.60812e-04
  7.69479e-04  7.77613e-04  7.85206e-04  7.92255e-04  7.98753e-04  8.04699e-04
  8.10091e-04  8.14925e-04  8.19201e-04  8.22916e-04  8.26069e-04  8.28660e-04
  8.30689e-04  8.32156e-04  8.33062e-04  8.33408e-04  8.33195e-04  8.32428e-04
  8.31109e-04  8.29240e-04  8.26824e-04  8.23867e-04  8.20372e-04  8.16346e-04
  8.11794e-04  8.06720e-04  8.01130e-04  7.95032e-04  7.88432e-04  7.81336e-04
  7.73748e-04  7.65678e-04  7.57133e-04  7.48122e-04  7.38654e-04  7.28735e-04
  7.18375e-04  7.07583e-04  6.96368e-04  6.84742e-04  6.72713e-04  6.60287e-04
  6.47476e-04  6.34289e-04  6.20737e-04  6.06832e-04  5.92585e-04  5.78008e-04
  5.63107e-04  5.47894e-04  5.32379e-04  5.16573e-04  5.00490e-04  4.84141e-04
  4.67535e-04  4.50685e-04  4.33600e-04  4.16296e-04  3.98783e-04  3.81071e-04
  3.63172e-04  3.45095e-04  3.26857e-04  3.08470e-04  2.89944e-04  2.71292e-04
  2.52523e-04  2.33653e-04  2.14694e-04  1.95659e-04  1.76557e-04  1.57398e-04
  1.38197e-04  1.18964e-04  9.97145e-05  8.04603e-05  6.12132e-05  4.19850e-05
  2.27880e-05  3.63437e-06 -1.54632e-05 -3.44921e-05 -5.34413e-05 -7.23000e-05
 -9.10565e-05 -1.09699e-04 -1.28214e-04 -1.46591e-04 -1.64817e-04 -1.82881e-04
 -2.00774e-04 -2.18482e-04 -2.35993e-04 -2.53297e-04 -2.70384e-04 -2.87244e-04
 -3.03867e-04 -3.20242e-04 -3.36359e-04 -3.52206e-04 -3.67773e-04 -3.83053e-04
 -3.98036e-04 -4.12712e-04 -4.27073e-04 -4.41111e-04 -4.54818e-04 -4.68187e-04
 -4.81209e-04 -4.93876e-04 -5.06182e-04 -5.18119e-04 -5.29684e-04 -5.40868e-04
 -5.51666e-04 -5.62072e-04 -5.72081e-04 -5.81692e-04 -5.90898e-04 -5.99696e-04
 -6.08081e-04 -6.16050e-04 -6.23600e-04 -6.30732e-04 -6.37444e-04 -6.43732e-04
 -6.49597e-04 -6.55037e-04 -6.60053e-04 -6.64645e-04 -6.68814e-04 -6.72560e-04
 -6.75885e-04 -6.78792e-04 -6.81283e-04 -6.83359e-04 -6.85022e-04 -6.86278e-04
 -6.87132e-04 -6.87588e-04 -6.87650e-04 -6.87321e-04 -6.86606e-04 -6.85513e-04
 -6.84050e-04 -6.82220e-04 -6.80030e-04 -6.77483e-04 -6.74589e-04 -6.71359e-04
 -6.67799e-04 -6.63917e-04 -6.59716e-04 -6.55204e-04 -6.50390e-04 -6.45286e-04
 -6.39902e-04 -6.34245e-04 -6.28321e-04 -6.22141e-04 -6.15714e-04 -6.09050e-04
 -6.02159e-04 -5.95049e-04 -5.87729e-04 -5.80211e-04 -5.72503e-04 -5.64614e-04
 -5.56551e-04 -5.48326e-04 -5.39948e-04 -5.31426e-04 -5.22769e-04 -5.13985e-04
 -5.05084e-04 -4.96076e-04 -4.86970e-04 -4.77772e-04 -4.68491e-04 -4.59134e-04
 -4.49711e-04 -4.40230e-04 -4.30699e-04 -4.21122e-04 -4.11507e-04 -4.01863e-04
 -3.92199e-04 -3.82518e-04 -3.72827e-04 -3.63131e-04 -3.53435e-04 -3.43748e-04
 -3.34074e-04 -3.24419e-04 -3.14787e-04 -3.05182e-04 -2.95609e-04 -2.86072e-04
 -2.76575e-04 -2.67122e-04 -2.57717e-04 -2.48362e-04 -2.39058e-04 -2.29809e-04
 -2.20618e-04 -2.11489e-04 -2.02423e-04 -1.93420e-04 -1.84480e-04 -1.75606e-04
 -1.66801e-04 -1.58067e-04 -1.49402e-04 -1.40805e-04 -1.32275e-04 -1.23814e-04
 -1.15423e-04 -1.07102e-04 -9.88482e-05 -9.06615e-05 -8.25417e-05 -7.44877e-05
 -6.64975e-05 -5.85689e-05 -5.07015e-05 -4.28953e-05 -3.51491e-05 -2.74593e-05
 -1.98219e-05 -1.22340e-05 -4.69461e-06  2.79672e-06  1.02418e-05  1.76439e-05
  2.50062e-05  3.23313e-05  3.96212e-05  4.68787e-05  5.41064e-05  6.13076e-05
  6.84851e-05  7.56410e-05  8.27777e-05  8.98984e-05  9.70065e-05  1.04106e-04
  1.11199e-04  1.18289e-04  1.25379e-04  1.32469e-04  1.39563e-04  1.46662e-04
  1.53770e-04  1.60888e-04  1.68021e-04  1.75172e-04  1.82343e-04  1.89536e-04
  1.96752e-04  2.03995e-04  2.11265e-04  2.18564e-04  2.25893e-04  2.33253e-04
  2.40646e-04  2.48076e-04  2.55544e-04  2.63051e-04  2.70594e-04  2.78176e-04
  2.85798e-04  2.93463e-04  3.01172e-04  3.08920e-04  3.16707e-04  3.24534e-04
  3.32401e-04  3.40309e-04  3.48257e-04  3.56243e-04  3.64267e-04  3.72328e-04
  3.80425e-04  3.88556e-04  3.96717e-04  4.04907e-04  4.13124e-04  4.21365e-04
  4.29627e-04  4.37909e-04  4.46206e-04  4.54517e-04  4.62837e-04  4.71162e-04
  4.79490e-04  4.87816e-04  4.96136e-04  5.04445e-04  5.12737e-04  5.21012e-04
  5.29265e-04  5.37491e-04  5.45684e-04  5.53836e-04  5.61944e-04  5.70004e-04
  5.78011e-04  5.85958e-04  5.93838e-04  6.01645e-04  6.09375e-04  6.17022e-04
  6.24579e-04  6.32041e-04  6.39402e-04  6.46655e-04  6.53793e-04  6.60810e-04
  6.67698e-04  6.74454e-04  6.81070e-04  6.87541e-04  6.93858e-04  7.00016e-04
  7.06010e-04  7.11833e-04  7.17480e-04  7.22941e-04  7.28212e-04  7.33288e-04
  7.38162e-04  7.42830e-04  7.47284e-04  7.51519e-04  7.55530e-04  7.59309e-04
  7.62856e-04  7.66164e-04  7.69228e-04  7.72042e-04  7.74602e-04  7.76902e-04
  7.78941e-04  7.80714e-04  7.82218e-04  7.83447e-04  7.84397e-04  7.85064e-04
  7.85448e-04  7.85546e-04  7.85353e-04  7.84867e-04  7.84086e-04  7.83010e-04
  7.81637e-04  7.79965e-04  7.77992e-04  7.75715e-04  7.73135e-04  7.70252e-04
  7.67066e-04  7.63577e-04  7.59785e-04  7.55688e-04  7.51288e-04  7.46587e-04
  7.41585e-04  7.36286e-04  7.30689e-04  7.24798e-04  7.18613e-04  7.12137e-04
  7.05373e-04  6.98325e-04  6.90995e-04  6.83385e-04  6.75499e-04  6.67340e-04
  6.58914e-04  6.50226e-04  6.41279e-04  6.32078e-04  6.22626e-04  6.12929e-04
  6.02995e-04  5.92828e-04  5.82435e-04  5.71820e-04  5.60989e-04  5.49947e-04
  5.38702e-04  5.27259e-04  5.15627e-04  5.03812e-04  4.91821e-04  4.79662e-04
  4.67342e-04  4.54868e-04  4.42249e-04  4.29491e-04  4.16600e-04  4.03586e-04
  3.90457e-04  3.77221e-04  3.63886e-04  3.50458e-04  3.36945e-04  3.23357e-04
  3.09705e-04  2.95997e-04  2.82240e-04  2.68443e-04  2.54612e-04  2.40757e-04
  2.26886e-04  2.13009e-04  1.99133e-04  1.85266e-04  1.71415e-04  1.57589e-04
  1.43799e-04  1.30052e-04  1.16357e-04  1.02720e-04  8.91495e-05  7.56541e-05
  6.22406e-05  4.89155e-05  3.56863e-05  2.25614e-05  9.54871e-06 -3.34496e-06
 -1.61134e-05 -2.87497e-05 -4.12462e-05 -5.35959e-05 -6.57937e-05 -7.78346e-05
 -8.97134e-05 -1.01423e-04 -1.12958e-04 -1.24314e-04 -1.35484e-04 -1.46465e-04
 -1.57252e-04 -1.67842e-04 -1.78230e-04 -1.88411e-04 -1.98382e-04 -2.08140e-04
 -2.17684e-04 -2.27012e-04 -2.36119e-04 -2.45001e-04 -2.53656e-04 -2.62085e-04
 -2.70288e-04 -2.78267e-04 -2.86015e-04 -2.93531e-04 -3.00814e-04 -3.07867e-04
 -3.14690e-04 -3.21285e-04 -3.27650e-04 -3.33786e-04 -3.39695e-04 -3.45380e-04
 -3.50841e-04 -3.56081e-04 -3.61102e-04 -3.65908e-04 -3.70500e-04 -3.74882e-04
 -3.79057e-04 -3.83028e-04 -3.86801e-04 -3.90379e-04 -3.93767e-04 -3.96967e-04
 -3.99985e-04 -4.02825e-04 -4.05493e-04 -4.07994e-04 -4.10333e-04 -4.12514e-04
 -4.14544e-04 -4.16431e-04 -4.18181e-04 -4.19799e-04 -4.21289e-04 -4.22658e-04
 -4.23913e-04 -4.25064e-04 -4.26115e-04 -4.27071e-04 -4.27939e-04 -4.28725e-04
 -4.29438e-04 -4.30086e-04 -4.30674e-04 -4.31210e-04 -4.31700e-04 -4.32151e-04
 -4.32572e-04 -4.32969e-04 -4.33347e-04 -4.33713e-04 -4.34075e-04 -4.34441e-04
 -4.34818e-04 -4.35212e-04 -4.35628e-04 -4.36072e-04 -4.36551e-04 -4.37071e-04
 -4.37640e-04 -4.38264e-04 -4.38948e-04 -4.39699e-04 -4.40522e-04 -4.41421e-04
 -4.42402e-04 -4.43470e-04 -4.44630e-04 -4.45888e-04 -4.47245e-04 -4.48705e-04
 -4.50273e-04 -4.51957e-04 -4.53760e-04 -4.55686e-04 -4.57734e-04 -4.59905e-04
 -4.62205e-04 -4.64636e-04 -4.67202e-04 -4.69902e-04 -4.72736e-04 -4.75707e-04
 -4.78817e-04 -4.82067e-04 -4.85458e-04 -4.88987e-04 -4.92655e-04 -4.96463e-04
 -5.00410e-04 -5.04495e-04 -5.08716e-04 -5.13070e-04 -5.17557e-04 -5.22173e-04
 -5.26917e-04 -5.31784e-04 -5.36771e-04 -5.41875e-04 -5.47093e-04 -5.52422e-04
 -5.57857e-04 -5.63393e-04 -5.69025e-04 -5.74748e-04 -5.80556e-04 -5.86444e-04
 -5.92404e-04 -5.98432e-04 -6.04521e-04 -6.10665e-04 -6.16857e-04 -6.23090e-04
 -6.29354e-04 -6.35644e-04 -6.41952e-04 -6.48271e-04 -6.54593e-04 -6.60910e-04
 -6.67211e-04 -6.73490e-04 -6.79738e-04 -6.85946e-04 -6.92104e-04 -6.98205e-04
 -7.04240e-04 -7.10202e-04 -7.16080e-04 -7.21863e-04 -7.27543e-04 -7.33111e-04
 -7.38561e-04 -7.43883e-04 -7.49067e-04 -7.54104e-04 -7.58984e-04 -7.63697e-04
 -7.68237e-04 -7.72595e-04 -7.76762e-04 -7.80730e-04 -7.84489e-04 -7.88031e-04
 -7.91347e-04 -7.94432e-04 -7.97278e-04 -7.99877e-04 -8.02222e-04 -8.04306e-04
 -8.06122e-04 -8.07663e-04 -8.08924e-04 -8.09898e-04 -8.10579e-04 -8.10961e-04
 -8.11039e-04 -8.10807e-04 -8.10262e-04 -8.09397e-04 -8.08210e-04 -8.06697e-04
 -8.04854e-04 -8.02678e-04 -8.00164e-04 -7.97311e-04 -7.94115e-04 -7.90576e-04
 -7.86692e-04 -7.82461e-04 -7.77882e-04 -7.72954e-04 -7.67676e-04 -7.62048e-04
 -7.56069e-04 -7.49740e-04 -7.43061e-04 -7.36037e-04 -7.28667e-04 -7.20953e-04
 -7.12894e-04 -7.04492e-04 -6.95750e-04 -6.86671e-04 -6.77259e-04 -6.67518e-04
 -6.57448e-04 -6.47053e-04 -6.36336e-04 -6.25304e-04 -6.13960e-04 -6.02309e-04
 -5.90353e-04 -5.78099e-04 -5.65550e-04 -5.52713e-04 -5.39592e-04 -5.26193e-04
 -5.12522e-04 -4.98583e-04 -4.84384e-04 -4.69929e-04 -4.55224e-04 -4.40276e-04
 -4.25091e-04 -4.09675e-04 -3.94036e-04 -3.78177e-04 -3.62106e-04 -3.45828e-04
 -3.29351e-04 -3.12682e-04 -2.95827e-04 -2.78791e-04 -2.61583e-04 -2.44209e-04
 -2.26676e-04 -2.08991e-04 -1.91157e-04 -1.73182e-04 -1.55073e-04 -1.36837e-04
 -1.18481e-04 -1.00013e-04 -8.14369e-05 -6.27611e-05 -4.39915e-05 -2.51340e-05
 -6.19446e-06  1.28205e-05  3.19043e-05  5.10503e-05  7.02534e-05  8.95083e-05
  1.08809e-04  1.28148e-04  1.47518e-04  1.66913e-04  1.86329e-04  2.05759e-04
  2.25198e-04  2.44638e-04  2.64075e-04  2.83502e-04  3.02914e-04  3.22307e-04
  3.41674e-04  3.61008e-04  3.80305e-04  3.99557e-04  4.18759e-04  4.37906e-04
  4.56994e-04  4.76014e-04  4.94963e-04  5.13833e-04  5.32620e-04  5.51319e-04
  5.69923e-04  5.88426e-04  6.06822e-04  6.25106e-04  6.43274e-04  6.61317e-04
  6.79231e-04  6.97008e-04  7.14643e-04  7.32132e-04  7.49469e-04  7.66647e-04
  7.83659e-04  8.00501e-04  8.17166e-04  8.33650e-04  8.49945e-04  8.66045e-04
  8.81943e-04  8.97634e-04  9.13112e-04  9.28372e-04  9.43406e-04  9.58208e-04
  9.72771e-04  9.87087e-04  1.00115e-03  1.01496e-03  1.02851e-03  1.04178e-03
  1.05478e-03  1.06749e-03  1.07992e-03  1.09205e-03  1.10388e-03  1.11540e-03
  1.12661e-03  1.13749e-03  1.14805e-03  1.15828e-03  1.16817e-03  1.17771e-03
  1.18690e-03  1.19574e-03  1.20421e-03  1.21231e-03  1.22004e-03  1.22738e-03
  1.23434e-03  1.24091e-03  1.24708e-03  1.25285e-03  1.25821e-03  1.26316e-03
  1.26770e-03  1.27180e-03  1.27548e-03  1.27873e-03  1.28155e-03  1.28392e-03
  1.28585e-03  1.28732e-03  1.28835e-03  1.28892e-03  1.28903e-03  1.28867e-03
  1.28785e-03  1.28656e-03  1.28480e-03  1.28256e-03  1.27984e-03  1.27664e-03
  1.27296e-03  1.26880e-03  1.26415e-03  1.25901e-03  1.25338e-03  1.24726e-03
  1.24065e-03  1.23355e-03  1.22596e-03  1.21787e-03  1.20929e-03  1.20022e-03
  1.19066e-03  1.18061e-03  1.17006e-03  1.15903e-03  1.14750e-03  1.13550e-03
  1.12300e-03  1.11002e-03  1.09656e-03  1.08263e-03  1.06822e-03  1.05333e-03
  1.03798e-03  1.02216e-03  1.00587e-03  9.89128e-04  9.71929e-04  9.54278e-04
  9.36180e-04  9.17640e-04  8.98663e-04  8.79255e-04  8.59422e-04  8.39168e-04
  8.18499e-04  7.97420e-04  7.75938e-04  7.54061e-04  7.31795e-04  7.09147e-04
  6.86124e-04  6.62733e-04  6.38983e-04  6.14883e-04  5.90441e-04  5.65664e-04
  5.40561e-04  5.15139e-04  4.89408e-04  4.63379e-04  4.37063e-04  4.10468e-04
  3.83603e-04  3.56478e-04  3.29105e-04  3.01498e-04  2.73665e-04  2.45618e-04
  2.17366e-04  1.88922e-04  1.60299e-04  1.31510e-04  1.02566e-04  7.34788e-05
  4.42601e-05  1.49241e-05 -1.45148e-05 -4.40424e-05 -7.36457e-05 -1.03311e-04
 -1.33025e-04 -1.62773e-04 -1.92540e-04 -2.22311e-04 -2.52072e-04 -2.81810e-04
 -3.11509e-04 -3.41154e-04 -3.70729e-04 -4.00217e-04 -4.29602e-04 -4.58871e-04
 -4.88009e-04 -5.16998e-04 -5.45821e-04 -5.74460e-04 -6.02902e-04 -6.31131e-04
 -6.59131e-04 -6.86885e-04 -7.14375e-04 -7.41584e-04 -7.68498e-04 -7.95102e-04
 -8.21377e-04 -8.47307e-04 -8.72875e-04 -8.98067e-04 -9.22867e-04 -9.47259e-04
 -9.71223e-04 -9.94744e-04 -1.01781e-03 -1.04040e-03 -1.06251e-03 -1.08411e-03
 -1.10520e-03 -1.12575e-03 -1.14575e-03 -1.16520e-03 -1.18407e-03 -1.20235e-03
 -1.22003e-03 -1.23710e-03 -1.25353e-03 -1.23826e-03 -1.16181e-03 -1.03122e-03
 -8.59201e-04 -6.62927e-04 -4.62361e-04 -2.78241e-04 -1.29961e-04 -3.35566e-05
  0.00000e+00  0.00000e+00  0.00000e+00  0.00000e+00  0.00000e+00  0.00000e+00
  0.00000e+00  0.00000e+00  0.00000e+00  0.00000e+00  0.00000e+00  0.00000e+00
  0.00000e+00  0.00000e+00  0.00000e+00  0.00000e+00  0.00000e+00  0.00000e+00
  0.00000e+00  0.00000e+00  0.00000e+00  0.00000e+00  0.00000e+00  0.00000e+00
  0.00000e+00  0.00000e+00  0.00000e+00  0.00000e+00  0.00000e+00  0.00000e+00
  0.00000e+00  0.00000e+00  0.00000e+00  0.00000e+00  0.00000e+00  0.00000e+00
  0.00000e+00  0.00000e+00  0.00000e+00  0.00000e+00  0.00000e+00  0.00000e+00
  0.00000e+00  0.00000e+00  0.00000e+00  0.00000e+00  0.00000e+00  0.00000e+00
  0.00000e+00  0.00000e+00  0.00000e+00  0.00000e+00  0.00000e+00  0.00000e+00
  0.00000e+00  0.00000e+00  0.00000e+00  0.00000e+00  0.00000e+00  0.00000e+00
  0.00000e+00  0.00000e+00  0.00000e+00  0.00000e+00  0.00000e+00  0.00000e+00
  0.00000e+00  0.00000e+00  0.00000e+00  0.00000e+00  0.00000e+00  0.00000e+00
  0.00000e+00  0.00000e+00  0.00000e+00  0.00000e+00  0.00000e+00  0.00000e+00
  0.00000e+00  0.00000e+00  0.00000e+00  0.00000e+00  0.00000e+00  0.00000e+00
  0.00000e+00  0.00000e+00  0.00000e+00  0.00000e+00  0.00000e+00  0.00000e+00
  0.00000e+00  0.00000e+00  0.00000e+00  0.00000e+00  0.00000e+00  0.00000e+00
  0.00000e+00  0.00000e+00  0.00000e+00  0.00000e+00  0.00000e+00  0.00000e+00
  0.00000e+00  0.00000e+00  0.00000e+00  0.00000e+00  0.00000e+00  0.00000e+00
  0.00000e+00  0.00000e+00  0.00000e+00  0.00000e+00  0.00000e+00  0.00000e+00
  0.00000e+00  0.00000e+00  0.00000e+00  0.00000e+00  0.00000e+00  0.00000e+00
  0.00000e+00  0.00000e+00  0.00000e+00  0.00000e+00  0.00000e+00  0.00000e+00
  0.00000e+00  0.00000e+00  0.00000e+00  0.00000e+00  0.00000e+00  0.00000e+00
  0.00000e+00  0.00000e+00  0.00000e+00  0.00000e+00  0.00000e+00  0.00000e+00
  0.00000e+00  0.00000e+00  0.00000e+00  0.00000e+00  0.00000e+00  0.00000e+00
  0.00000e+00  0.00000e+00  0.00000e+00  0.00000e+00  0.00000e+00  0.00000e+00
  0.00000e+00  0.00000e+00  0.00000e+00  0.00000e+00  0.00000e+00  0.00000e+00
  0.00000e+00  0.00000e+00  0.00000e+00  0.00000e+00  0.00000e+00  0.00000e+00
  0.00000e+00  0.00000e+00  0.00000e+00  0.00000e+00  0.00000e+00  0.00000e+00
  0.00000e+00  0.00000e+00  0.00000e+00  0.00000e+00  0.00000e+00  0.00000e+00
  0.00000e+00  0.00000e+00  0.00000e+00  0.00000e+00  0.00000e+00  0.00000e+00
  0.00000e+00  0.00000e+00  0.00000e+00  0.00000e+00  0.00000e+00  0.00000e+00
  0.00000e+00  0.00000e+00  0.00000e+00  0.00000e+00  0.00000e+00  0.00000e+00
  0.00000e+00  0.00000e+00  0.00000e+00  0.00000e+00  0.00000e+00  0.00000e+00
  0.00000e+00  0.00000e+00  0.00000e+00  0.00000e+00  0.00000e+00  0.00000e+00
  0.00000e+00  0.00000e+00  0.00000e+00  0.00000e+00  0.00000e+00  0.00000e+00
  0.00000e+00  0.00000e+00  0.00000e+00  0.00000e+00  0.00000e+00  0.00000e+00
  0.00000e+00  0.00000e+00  0.00000e+00  0.00000e+00  0.00000e+00  0.00000e+00
  0.00000e+00  0.00000e+00  0.00000e+00  0.00000e+00  0.00000e+00  0.00000e+00
  0.00000e+00  0.00000e+00  0.00000e+00  0.00000e+00  0.00000e+00  0.00000e+00
  0.00000e+00  0.00000e+00  0.00000e+00  0.00000e+00  0.00000e+00  0.00000e+00
  0.00000e+00  0.00000e+00  0.00000e+00  0.00000e+00  0.00000e+00  0.00000e+00
  0.00000e+00  0.00000e+00  0.00000e+00  0.00000e+00  0.00000e+00  0.00000e+00
  0.00000e+00  0.00000e+00  0.00000e+00  0.00000e+00  0.00000e+00  0.00000e+00
  0.00000e+00  0.00000e+00  0.00000e+00  0.00000e+00  0.00000e+00  0.00000e+00
  0.00000e+00  0.00000e+00  0.00000e+00  0.00000e+00  0.00000e+00  0.00000e+00
  0.00000e+00  0.00000e+00  0.00000e+00  0.00000e+00  0.00000e+00  0.00000e+00
  0.00000e+00  0.00000e+00  0.00000e+00  0.00000e+00  0.00000e+00  0.00000e+00
  0.00000e+00  0.00000e+00  0.00000e+00  0.00000e+00  0.00000e+00  0.00000e+00
  0.00000e+00  0.00000e+00  0.00000e+00  0.00000e+00  0.00000e+00  0.00000e+00
  0.00000e+00  0.00000e+00  0.00000e+00  0.00000e+00  0.00000e+00  0.00000e+00
  0.00000e+00  0.00000e+00  0.00000e+00  0.00000e+00  0.00000e+00  0.00000e+00
  0.00000e+00  0.00000e+00  0.00000e+00  0.00000e+00  0.00000e+00  0.00000e+00
  0.00000e+00  0.00000e+00  0.00000e+00  0.00000e+00  0.00000e+00  0.00000e+00
  0.00000e+00  0.00000e+00  0.00000e+00  0.00000e+00  0.00000e+00  0.00000e+00
  0.00000e+00  0.00000e+00  0.00000e+00  0.00000e+00  0.00000e+00  0.00000e+00
  0.00000e+00  0.00000e+00  0.00000e+00  0.00000e+00  0.00000e+00  0.00000e+00
  0.00000e+00  0.00000e+00  0.00000e+00  0.00000e+00  0.00000e+00  0.00000e+00
  0.00000e+00  0.00000e+00  0.00000e+00  0.00000e+00  0.00000e+00  0.00000e+00
  0.00000e+00  0.00000e+00  0.00000e+00  0.00000e+00  0.00000e+00  0.00000e+00
  0.00000e+00  0.00000e+00  0.00000e+00  0.00000e+00  0.00000e+00  0.00000e+00
  0.00000e+00  0.00000e+00  0.00000e+00  0.00000e+00  0.00000e+00  0.00000e+00
  0.00000e+00  0.00000e+00  0.00000e+00  0.00000e+00  0.00000e+00  0.00000e+00
  0.00000e+00  0.00000e+00  0.00000e+00  0.00000e+00  0.00000e+00  0.00000e+00
  0.00000e+00  0.00000e+00  0.00000e+00  0.00000e+00  0.00000e+00  0.00000e+00
  0.00000e+00  0.00000e+00  0.00000e+00  0.00000e+00  0.00000e+00  0.00000e+00
  0.00000e+00  0.00000e+00  0.00000e+00  0.00000e+00  0.00000e+00  0.00000e+00
  0.00000e+00  0.00000e+00  0.00000e+00  0.00000e+00  0.00000e+00  0.00000e+00
  0.00000e+00  0.00000e+00  0.00000e+00  0.00000e+00  0.00000e+00  0.00000e+00
  0.00000e+00  0.00000e+00  0.00000e+00  0.00000e+00  0.00000e+00  0.00000e+00
  0.00000e+00  0.00000e+00  0.00000e+00  0.00000e+00  0.00000e+00  0.00000e+00
  0.00000e+00  0.00000e+00  0.00000e+00  0.00000e+00  0.00000e+00  0.00000e+00
  0.00000e+00  0.00000e+00  0.00000e+00  0.00000e+00  0.00000e+00  0.00000e+00
  0.00000e+00  0.00000e+00  0.00000e+00  0.00000e+00  0.00000e+00  0.00000e+00
  0.00000e+00  0.00000e+00  0.00000e+00  0.00000e+00  0.00000e+00  0.00000e+00
  0.00000e+00  0.00000e+00  0.00000e+00  0.00000e+00  0.00000e+00  0.00000e+00
  0.00000e+00  0.00000e+00  0.00000e+00  0.00000e+00  0.00000e+00  0.00000e+00
  0.00000e+00  0.00000e+00  0.00000e+00  0.00000e+00  0.00000e+00  0.00000e+00
  0.00000e+00  0.00000e+00  0.00000e+00  0.00000e+00  0.00000e+00  0.00000e+00
  0.00000e+00  0.00000e+00  0.00000e+00  0.00000e+00  0.00000e+00  0.00000e+00
  0.00000e+00  0.00000e+00  0.00000e+00  0.00000e+00  0.00000e+00  0.00000e+00
  0.00000e+00  0.00000e+00  0.00000e+00  0.00000e+00  0.00000e+00  0.00000e+00
  0.00000e+00  0.00000e+00  0.00000e+00  0.00000e+00  0.00000e+00  0.00000e+00
  0.00000e+00  0.00000e+00  0.00000e+00  0.00000e+00  0.00000e+00  0.00000e+00
  0.00000e+00  0.00000e+00  0.00000e+00  0.00000e+00  0.00000e+00  0.00000e+00
  0.00000e+00  0.00000e+00  0.00000e+00  0.00000e+00  0.00000e+00  0.00000e+00
  0.00000e+00  0.00000e+00  0.00000e+00  0.00000e+00  0.00000e+00  0.00000e+00
  0.00000e+00  0.00000e+00  0.00000e+00  0.00000e+00  0.00000e+00  0.00000e+00
  0.00000e+00  0.00000e+00  0.00000e+00  0.00000e+00  0.00000e+00  0.00000e+00
  0.00000e+00  0.00000e+00  0.00000e+00  0.00000e+00  0.00000e+00  0.00000e+00
  0.00000e+00  0.00000e+00  0.00000e+00  0.00000e+00  0.00000e+00  0.00000e+00
  0.00000e+00  0.00000e+00  0.00000e+00  0.00000e+00  0.00000e+00  0.00000e+00
  0.00000e+00  0.00000e+00  0.00000e+00  0.00000e+00  0.00000e+00  0.00000e+00
  0.00000e+00  0.00000e+00  0.00000e+00  0.00000e+00  0.00000e+00  0.00000e+00
  0.00000e+00  0.00000e+00  0.00000e+00  0.00000e+00  0.00000e+00  0.00000e+00
  0.00000e+00  0.00000e+00  0.00000e+00  0.00000e+00  0.00000e+00  0.00000e+00
  0.00000e+00  0.00000e+00  0.00000e+00  0.00000e+00  0.00000e+00  0.00000e+00
  0.00000e+00  0.00000e+00  0.00000e+00  0.00000e+00  0.00000e+00  0.00000e+00
  0.00000e+00  0.00000e+00  0.00000e+00  0.00000e+00  0.00000e+00  0.00000e+00
  0.00000e+00  0.00000e+00  0.00000e+00  0.00000e+00  0.00000e+00  0.00000e+00
  0.00000e+00  0.00000e+00  0.00000e+00  0.00000e+00  0.00000e+00  0.00000e+00
